 120000001     0.860854542233761     0.685894733352343     0.230485590390767
 120000002     0.661649544941565    -0.012907601000135     0.579173799762712
 120000003     0.632694742415866     0.702330074963805     0.359967506315646
 120000004     1.017824403235021     0.499077141036190     1.012143882325582
 120000005     0.562647664579677     0.689904461018738     0.523779184837698
 120000006     0.269005361229633     0.201478916245844    -0.125754629940944
 120000007     0.973844585468405     0.330827591487182     1.139809543817956
 120000008     0.247507630017640     0.128041987298001     0.518495109115801
 120000009     0.961380667597970     0.323741822753173     0.140462170937833
 120000010     0.556227817590341     0.719501566528536     0.989785529345463
 120000011     0.832255149694326     0.760100955196344     0.507045645982565
 120000012     0.634733855887188     0.417668671959817     0.112934473295411
 120000013     0.027836252656113     0.675289650812702     1.257874030049168
 120000014     0.443064976852429     0.183480702555930     0.919239680479093
 120000015     0.845029673083985     0.240060573688352     0.492784001208771
 120000016     0.785401796855379     0.544593075261620     0.183705622641115
 120000017     0.618369923138866     0.306121755613889     0.557211101468060
 120000018     0.818604936326683     1.045072620934789     0.289528757881152
 120000019     0.909985846354406     0.367321367707885     0.522179385896935
 120000020     0.471143398589253    -0.026583905595952    -0.284848422094707
 120000021     0.836957349385435     0.247985551187690    -0.167147839740706
 120000022     0.962919722225617     0.534623266336058     1.069097062099737
 120000023     0.638330381612563     0.471118539162414     0.134685909706961
 120000024     0.589581461563823     0.763666706039583     0.084297225263544
 120000025    -0.040422275009542     0.121786908115731     0.874306919791317
 120000026     0.171711176762367     0.021191047393554     0.934378440072278
 120000027     0.850431744579536     0.732306749020615     1.248970771169455
 120000028     0.883831885562018     0.218831336303892     0.412644350302842
 120000029     0.091039464410983    -0.123539342783278     0.238332342373674
 120000030     1.050653716895493    -0.109840307375366     1.180985378793229
 120000031     0.718993592568991     0.156284057843728     0.354250462710499
 120000032     0.723910908541607     1.134924899523651    -0.030376139704813
 120000033     1.081747636175751    -0.105446739586695     0.923099257192733
 120000034     0.251265658902418    -0.016221895113227     0.557980681293567
 120000035     0.911181736409812     1.147290196582791     0.592392571809923
 120000036     0.993344284419567     0.494010485495837     1.049567565019610
 120000037     0.884494236918885     0.900854031877036     0.351366399396393
 120000038     1.054714253049842     0.844207058148004     0.077778669740542
 120000039     0.397751007983492     0.147614714618477    -0.099119943651733
 120000040     0.180261109054509     0.204124438862388     0.624500929616261
 120000041     0.782558250228407     0.360956107672271     1.135375138136727
 120000042     0.068111471794443    -0.093798320942627     0.209500754490732
 120000043     0.591059691054388     0.711202016858820     0.937852484282289
 120000044     0.889436741321468     0.041593938879604     0.552857813805067
 120000045     0.842740973313123     0.378815455526195     0.981554553839609
 120000046     0.980092039074988     0.541449305078482     1.028427151853554
 120000047     1.065869820839622     0.397862995893319     0.710201360597093
 120000048     0.051804922915915    -0.099907824731119     0.254629148132685
 120000049     0.890742205002996     0.604539710463129     1.005427877330698
 120000050     0.076495919022994    -0.095112736068507     0.247607079459645
 120000051     0.248522140819210     0.073982707441066     0.988226723114914
 120000052     0.289390839968226    -0.047566123788216     0.515503116532317
 120000053     0.993368054081232     0.574290735169342     1.034324264638323
 120000054     0.572004793197918     0.423630549028759     0.912941256418463
 120000055     0.467341136161065     0.833050396836816    -0.158344346160938
 120000056     0.706903600081291     0.214863124436679     1.257135044416212
 120000057     0.734866784828707     0.246278620919409     0.213630858361195
 120000058     0.679774038540175     0.212145285114887     0.505047664139726
 120000059     0.775436426178621    -0.060245070262061     0.589692322377186
 120000060     0.811155482245824     1.075214428257744     0.435124288309295
 120000061     0.811105637499919     0.393640418924733     0.367040555017063
 120000062     0.562568458214579     0.757473815064468     0.915096131099907
 120000063     0.738301888271182     0.902468145508544     1.072313287239604
 120000064     0.064763484837352    -0.076418858092194     0.221857066915759
 120000065     0.899347328744639     1.060537922389588     0.714330337847201
 120000066     0.824420583141800     0.685665726696283    -0.210520508558798
 120000067     0.078575912479423     0.482513570916844     0.391482521925727
 120000068     0.807831644906962     0.325311025441559     0.746056650075829
 120000069     0.281654870262786     0.160909048826822     0.923920348654953
 120000070     0.964583969559105     0.481548410083297     1.053802777920528
 120000071     0.567848543559302     0.862542266867466     0.557101600235690
 120000072     0.165790774044089     0.647234886403309     0.807346983837467
 120000073     0.337545679407125     0.104678569719501    -0.120123862834385
 120000074     0.919826797712963     1.144736427137153    -0.112107479519882
 120000075     0.951771185579434     0.731596123230401     0.814658737676466
 120000076     0.815842115965811     1.098761384061354     0.660822952604289
 120000077     1.031863577497214     0.949658397705406     0.012079952301206
 120000078     0.430237019265316     0.073564114111496     0.985551374103179
 120000079     0.701393868937188     0.738987406755141     0.075505097511620
 120000080     1.013464220899522     0.310831208077643     0.835840530339207
 120000081     0.756943929263463     0.766972394176639     0.468343824610800
 120000082     1.063630256083568     0.783174713904062     1.111364283371605
 120000083     1.004797541809967     0.387771117040599     0.987560228529510
 120000084     0.014059725635317     0.585560493047274    -0.123178787294672
 120000085     0.395948930731408     0.301068740110404     1.007790067134694
 120000086     1.093804979493344     1.111709818750860     0.969950754134741
 120000087     1.041739558623974     1.049871121347943     0.953866949980282
 120000088     0.127911044013255     0.664489248146406     0.754364188162695
 120000089     0.166925812610812     0.650575421265022     0.791406127463035
 120000090    -0.082024848069990     0.457530389670371     0.020093173433623
 120000091     0.337174436304562     1.016033191716318     0.627072393333247
 120000092     0.913002608930938     0.069910165184671     0.715597394755965
 120000093     0.125186901410231     0.666785375909854     0.799804067682373
 120000094     0.628348554184676     0.744759121284391     0.445199359731219
 120000095     0.066470361531062    -0.085722643556992     0.256735295583271
 120000096     0.338326509164722     0.042125545903048     0.445003177779887
 120000097     0.880607069414299     0.305836993201131     0.547680130261038
 120000098     0.341801648050161     0.136965897377823    -0.029883633361123
 120000099     0.014536322713057     0.708990107029957     0.173643133841176
 120000100     0.334651954640031     0.252435971665797     1.219808742049836
 120000101     0.822240972839383     0.684999509944552     0.487734741005310
 120000102     0.745526885251148     0.350897551600657     0.362942319669219
 120000103     0.311628967374289     0.802309809450837    -0.077781737273327
 120000104     0.068613681952960    -0.112152134141746     0.222415021812599
 120000105     0.341564780730596     0.106060302403787     0.465213612971465
 120000106     0.946863247954769     0.650042175165317     0.720633518564813
 120000107     0.614438115912034     0.677273362089959     0.926164374442691
 120000108     1.076784933298014     0.822314510175108     0.214084639781968
 120000109     0.347987414432212     0.375938394422532     1.273816263230330
 120000110     0.209842988904597     0.562036658618161     0.319335888950035
 120000111     1.091884099557666     0.227037999836832     0.362462864143339
 120000112     0.474968405242123     0.052174707887476     0.981209751657480
 120000113     0.704856407549829     0.717075636893507     0.103995690624551
 120000114     0.915365192768537     1.064955161612820     0.460375162664299
 120000115     0.166041156618351     0.360343365188781     0.338253723794567
 120000116     0.311404616776643    -0.063480118358870     0.630246972371692
 120000117     0.369122133741458     0.402846228101464     1.126509913821448
 120000118     0.581794058026837     0.526877930657757     0.597895584307837
 120000119     0.087118834459778    -0.041652579915305     0.520929619224439
 120000120     0.729511487897297     0.226192151027124     0.955779407305036
 120000121     0.789667230687885     1.073532759774726     0.109275498117236
 120000122     0.768788820814743     0.422778263922162     0.291676388652514
 120000123     0.637931039071013     1.109999886761687     0.719964359304015
 120000124     0.374948251897963    -0.122189206417530     0.603289595187608
 120000125     0.116183402999473     0.660833869885038     0.801478803576150
 120000126     0.152611898334087     0.038652066666345     0.172234984013115
 120000127     0.095700331535178     0.654973746437612     0.791899064667580
 120000128     0.970378962105663     0.553320491349608     1.057052088573494
 120000129     0.963426451749318     0.532455420982170     1.053412439494830
 120000130     0.020850649972215     0.913544332731801     0.712144411189294
 120000131     0.098238245758622     0.432828093828052     0.117649206091124
 120000132     0.594008799303376     0.353027630652481     0.434709103210412
 120000133     0.616710567910116     0.410923557666512     0.108840390797937
 120000134     0.455234719036068     0.134811170747316     0.545688294021680
 120000135     1.065120574527848     0.013749551199124    -0.126062074790926
 120000136    -0.071025697453646     0.429113083820756     1.031908801768662
 120000137     0.159709088291272     0.676114312771112     0.778714191820985
 120000138     0.361282156378864     0.755274368619711     0.325010361052274
 120000139     0.508614917585657     0.011206548631720     0.397388017050343
 120000140     0.803086293480410     0.600715111807330     0.466930139766392
 120000141     1.030235658534111     0.602393273522139     0.739389111574099
 120000142     0.626447752064178     0.689072895940456     0.941214516111938
 120000143     0.837860044689965     0.404659408382937     0.188909328590299
 120000144     1.032625996209086     0.747907194508094     0.764789938558996
 120000145     0.826661946450074     1.135777757888777     0.812090740992817
 120000146     0.956563866890887     1.000881571631649     0.272680572156009
 120000147     0.158020819355286     0.649889510987135     0.819612043117760
 120000148     0.799107413573547     0.797739643897551    -0.105321821202775
 120000149     0.531426686755104     0.720013349409029     0.388265945162621
 120000150     0.294241374275057     0.162256475901990     0.012024702241459
 120000151     0.796171671385530     1.015271781064614     0.524893652085071
 120000152     0.288779853433784    -0.111350837082951     0.852290781194579
 120000153     0.421110324828473     1.062513006099359     0.689541046133014
 120000154     0.312370307918467    -0.042650046185879     0.691156537721798
 120000155     0.795917198962032     0.459373306733131     0.432623781344439
 120000156     0.421658782282711     0.089733886087637     0.698073935981059
 120000157     0.307104897203501     0.796488262333858     0.287863066213087
 120000158     0.344569298657265     0.176572678498546     0.884119737516165
 120000159     0.154862039662409     0.695907625343774     0.785041173581846
 120000160     1.053444267086586     1.091749824520215    -0.148659389579756
 120000161     0.257855845730424     0.644230732455596    -0.140239303451315
 120000162     0.508532248903273     0.364647216948057     0.963457020338114
 120000163     0.379609157070820     0.553686536046368     0.937310346644730
 120000164     0.742570958050076     0.730941509293021     0.631899222423927
 120000165     0.649982057436572     0.742385329185792     0.768079099216087
 120000166     0.084100664948371     0.548368931746837    -0.272934047347199
 120000167     0.339206509527713     0.982970338981032    -0.170248603707675
 120000168     0.513992974696731     0.547017556382021     0.446523603899606
 120000169     0.977883043550661     0.980357579760800    -0.030204592890337
 120000170     0.578678887099063     0.489899018486495     0.543737207008145
 120000171     0.939051650439312     0.138470348090177     1.250750268304826
 120000172     0.849598948271589     0.621986543721834     1.021036274737286
 120000173     0.772105732052881     0.241034756494983     0.314778397207504
 120000174     0.411031835386844     1.047265413421828     0.862884969973392
 120000175     0.500690813303173     0.790350877585555     0.193422393144739
 120000176     0.486080093655895    -0.103662406508153     0.077449991620158
 120000177     0.070464219400100    -0.110409326863289     0.225982055922024
 120000178     0.614315744705790     1.145806475295416     0.597948052320584
 120000179     0.539650558504907     0.736752979630239     0.902396196554888
 120000180     0.315349596199430     1.188820927309407     0.825308101629227
 120000181     0.948431741952257     0.200469109717375     0.659762854436164
 120000182     0.843883518646870     0.458404741913336     1.010407306705368
 120000183     0.800798385694868     0.909436743952166     0.715453132261721
 120000184     0.143563865263467     0.668940547994576     0.772000144702687
 120000185     0.902054521545975     0.611904195618541     0.842014884445050
 120000186     0.262918243579673     0.020392917185032     0.963113412188636
 120000187     0.148357579753384    -0.059960374465598     1.280330679432313
 120000188     0.102665916882553     0.621069513045677     0.785758540863718
 120000189     0.401049742513599     0.093170217982698     1.232535019231999
 120000190     0.058638420560068    -0.103171273107461     0.218117772315230
 120000191     0.738730482552409     0.347366536147969     0.365726033417190
 120000192     0.924193266811904     0.280708803936474     0.407446810298569
 120000193     0.250447887352850    -0.142785872618300     0.644263687176894
 120000194     0.921899635781262     0.528464553062876     1.088803249508717
 120000195     0.836472751303913    -0.007911718642503     0.423176743248367
 120000196     0.077088229196433    -0.074204113185156     0.254544558706689
 120000197     0.452844001380034     0.532886703136280     0.739508772632265
 120000198     0.852712402054377     0.661741473539817     0.928537166658544
 120000199     0.407013102696744     0.755889729189860     0.056632656821743
 120000200     0.053022911143130     0.760121505382229     0.411006919991841
 120000201     0.736757382942336     0.307248022920205     0.445222537773673
 120000202     0.138841607551122     0.048527284490227     0.700005535591403
 120000203     0.410466572437818     0.021117076172601     1.000715211388412
 120000204     0.932489419853450     0.543106898798303     1.019869944144421
 120000205     0.869794061580850    -0.068257885894165     0.723793321548568
 120000206     0.409862465220760    -0.178193685442022     0.534329226104038
 120000207     0.330843964811697     0.126558346709935    -0.034693080155741
 120000208     0.151346070350210     0.143397794677062     0.489386891173001
 120000209     0.642296725399809     0.165311577966517     0.501227082978221
 120000210     0.083238782890215    -0.091906802268887     0.243343252988027
 120000211     0.725951644203656     0.637669678996048     0.839890795260874
 120000212     0.548217467511435     0.987747007153773     0.517573716306523
 120000213     0.001094252965855     0.825627936200879     0.672128546732738
 120000214     0.305166597180591     0.231911899146647    -0.032313827085948
 120000215     0.299294299464597     0.725573390678182     0.654297088915134
 120000216     0.900366472242613     0.069502673979333    -0.076860088110768
 120000217     0.125008640877652     0.652311351707544     0.800461012754262
 120000218     0.236052748279512     0.168747566940001     0.488166691197985
 120000219     0.150474651059551     0.329338829318200     1.298445271406541
 120000220     0.594198035002205     0.683753592161518     0.958296814339025
 120000221     0.460775947223230     0.070081858405301     1.077757208577710
 120000222     0.177304456161573     0.994279978363982     0.051444193486810
 120000223     0.425621225708977     0.379447230143342     1.175367052825439
 120000224     0.675742004124065     0.282606419872708     1.245168754234362
 120000225     0.080258777642576    -0.088607984487700     0.248996817760748
 120000226     0.377483443862918     0.585229865925934     0.769648554799595
 120000227     0.749454246653232    -0.052656704863627     0.184446151542952
 120000228     0.731804014781045     0.548493582747584     0.607178252089637
 120000229     0.685046794721903     0.137020852741194     0.948303443278934
 120000230     0.938733503133878     1.100634591732260    -0.146655521616742
 120000231     0.395736209800050     0.185157614548836    -0.087225754296122
 120000232     0.184389438138217     0.002130392749039    -0.245227949787348
 120000233     0.024559178088935     0.946191744958595     0.227016369585824
 120000234     0.164444722538275     0.676081482632184     0.797223388429111
 120000235     0.016829247154179     0.103773719295623     1.240626747323821
 120000236     0.881954831516231     0.821422976977869     1.180087102073242
 120000237     0.229841268548812     0.020073882153399    -0.075079436902992
 120000238     0.416346122081289     0.071047910533996     0.918546040227293
 120000239     0.630191133187820     0.992129493358404     0.012750563471629
 120000240     0.651806526158796    -0.184262525520574     0.622335338328268
 120000241     0.241237314570411     0.660193888392698    -0.255624330734998
 120000242     0.432537002021827     0.809447903025287     0.105769836509182
 120000243     0.629234467963465     0.694200804576519     0.819611447959636
 120000244     0.672569445777244     0.321128960927548     1.170255401759421
 120000245     0.297508639111867     0.113440107650302     0.666746284131380
 120000246     0.429421944464219     0.770702953990886     0.197822810638188
 120000247     0.350451957092306     0.093683262124952     0.569541746726071
 120000248     0.956030470566714     0.547587737166829     1.045967420235209
 120000249     1.024493562252532     1.071870324529945     0.196308375979355
 120000250     0.094416935175875     0.479658896585470     1.233093709484418
 120000251     0.717569616629489     0.327882855619951     0.444132147574899
 120000252     0.301234290111680     0.338097631814107     0.439139071898066
 120000253     0.656773502499654     0.433345741456902    -0.209231110704694
 120000254     0.365061511047299     0.177794508480053     0.935859377082972
 120000255     0.109685539028164     1.031805205114822    -0.154022054498023
 120000256     0.465189992700543     0.678706448848963     0.241050533707744
 120000257     0.615163977816435     0.764762263694600     1.005899112421296
 120000258     0.582641670909093     0.684444892480994     0.935568019259992
 120000259     0.388441118060230    -0.005105109615490     1.059468476327376
 120000260     0.700233643201541     0.698232209821438     0.550969021825381
 120000261     0.382400119417130     0.202657408707113     0.995101400539146
 120000262     0.517083540066104    -0.070807774310139    -0.036150570432611
 120000263     0.522371342063775     0.672254052260353     0.999266917275536
 120000264     0.266915316715464     0.701706940972438     0.464077347303065
 120000265     0.008417086291680     0.440499290749367     0.491509888879657
 120000266     1.011000623633335     0.680459803404155     0.555018595054263
 120000267     0.972259812031990     1.159526406300800     1.094558393289227
 120000268     0.055440194394593    -0.094833866131674     0.261550574500908
 120000269     0.637523251580578     0.751635626794994     0.229725543638286
 120000270     0.120135229844723    -0.157555945311020     1.012407441905106
 120000271     0.305681508275129     0.246346821947304    -0.013846103143526
 120000272     0.813166903091838     0.422126792915264     0.269583414395536
 120000273     1.025318885450306     0.150140768896693    -0.280865721997574
 120000274     0.869415216271345    -0.012221252420335     0.875810227199985
 120000275     0.318399168152059     0.107579379866064    -0.110759146066913
 120000276     0.277121751082697     0.387387927497289     1.186856580744643
 120000277     0.633245186384895     0.454650820082573     0.385010726862681
 120000278     0.412686631451026     0.141621575506074     0.987562218241753
 120000279     0.125825315603700     0.623207435542507     0.797348363759479
 120000280     0.404951055245086     0.619985626635530     0.574312396348605
 120000281     0.102085750649678     0.008508369819905     0.534543964591170
 120000282     0.224536362404724    -0.146662250152645     0.812137495973478
 120000283     0.712134236648444     0.905715290058491     0.582814279124681
 120000284     0.710951710193421    -0.102363024518343     0.635113642740078
 120000285     0.717158093075830     0.033793039122012     0.818356075698281
 120000286     0.719109799383437     0.160980012153906     0.512583270598372
 120000287     0.938802937147179     0.552930375388670     0.961860975591271
 120000288     0.063544586684896    -0.184081708274463     0.315448193204225
 120000289     0.986917679459909     0.599904265860566     1.051986300962629
 120000290     1.089664293170982     0.682424935903058     0.917760715239863
 120000291     1.006375742132833     1.100070327400158     0.275194848805996
 120000292     0.623903928115965     0.584268527324156     0.679931978033371
 120000293     0.675447688055162    -0.034590743217927     0.669717621314883
 120000294     0.502788202526771     1.023270883859398     0.916945923626364
 120000295     0.797596786691458     0.244164331251448     0.581283730280589
 120000296     0.116076554447080     0.199338502293571    -0.093103531594663
 120000297     0.582018348443414     0.729880629645673     0.217891954362675
 120000298     0.141706871297200     0.647398964304456     0.781118980215846
 120000299     1.080871608258775     0.597410471509994     0.950523782120305
 120000300     0.008294290626615    -0.006835029227391     0.895071279911382
 120000301     0.671683724709342    -0.129608537771932     0.697254808856813
 120000302     0.902171384007531    -0.124915393194271    -0.023536183498714
 120000303     0.153819598493803     0.658042826539214     0.762523784195949
 120000304     0.592900396173551     0.418934353455310     0.477700447350956
 120000305     0.712210576843346     0.457481261131646     0.864335629178753
 120000306     0.057586066793236     1.076040196633448     1.100198290559466
 120000307     0.921769177514042     0.163698609433922     0.470107298011531
 120000308     0.441550878893637    -0.072712899109565     0.851177969161822
 120000309     1.074700575618351     0.911771159034088     0.285695492475595
 120000310     0.567205181223912     0.413654722525278     1.170141026028627
 120000311     0.684904249369806    -0.170587670681330     0.514150914058148
 120000312     0.086840167203709     0.393094573791002     0.800836228678609
 120000313     0.368555948656710     0.075576743235063     0.636774656485749
 120000314    -0.025440233933482     0.417318712830835     0.958262425519082
 120000315     0.452082678109186     0.535719378001822     1.261226186076321
 120000316     0.156314628007003     0.682084189584372     0.804493428898148
 120000317     0.936374606401492     0.353465459684813     0.277913539138771
 120000318     0.448666232414413    -0.050339674414580     0.612536151311073
 120000319     0.055363010924628    -0.070852979594653     0.254506975056214
 120000320    -0.016881483423178     0.220071917604964     0.533560542276622
 120000321     0.303490356177938    -0.045623271990478     0.480016421450359
 120000322     0.412759951595315     0.141073217642231     0.909261853681905
 120000323     0.290016010685358     0.411837780355926     0.023114216010835
 120000324     0.942446301378760     0.244334948703121     0.431758922596431
 120000325     1.007832515312120     0.913687653263358     0.664197731271871
 120000326     0.392681767255888     0.166777549567288     1.123129741157843
 120000327     0.775055852589998     1.051174169534936     0.538411824050284
 120000328     0.562534237894678     0.740759553231635     0.912005646969109
 120000329     0.441564369205408     0.148801773219569     0.140341927422826
 120000330     0.888525625647950     0.272863179803917     0.330707106419711
 120000331     0.281483031728012    -0.106522500003497     0.679184412890906
 120000332     0.141976531064971     0.656434721206831     0.802770117318461
 120000333     0.816020651204510     0.733276630210157     0.072707152079414
 120000334     0.211523730455054     0.147990756166218     1.154244096974274
 120000335     0.815582781051245     0.948829420292370    -0.249156189414116
 120000336     0.571499638955812    -0.070791965112725     0.366297493095767
 120000337     0.354438658672380     0.100391276883749    -0.055823655530636
 120000338     1.028304948582153     0.715069019309918     1.101336317850589
 120000339     0.567702595949592     0.661596810715197     0.925115085785967
 120000340     0.378997339715520     0.567656560619651     0.049881731936420
 120000341     0.151800368829667     0.648157520996039     0.796296393702286
 120000342     0.985885799580808     0.704405690063023     0.770837561314596
 120000343     0.458398502669563     0.101647637028137     0.957383233811918
 120000344     0.401157253972303    -0.002126325633825     0.578867760367957
 120000345     0.684884446361118     0.089479910629963     0.596136236769014
 120000346     0.063518087588670    -0.100755519186819     0.317115399635847
 120000347     0.096426081595496    -0.085241235668634     0.222267290785328
 120000348    -0.014752160044082     0.225147209253856     0.306733311496475
 120000349     0.174967030868425     0.129917913197885     1.289985246022264
 120000350     0.588923457842273     0.731721749915504     0.978578335561780
 120000351     0.716997792167635     0.661395294504120     0.680521331130746
 120000352     0.093740194879734     0.644583105784227     0.805880639677403
 120000353     0.324420515902019     0.153901059893815    -0.046269272626862
 120000354     0.065568658483562    -0.103505082885844     0.235085900399070
 120000355     0.425965809455856     0.307177501857334     1.179538170235245
 120000356     0.569466132825928     0.634848428481816     1.231266442195780
 120000357     0.624553172423914     0.723748627616407     0.957556723969223
 120000358     0.541293552678417     0.210841639840240     0.639134930394138
 120000359     0.055117604503871    -0.095671803686971     0.258021387505541
 120000360     0.112741328599317     0.092817046197711     0.750871117856441
 120000361     0.167154621015464     0.036054491241082     0.985325444390971
 120000362     0.936591272361453     0.779627162521299     0.887420538186238
 120000363     0.555644755439167     0.913513886665717    -0.018791265964388
 120000364     0.995220911765472     0.550684111220886     1.098146359936855
 120000365     0.750054744123688     0.911878466284633     0.045849841977238
 120000366     0.743349898859553     0.551566481725110     0.146695324604901
 120000367     0.053197903619909    -0.083946237151006     0.267049058662618
 120000368     0.412960132284262    -0.003687922278150     1.130157598042709
 120000369     0.915440932604687     0.500848276004372     0.812504865437946
 120000370    -0.049193570112979     0.550661190130675     1.100036330117026
 120000371     0.114353552679750     0.649817582863964     0.824052123125041
 120000372     0.053037099222865    -0.097985829632304     0.258963039901185
 120000373     0.760192414070019     0.392518703637114     0.531339002315282
 120000374     0.100256244147793    -0.100814729368998     0.223023221901735
 120000375     0.057116170051204    -0.075354536298460     0.234923330125495
 120000376     0.847052760252636     0.635136029910473     0.188541935627353
 120000377    -0.045606493844540     0.011072377837057     1.071131118698827
 120000378     0.716304807805930     0.371100184796989     0.812100970932546
 120000379     0.840862483931766     0.966701065069817     0.484734126380902
 120000380     0.577024687756395     0.530905749033514     0.883715604569075
 120000381     0.152163143412711     0.631874879749705     0.776658820499851
 120000382     0.549791619766859     0.734957949400510     0.978069047462554
 120000383     0.704258682666182    -0.010738890642992     0.985508943061764
 120000384     0.253268922572206     0.194194042168666     1.029889351562720
 120000385     0.319222053029642     0.419886252180961     0.835942232900459
 120000386     0.427261222975944     0.940984893580310     0.410700981971169
 120000387     1.028353345285165     0.946917280126834     0.074212334548235
 120000388     0.591736516428521     0.713983230125383     0.918213751967487
 120000389     0.377596024214604     0.210279350116455    -0.036700092888240
 120000390     0.252744265511360     0.062074014023830     0.649723849357440
 120000391     0.139362984852499     1.164117510988623     0.312805816035388
 120000392     0.527032193644625     0.967357493347914    -0.019587098623586
 120000393     0.933588984701456     0.478921631274823     0.484167833341843
 120000394     0.437620485243147     0.022735972386679     0.473015481530865
 120000395     0.140192054769334     0.647596940288511     0.794932374017159
 120000396     0.794784406351903     0.186705945377931     0.983493962336449
 120000397     0.326176547417686    -0.074557576738643     0.509199351062106
 120000398     0.449071876560680    -0.170855091979966     0.513435081483601
 120000399    -0.010993436005374     0.869954778780010     1.255866866704812
 120000400     1.011038421974527     0.861304645368277     0.448175563392663
 120000401     0.602196425585097     0.561357852196456    -0.287036470534631
 120000402     0.082031839769082     1.135713680803186     0.646335484073997
 120000403     0.592296962442778     0.987225294387121     0.428409510593276
 120000404     0.641162215142435     0.405430788711207     0.549626654973719
 120000405     0.244091982951791     0.201725186784900     0.662174475736743
 120000406     0.828774822915574     0.710819150751300     0.957437978165753
 120000407     0.181739769955155     0.954096073556273     0.413586952035686
 120000408     0.926776675368460     0.283804191474571     0.486280472458287
 120000409     0.864392404806794     0.948187466506869     0.243683141566161
 120000410     0.680078126374705     0.329744868911044     0.250931416521088
 120000411     0.867250738519898     0.660620188937754    -0.136688525423466
 120000412     1.052908694994834     0.270869031711491     0.381761526112333
 120000413     0.393846982375303     0.026348660215712     0.515236795745727
 120000414     0.173673428888787    -0.084369567832236     0.906038470887810
 120000415     0.467088891545009     1.140977838308369     0.953999150558983
 120000416     0.199825372194925     1.022227929685672     0.278375834988586
 120000417     0.301680670398802     0.090070635113808     1.254586000546697
 120000418     0.937275168142036     0.575084835712133     0.748785804646571
 120000419     0.573429849539645     0.702554382389329     0.950490643838182
 120000420     0.559567168199650     0.670592361173626     0.343616379784237
 120000421     0.960990319541826     0.526618157508255     0.545486720741055
 120000422     1.060388253416727     0.692023966953544     0.610592577283050
 120000423     1.057615766809659     1.025279975748834    -0.017364455223876
 120000424     0.340391710911911     0.947179620443657     1.274377589434311
 120000425     0.961586005843267     0.568214643985167     1.035331229784749
 120000426     0.573109447210285     0.315107262210285     0.975552234322449
 120000427     0.344606502766674     1.111743408272442     0.327891942147653
 120000428     0.375228452087167     0.002403782872438     0.513620212717809
 120000429     0.108528650987039     1.004119558188642     0.759544675044418
 120000430     0.483299434125708     0.532358254734761     0.417329710214869
 120000431     0.429107619736459     0.113584488049966     1.071698140693177
 120000432     0.073053339621649    -0.098894488028365     0.242505433409547
 120000433     0.061641349389038    -0.096538046446630     0.264289508786803
 120000434     0.623412080464912     0.204563534043065     0.200438643019695
 120000435    -0.007966644027462     0.435562921587380     0.925215584555545
 120000436     0.915717505283957     0.982621050112008     0.631570860218568
 120000437     0.658374326401356     0.774862322893454     0.572295523398550
 120000438     0.408662389070576     0.257532661569760     0.815494053665362
 120000439     0.092824885367674     0.640114980151603     0.817651510469838
 120000440     0.694081135300180     0.085306315953539     0.971262565320397
 120000441     0.609424999774786     0.700692858617992     0.971614405515689
 120000442     0.785617849028742     0.497055846649242     0.841685613113021
 120000443     1.026372253639192     0.468520929999069     1.145802924804597
 120000444     0.560293405054675     0.693326812976377     0.976512972185239
 120000445     0.534532722510479    -0.051332435979503     0.581795039246777
 120000446     0.476317265356289     0.969012087713763     0.777086463271311
 120000447    -0.073973319750316     0.674520848475026     0.169499515093212
 120000448     0.127757763299088     0.638815844885512     0.748445165444483
 120000449     0.948575947839550     0.879490847445283     0.178375844973134
 120000450     0.989724365848918     1.160863827009663     1.233343225016664
 120000451     0.102347771052609    -0.116451334356959     0.245923067461817
 120000452     0.672825870365144     0.006115226836508     0.269011828179442
 120000453     1.072685107755029    -0.186733254249337     0.680597861576622
 120000454     0.250739297182872     1.143743295133699     1.000490701004345
 120000455     0.754853223492989     0.532113176259306     1.233922685805132
 120000456     0.281715471984919     0.005430991934625     0.584330774732933
 120000457     0.015500935960239     0.477746181365744     0.886802000722512
 120000458     0.972579175945758     0.511078548495287     0.879688505270935
 120000459     0.220176314903399     0.459433672309194     0.407974316717565
 120000460     0.603642113348403     0.818161946712458     1.177981012573075
 120000461     0.767888934478959     0.877797663517130    -0.192103776186733
 120000462     0.148671529736509     0.618055292588744     0.804056729148636
 120000463     0.034405636843425    -0.126502644706158     0.269196120780838
 120000464     0.262251493737975     0.597175738738566     1.155763498036765
 120000465     0.556748954082717     0.469739201334269     0.926944986554193
 120000466     0.583261840264743     0.410817014829225     0.293032196104436
 120000467     0.132799313564133     0.662047594335556     0.799015194374364
 120000468     0.467520790779761     0.550971820176090     0.257990101097418
 120000469     0.276935561417147     0.048867380582200     1.040591235581067
 120000470     1.033294259768007    -0.169534918317945     0.232015970352225
 120000471     0.982294274369181     0.932469199112170    -0.028949670046410
 120000472     0.599356959723909     0.667472288059338     0.963699353223785
 120000473     0.397498849877910     0.962755322779117     1.141678498377772
 120000474     0.964585608675371     0.718424398526361     0.070903800582577
 120000475     0.755347957743773     0.860412898987861     0.414185601238504
 120000476     0.381777499674368     0.186685143714144    -0.083294627792297
 120000477     0.084273560584189    -0.089519789065488     0.233300207119467
 120000478     0.946378683338632     0.331263268283261     0.191645242646007
 120000479     1.086549682865344     0.968838081101907     0.655191266409366
 120000480     0.638406280833779     0.714203133422639     0.978478908826654
 120000481     0.306288009674203     0.115902814670026     0.584094968400888
 120000482     0.762593703744713    -0.077212675334639     1.127295101520652
 120000483     0.865342770458702     0.925057546272481     0.261838457468159
 120000484     0.159752546863332     0.151842989035126     0.552747156632251
 120000485     0.774672633302314     0.487145229636270     0.774242699163712
 120000486     0.478210235960253     0.677281708165040     0.541398270722264
 120000487     0.830059722540824     0.199425498523577     0.446918844354308
 120000488    -0.029282883536377     0.610696910990706    -0.154049197597997
 120000489     0.349789300766515     0.034040462737164     0.531402114951338
 120000490     0.899045571285792     0.619525586022305     0.504087936489130
 120000491     0.590194093815719     0.123415805599438     0.609923662254834
 120000492     0.153466204760886     0.669472702450164     0.784074411668194
 120000493     0.729397365275872     0.969432426340451     0.151950473976384
 120000494     0.279413081866374     0.563000346384870     0.399090805257484
 120000495     0.696644137571504     0.463380318902603     1.003114936957098
 120000496     0.258067650406215     0.652144300350686     0.741368357634300
 120000497     0.370114336304681     0.065480832966784    -0.047568121718912
 120000498     1.051141942076787    -0.048245149271874     0.092498261444536
 120000499     0.669370223240680     1.056870789752219     0.215839088669996
 120000500     0.303154264885608     0.158166709125642     1.089301791868554
 120000501     0.057109134698713     0.641408708077360     0.417274690345840
 120000502     0.497676870584143     0.747754722690097     0.351971855130281
 120000503     0.761583656982842     0.240617253293596     0.230398573575527
 120000504     0.083148538043908     0.808160219988823     0.365047241993618
 120000505     0.179745916252198     0.311996605693302     0.219422705775381
 120000506     0.687485763474451     0.217237887927078     0.889372569010175
 120000507     0.879680921863008     1.132482533226360     0.238922614846470
 120000508     0.442605658459420    -0.042672567640894     0.573664844215052
 120000509     0.054861672128391    -0.109930777461769     0.232770240106747
 120000510     0.602714220759455     0.724281776637341     0.928167216317794
 120000511     0.591423752937772     0.840145008424725    -0.248962445435725
 120000512     1.009361259721716     0.515077289684858     0.392257672119648
 120000513     0.585725768660466     0.673196092223286     0.884347569020023
 120000514     0.747368626916224    -0.096308053544345     0.817092883133972
 120000515     0.964751335665964     0.020090891391551     1.024686720507411
 120000516     0.941722869321703     0.958488322227229     0.071838290369717
 120000517     0.849113180806554     0.161379860092586     0.516363111027044
 120000518     0.072920132499598     0.149190854774786     1.238523834520682
 120000519     0.213569357952396     0.384601692450329     0.902905283363163
 120000520     1.036708898121325     0.773847452850188     0.472211061010222
 120000521     0.832707386640170     0.445144270481077     0.358692066999476
 120000522     1.029368954273333     0.208934542965718     0.836819361994660
 120000523     1.070643941675795     0.450435782073623    -0.071318240661907
 120000524     0.273953705081041     0.242510331098591     1.228338337942099
 120000525     0.784000456335583    -0.084716864562215    -0.239583912942924
 120000526     0.655779548824307     0.360099543280645     0.962836942819500
 120000527     0.107950867691232     0.646865340288998     0.627179065999066
 120000528     0.062883253476978     1.052451331657806     0.454368570471695
 120000529     0.429093300080009     0.863400635776221    -0.102100858075812
 120000530     0.551633915388661     0.731634399115203     0.947964492513258
 120000531     0.623779075441277     0.393343457648694     0.836248437294947
 120000532     0.434284964354060     0.540526616645991     0.507173409008245
 120000533     0.064554673434154     1.082366639841180     0.548298600861898
 120000534     1.014505711616526     1.163577494831915     0.128497483481650
 120000535     0.375534775342172    -0.066995244346843     0.565084468801188
 120000536     0.044000914555068    -0.119119976133585     0.211734341673910
 120000537     0.587070715908726     0.580066364325890     0.948763979096404
 120000538     0.708451542364632     0.228484559450989     0.158964321538126
 120000539     0.878837619150134     0.099242407946121     0.498908307587817
 120000540     0.705764088285477     0.746240531767660     0.677065266759972
 120000541     0.667613927845964     1.166287503110519     0.142804942328654
 120000542     1.054367694799288    -0.190849506181212     0.428693639756682
 120000543     0.475532712843098     0.629625136079843     1.280491545136835
 120000544     0.549198280194864     0.438125868272538     0.847999515637680
 120000545     0.395277239690167     0.198768450681314     0.017088202410996
 120000546     0.382684668424941    -0.035642363647480     0.702753818959631
 120000547     0.045479553368623     0.059293653620056    -0.006046289195332
 120000548     1.040361275659296    -0.197235483801888     1.211069371847816
 120000549     0.499317987061877     0.383484846583509     0.917501087342035
 120000550     0.873491201425641     1.047707303771092     0.723925435655869
 120000551    -0.097399294041866     1.067304171853647     0.287100818198180
 120000552    -0.077899323094081     0.836294519504986     0.470110121769881
 120000553     0.298187941404214     0.138592194812937     1.005341750172345
 120000554     0.299779752966593     0.633993812550889     0.244676322916984
 120000555     0.701576143703074     0.944616588998680     0.394032502266838
 120000556     0.597005366402060     0.694066651629399     0.936802489053061
 120000557     0.078456728861938     0.247036986613139     0.521320399110745
 120000558     0.390121356098924     0.193497259918598     0.117311061565016
 120000559    -0.036054592094580     0.469533772302219     0.915749850188328
 120000560     0.385279772357052     0.137552534157520     0.684883319323611
 120000561     0.933228193263707     0.714297912214251     0.646060031902108
 120000562     0.830987565142609     0.124224460317690     0.499773569308881
 120000563     0.752391688273451     0.401684886436376     0.376914316547598
 120000564     0.076208306448926    -0.066304940497491     0.228710409340982
 120000565     0.420010009711357     1.188235419978180     1.137108321761656
 120000566     0.482217613572436     0.654454179006138     0.127905405321132
 120000567     0.280072531467004     0.232359430032336     0.735835141685032
 120000568     0.954720018540817     0.702378247234417    -0.115966426984085
 120000569     0.487649003142779     0.121576273377749     1.095697137168409
 120000570     0.059013540529365    -0.094372347129658     0.233434356232291
 120000571     0.807322012766633     0.287970264856949     0.270711900813657
 120000572     0.562664793915859     0.690583139678957     0.929721325403881
 120000573     0.911598217032174     0.522556122102001    -0.290773922172269
 120000574     0.079441094199350    -0.117320300511032     0.245376620902658
 120000575     0.939501628162448     0.510831709652483     1.044321616720694
 120000576     0.365103877143138     0.970165684247297     0.258351473455676
 120000577     0.789795510572642     0.930791541182555     0.062831546143188
 120000578     0.062834186874801    -0.063912414731425     0.264714102137342
 120000579    -0.030756840976598     1.162469711937499     0.743266611607631
 120000580     0.545801067188336     1.156577012909014     0.841589772457721
 120000581    -0.007159332602093     0.002397656344108    -0.199778767920444
 120000582     0.846895336228501     0.606300291378056     1.115301864405883
 120000583     0.802846355219977     0.853748119941990     0.689948551616431
 120000584     0.372656764510901     0.353454044316741     0.232577548787328
 120000585     0.956382105774884     0.129767711596406     0.362438506765031
 120000586     0.964617106250697     0.548510242803754     0.988945091033373
 120000587     0.647488721833472     0.030920895686891     0.783226642100059
 120000588     0.932836137869871    -0.179682448402026     0.319041621716567
 120000589     0.509815505767528     0.820691698722213     1.166911395460943
 120000590     0.239674234191680     0.448170945543568    -0.169835114906326
 120000591     0.900515572095214     0.505208224494125     1.026921341359227
 120000592     0.679829365486556     0.577159626920089     0.896238931973709
 120000593     0.775400701890508     0.463936954226981     0.331429841862111
 120000594     0.302431524997559     0.209655827300393     1.014363770306506
 120000595     0.785558394215084     0.594500239275768     0.225468284150404
 120000596     0.834118801847299    -0.104856619450482     0.712510923888046
 120000597     0.681091672389733     0.384864686723480     0.323722104171545
 120000598     0.409202341051163     0.231657798553773     0.133879689578752
 120000599     0.649718164387385     0.849497055401507     0.387975560629960
 120000600     0.719153987544316     0.914142470462713     1.105468939050538
 120000601     0.814263789499237     1.190847792228714     0.127151994101501
 120000602     0.346832687894021     0.051077199151434     0.993744606911964
 120000603     0.315541853742011     0.047520631026278     1.149387515216750
 120000604     0.663392660439180     0.176241575107971     0.521550089749054
 120000605     0.991320167399972     0.834036525065741     1.011295888114493
 120000606     0.607423783387002     0.938464003926735     0.220972055370410
 120000607     0.531038802456919    -0.133863579041618     0.670767270214694
 120000608     1.026931478041065     0.577454599481281     1.044561374720318
 120000609     0.133553098959808     0.692127435660949     0.696521717903267
 120000610     0.290178023045445     0.156249908763873     1.110704333386209
 120000611    -0.065476887693407     0.475689574455513     0.126845466378708
 120000612     0.447752755279079     0.248240253673826     0.658185236211392
 120000613     0.222839617596635     0.139201383738221     1.202385240641812
 120000614     0.757561433968716     0.467913130510471     0.845915877548614
 120000615     0.721608135780228     0.298367172838744     0.539789126546437
 120000616     0.205201698893178     0.953433834236536     0.304754096940934
 120000617     0.278162975278583     0.122907054016257    -0.198414009681573
 120000618     0.309709916534632     0.622109846877946     0.722688131022543
 120000619     0.709037586397636     0.100884445350500     1.104269797815732
 120000620     0.762165465466101     0.778786733272458     0.721706706584167
 120000621     0.556650840718427     0.728308830345909     0.942393195984570
 120000622     1.069938952693177     0.467602663782972     0.488389317546106
 120000623     0.373863948131080     0.804359641625011     0.907739717982109
 120000624     0.922858141919760     0.493414210318935     1.104964302712797
 120000625     0.307323607448748     0.159472274989504     1.056374791082463
 120000626     0.344398510667245     0.130657020489818     0.664365469396751
 120000627     0.058947649250465    -0.106839682746306     0.234864467738650
 120000628     0.014752782465755     1.191761311579430    -0.010843866061379
 120000629     1.082851070302414     1.120534894198485     1.246267547930505
 120000630     0.532978710239848    -0.073409488795188     0.778647942976002
 120000631     0.979903860080587     0.576875156604461     1.053512767682806
 120000632     1.079194041404452     0.795602550111728     0.691970265727289
 120000633     0.145219849307654     0.641649464254653     0.752821612762240
 120000634     0.448366723639922     0.227618785960783     1.015708642069423
 120000635     0.057872453602289    -0.088471430206963     0.227511795076752
 120000636     0.962481548439348     0.862704553431827    -0.198538109708554
 120000637     0.900462672674080    -0.154301686140325     1.279124449177619
 120000638     0.390457686635647     0.044032580959007     0.988126153336345
 120000639     1.063171248042176     1.046772246784658     0.710914568789154
 120000640     0.181097390435420     0.074539835534195     0.542681446345494
 120000641     0.580236151976511     0.387453272715974     0.300350534505678
 120000642     0.494305016298729     0.646169133562080     0.567590517591862
 120000643     0.647594920705558    -0.015489226112175     0.330882368549440
 120000644     0.844099996380963     0.579126534385729     0.946018339045473
 120000645     0.292096082770321     0.376417952947727     0.721742296796097
 120000646     0.468641632506348     0.908572023624447    -0.127121639551748
 120000647     0.890019859039468     1.044475407423814     0.773938095320449
 120000648     0.978915699956409     0.982746595594339    -0.250060212071481
 120000649     0.679414548318339    -0.197042634075538     1.241334222991717
 120000650     0.212162579480429    -0.036393705982763     0.623636620983384
 120000651     0.160598225699553     0.656129139539410     0.755734768281796
 120000652     0.913908714454305     0.558279066561411     1.033307106565062
 120000653     0.286996691937416     0.005681483666203     0.673623036613122
 120000654     0.084245601032582     1.008145916560026     0.889170693681311
 120000655     0.702809398516976     0.806464192927130     1.198597835277469
 120000656     0.100986757344930    -0.099373736952989     0.238266194488336
 120000657     0.436699611269285     0.847677630251234     0.972897769370841
 120000658     0.933767140582612     0.501738970169506     1.058658735712083
 120000659     0.260917918047889     0.340205554085177     0.869969041979564
 120000660     0.990618245715397     0.531334055388890     1.054587954984421
 120000661     0.985016946773917     0.676883371067807     0.191057594378716
 120000662     0.578250406662389     0.689212879347311     0.965155863686908
 120000663     0.437535472798019     0.551334130421728     0.536408292321264
 120000664     0.150475328893189     0.848900182779158     0.805017314017607
 120000665     0.871597276208379     0.452695618971091    -0.088966675576490
 120000666    -0.070296415473838    -0.006164492512806     1.252842852273174
 120000667     0.927306622896389     0.557673214481002     1.062763557520516
 120000668     0.278082358746304     1.116033427086745     1.135250354437796
 120000669     1.013505665008686     0.562685453673650     0.285078100042685
 120000670    -0.046709991176673     0.808736193175303    -0.114901228213583
 120000671     0.731631695718918     0.988510193527086     0.254463709392153
 120000672     0.571881599364437     0.666773242828460     0.133697162557343
 120000673     0.495876249876222     0.552807263444341     1.250977241895191
 120000674     0.973114411652192     0.234994702437623     1.062375148709074
 120000675     0.587575015292666     0.735104463293707     0.898393246668568
 120000676     0.389561399046693     0.067338396231747     1.141700926266255
 120000677     0.543040870414773     1.134550911194007     0.491697071527118
 120000678     0.259641729874857     0.203640639555939    -0.115746791216259
 120000679     0.544147290385367     0.633325764020774     1.180118456177861
 120000680     0.547443203814466     0.462801022722376     0.694934948221473
 120000681     0.878993068073906     0.093703207253368    -0.063142543311254
 120000682     0.361306239197791     0.082176492179140     1.065120802315697
 120000683     0.128407180140639     0.006722607477845     0.800452928749422
 120000684     0.474619314873041    -0.157941615066323     1.179276661949821
 120000685     0.419106635017481     0.373620607530354    -0.038080399554892
 120000686     0.556922587191725     0.751067575975555     0.977590688038383
 120000687     0.106064414614022     1.154327596594813    -0.289380922452952
 120000688     0.144439197062616     0.645480059100619     0.782563519584190
 120000689     0.857076069004419     0.472940856417420    -0.130963917988889
 120000690     1.028819942799834     0.473203762650269     1.064565834059980
 120000691     0.340923143641792     0.128346609196463    -0.019114376589166
 120000692     0.726819808716347    -0.133796845190230     0.529192812765104
 120000693     0.683202644202426     0.461377000264914    -0.190943937573135
 120000694     0.294844071344414     0.222289035588844     0.698436219070345
 120000695     1.006295461954043     0.985005295849830     0.136331207224234
 120000696     0.414852256728679    -0.138878820935246     0.641955959419436
 120000697     1.095346902255208     0.923160484083077    -0.125983052550635
 120000698     0.060757963914818     0.899850998779107     0.761128173774164
 120000699     1.018269715948020     0.277584851711675     0.262370812717368
 120000700     0.981318804967795     0.846445264504970     1.067469060210731
 120000701     0.971396987146137    -0.174858190371911     0.544833551279114
 120000702     0.051288647624792    -0.081686580867090    -0.283051838921506
 120000703     0.744790802745404     0.424669159815558     0.434240526188804
 120000704     0.632432227969972     0.106295631186788     1.205142944376885
 120000705     0.595473701731807     0.327676568887898     0.821992377662340
 120000706     1.058304629645771     0.452423727875992     0.788104545572085
 120000707     1.036726921264859     0.968870493749089     0.851229584505615
 120000708     0.967335973219883     1.111238459537361     0.119662004200659
 120000709     0.984297251911799     0.015249653298803     0.446738739437410
 120000710     0.951546618625705     0.469206593315397     1.090479848525010
 120000711     0.382569039015960     0.068181252831998     0.925859812883335
 120000712     0.616052470348441     0.729461403812569     0.694226249464948
 120000713     1.044829560412967     0.116056263015611    -0.082950641898245
 120000714     0.764770446783928     0.434823950536080     1.122471390022028
 120000715     0.392564455013467     0.292311399451796     0.825298005399865
 120000716     0.378981695978198     0.241027847178264     0.108421998317635
 120000717     0.622258193270563     0.039940998519523     0.955092916796338
 120000718     0.191843285945662     0.042420682669923     0.364055557036061
 120000719     0.967000748250592    -0.171643786604379     0.655972393291542
 120000720     0.133072574576611     1.049020903817514     0.058162806492837
 120000721     0.762414030626559     0.199231797443145     0.439501038857122
 120000722     0.775359555229404     0.369357449263005     1.286130666181909
 120000723     0.902694682306580     1.191587702042610     0.187031185981115
 120000724     0.461496795470507     0.549674624347305     0.752704581652614
 120000725     0.726849213132992     0.349820730402107     0.398923489785456
 120000726     0.180467729477545     0.919480970056402     1.167111324187764
 120000727     0.577402743241349     0.883273903847013    -0.027134753313658
 120000728     0.961844737816412     0.529125328027207     1.092363962524240
 120000729     0.723002067886373     0.363538116890490     0.633291508580342
 120000730     0.431477532385540     0.715400731373896     0.823945143986234
 120000731     0.591317045305381     0.285494301229823     0.355250290671526
 120000732     0.155510072226619    -0.014337668807205     0.441314244469901
 120000733    -0.033091826419287    -0.106351966683105     1.010626599656410
 120000734     0.141569909187433     0.500443925768803     0.883372774329080
 120000735     0.106440818956407     0.517876704189849    -0.210722384779469
 120000736     1.093413554691808     0.504441990366266     0.988334661043329
 120000737     0.936178136960055     0.430252807608986     0.105489462892445
 120000738     1.045273908586238     0.490923533152573     0.298901367376750
 120000739     0.477819745909760     0.203867770400741    -0.011745608208606
 120000740     0.572907760273805     0.716896415407797     0.944746401529768
 120000741     0.360669302121539     0.186548100976211    -0.126329634642883
 120000742     0.285076042584096    -0.108830047146786     0.815297024007274
 120000743     0.896964171110351     0.936333042862190     0.704481168893315
 120000744     0.167179194342220     0.636923017233540     0.761871719701170
 120000745     0.890341921073115     0.807427347744530     0.429747728134286
 120000746     0.883571963975975     0.872298972009836     0.474531527071222
 120000747     0.238193987303594     0.582440302355155     0.443645029749368
 120000748     0.297357360263581    -0.125264367071270     0.753526825301904
 120000749     0.156061431887097     0.161152354915841     0.771591179251927
 120000750     0.612874795779185     0.906592687820396     0.568381157859853
 120000751     0.620681196492444    -0.095846404300798     0.681265571411619
 120000752     0.421410820702623     0.215191817121001     1.148252384034256
 120000753     0.713666138755171     1.196600589524477     0.684690672827750
 120000754     0.789492522127853     0.957301388739621     0.636411102152123
 120000755     0.225566279386356    -0.059450626445628     0.507358622166749
 120000756     0.797521416993858     0.444502569604990     1.128795609921470
 120000757     0.280621810028461     1.147035300651260     1.019418462083636
 120000758     0.597338899743953     0.733625560485835     0.944490441479493
 120000759     0.064230189583078    -0.082832816287356     0.245021549093039
 120000760     0.214042429288279     1.070698464099160     1.248116478607528
 120000761     0.530498461953252     0.396112242154224     0.263975387244752
 120000762     0.158467401115487     0.659971590696602     0.805957266561657
 120000763     1.039078206814421     0.048434299998480     0.909735958599396
 120000764     0.434386315464114     0.621818696575498     0.288170982569001
 120000765     0.579687182502305     0.838541082120517     0.303158905795390
 120000766     0.556309390325565     0.675167269293139     0.926376103795703
 120000767     0.128538577559369     0.654276095401241     0.784800151064312
 120000768     0.555192221872614     0.336917356822513     0.304162785517467
 120000769     0.475046324034055     0.184564632566905     0.978605022719772
 120000770     0.421989135083578     1.124712346309400     0.200305787027464
 120000771     0.658152806039126     0.220630383447179     0.370925122452602
 120000772     0.069644921830858    -0.102160463361414     0.245560850430963
 120000773     0.564196650907044     0.676280833663174     0.547149025953409
 120000774     0.146306318665457     0.641182850265246     0.828610637751348
 120000775    -0.042086188750565     0.549304786458456     0.755085868776457
 120000776    -0.072485650417609     0.739577120436569     0.697031115140308
 120000777     0.241767561328738     0.109099847484127     0.970264092035788
 120000778     0.571853863580285     0.111572405691754     0.266843125561029
 120000779     0.133080522594527     0.636938211300928     0.793028849026694
 120000780     0.343351116362591     0.529826646765538     0.617234081563175
 120000781     0.782886265127708     1.186100069505712    -0.058811270913241
 120000782     0.670515187012722     0.281723107599191     0.189879522452547
 120000783    -0.056167788833477     0.626624868973187     0.355324517798419
 120000784     0.982656505849892     0.493528978606207     1.041107208255006
 120000785     0.620009923330187     0.617413443507791     0.414375033607430
 120000786     1.067576695873209     0.181090057509775     0.195790269038074
 120000787     0.978506075838040    -0.006901753436105    -0.256661425111307
 120000788     0.070370110084170     0.083064121892474     1.172090204386455
 120000789     0.063709412418528    -0.110593992755316     0.245093580370078
 120000790     0.948311270726253     1.022401952714175     0.697058696245671
 120000791     0.988557111566199     1.069836411215940     0.888736184517410
 120000792     0.516162375589305     0.093348902324639     0.988948622395060
 120000793     0.617680819510893     0.670500734315488     0.982091886531732
 120000794     0.563914034440704     0.624628858594180     0.387092328280866
 120000795     0.571970525114332     0.759294867551619     0.966768806806390
 120000796    -0.067330081646969     0.607253499085669    -0.037660211349354
 120000797     0.513285806925556     0.312596128677082     0.937132602719870
 120000798    -0.006055468729910     0.557751546306947     0.402510158113922
 120000799     0.887262174791720     1.081783485717132     0.225766366440610
 120000800     0.745100354246005     0.527207907527477     0.914744222658760
 120000801     0.563360751156470    -0.173710858832986     0.817368622116011
 120000802     0.459581254085576     0.226329352870712     0.660667027855773
 120000803     0.750258321905900     0.946072936835831     0.096202104081372
 120000804     0.341312574811475     0.117235070227398     0.508647370058669
 120000805     0.506989626781118     0.393188767450933     0.421871868650609
 120000806     0.293697823309405     0.021980300840910    -0.004657623980732
 120000807     0.516540223601913    -0.003189236812154     0.629257378485987
 120000808     0.866626458937826     0.910273120663040     1.258929080871515
 120000809     0.631749626162850     0.607553427364317    -0.256944618148234
 120000810     0.666571672937720     0.711102087894839     0.414237951158374
 120000811     0.451870099330031    -0.117829232408003     0.592485886180811
 120000812     0.558006853618825     0.776855939891473    -0.016709772254328
 120000813     0.391766575252648     0.946934668839664     0.947880857959625
 120000814     0.897712703344278     1.132093958065828     0.176233455718624
 120000815     0.836611644949581     0.378746266567081     0.478219623413399
 120000816     0.858130008204664     0.303746391041263     0.345806147241119
 120000817     1.068201641467191     0.699933279120262     0.107867410009477
 120000818     0.105427082667963     0.635294759650329     0.812914010277542
 120000819     0.022613660176123    -0.199590467575159     1.028365756017750
 120000820     0.035491182608389    -0.082340720240403     0.250580341246507
 120000821     0.610899142411152     0.094649875216932     0.127133386665585
 120000822     0.933211900781914     0.023036878348956     0.453730538632347
 120000823     0.071862333100642    -0.076403905140991     0.257708686065704
 120000824     0.379464590615374     0.208135889538405    -0.051787767874364
 120000825     0.382398316206797     0.083754114376539     1.036059768732822
 120000826     0.367499275163136     0.088176638584911     0.696170114060158
 120000827     0.197645297019593     0.103085325824652     0.521442922768024
 120000828     0.925555390856919     0.523983916777799     1.076671250336872
 120000829     0.644318991037591     0.879992729057591     0.206561997442941
 120000830     0.889713183501410     0.704950472386893    -0.071284188589798
 120000831     0.319991618646349     0.690787071410171     0.384843991481500
 120000832     0.791729887635827     0.333088093050860     0.387559778323932
 120000833     0.618011118840975    -0.022702914113584     0.706766436955625
 120000834     0.664103236650842     0.305777302492597     1.018872794118661
 120000835     0.655261291351605     0.917390701448933     0.725376471546020
 120000836     0.398929182313593    -0.073017674576903    -0.069270146317145
 120000837     0.056271209191289    -0.113766304050838     0.228595016529348
 120000838     0.638765373071456     0.715243506615653     0.961109997606748
 120000839     0.492204665683357     0.041551502384309     0.972206503227390
 120000840     1.031546362618821     0.856695606801454     0.509861830050802
 120000841     0.748812166519877     1.124786353035435     0.698134104149150
 120000842     0.359005564756373    -0.197299225234089     0.731752691037116
 120000843     0.513051355683753     0.079362226081094     0.207873778599320
 120000844     0.989709389406416     0.487043369923171     0.969717409016059
 120000845     0.480073464939366    -0.046925083674832     0.936998953917535
 120000846     1.065278007451667     0.774088163145964    -0.074427462756062
 120000847     1.045184329088084     0.787327181081301     0.315694885941271
 120000848     0.548451417776914     0.702379101639591     0.914210790835037
 120000849     0.778044230505829     1.187451854108334     0.577428646659125
 120000850     0.831909939005837     0.341060911227801     0.704872801194941
 120000851     0.381048218847325     0.652710664751320     0.396348594409962
 120000852     0.535019597213264    -0.189886550473548     0.398955092728351
 120000853     0.684918714880664     0.313354587558232     0.486862903301615
 120000854     0.680653541573774     0.814071294087455    -0.081079165161945
 120000855     0.845803940710353     1.111226309962623     0.946828711382938
 120000856     0.265928706813030     0.055624028946205     0.746519775160783
 120000857     1.035860440055573     0.674350054973344    -0.013778453742107
 120000858     0.244600253724632     1.023186132284469     0.176908592209396
 120000859     0.461860804735737     0.761582863909622     1.170300716776230
 120000860     0.160746910125930     0.990542108155898     0.314838096515802
 120000861     0.419525599261441     0.000082325475370     0.767995698280003
 120000862     0.936436351116779     0.542283221195668     1.051336873848693
 120000863     0.772442798812637     1.005844109386973     0.260264945184384
 120000864     0.446423299961494     0.511977559362693    -0.154700514030307
 120000865     0.106755192559081     0.791463326201764     0.951348307255206
 120000866     0.764661470961778     0.345633166057519     0.374505406789194
 120000867     0.211857502327141     0.955037593181384     1.047911778965884
 120000868     0.089459493434022    -0.115393431683625     0.252944916036168
 120000869     0.744555320148787     0.529023749626009     0.968291537011880
 120000870     0.574523252008646     0.513976337054404     0.372209039175532
 120000871     0.942131883272066     1.184257246125581     1.142525644671454
 120000872     1.053786666414696     0.897405607998077    -0.056544646654958
 120000873     0.331127718140893    -0.005538516329980     0.636917034594126
 120000874     1.068698129420320     0.753143972549015     0.327834566236006
 120000875     0.823983756504729     0.835731494303035     0.415176753207365
 120000876     0.001351960620017     0.725616800577404     0.889787012834498
 120000877     0.606646711368174     0.566045913191614     0.255012510312149
 120000878     0.941141629453451     1.040861727117754     0.584302142973011
 120000879     0.340021872728088     1.015646954055078     0.175515856936893
 120000880     0.235468646782880     0.117048300793023    -0.031935832398455
 120000881     1.019179685404906     0.557324794306292     0.541443272305548
 120000882     0.908165835969726     0.350213618062169     0.602917096892304
 120000883     0.956811031826238     0.007433714136954     0.815707210393902
 120000884     1.075134558703839     0.199500523913188     0.599086542533861
 120000885     0.839322020148214     0.746074066458048     1.287269546724165
 120000886     0.847592648969789     0.402626621094532     1.256311889722427
 120000887     0.963877574124184     0.492038791309161     1.049201772181090
 120000888     0.628946756663147     0.938948234257486    -0.256099155954378
 120000889     0.543730281263654     0.954547182287728     1.200769532130241
 120000890     0.888918762187308     0.985016983561915     0.944111159158464
 120000891     1.061357149630376     0.636195376875625     0.848806789661447
 120000892     0.741711548139166     0.619195298678197     0.573838252909681
 120000893     0.226287687757882    -0.036295183527192     0.606394903272712
 120000894     0.211339120348340     0.149363309198928     0.651930420525036
 120000895     0.512831302930859     0.590049310953842     1.258649531243021
 120000896     0.806840756003572     0.393575876195716     0.481434772892162
 120000897     0.478116211475147     0.441315231242554     0.902457800703698
 120000898     1.098100906705131     0.798440478315812     1.279191812622453
 120000899     0.235126896393979     0.395728348691061     0.029722990342837
 120000900     0.591151935705626     0.750528253980525     0.940111256099799
 120000901     0.930327041028652     0.500516528496453     1.037744213487328
 120000902     1.074099265653775     0.102400373061545     0.626933571675663
 120000903     0.581383032331876    -0.195971020679247     0.378860076659046
 120000904     0.740949685674409     0.379166093361065     0.331566330169812
 120000905     0.637733348200959     0.732626582108011     0.918947548633422
 120000906     0.322470160160230     0.344973807685972     0.372022355928922
 120000907     1.052955641136726    -0.066230071620324     0.394089978791954
 120000908     0.572809179423306     0.715108549976189     0.915858893061444
 120000909     0.837020876056263     0.540983102961968     0.331717969262924
 120000910     1.086075012666735     0.863241920254531     0.133972961781304
 120000911     1.044322521799044    -0.150140840588592     0.694134258812356
 120000912     0.482731812017359     0.489050501230035     1.218230639931851
 120000913     0.326882751389218     0.070217339936671     0.008275011882176
 120000914     0.038012461234336     0.677062086010449     0.819216008627888
 120000915     0.622910367932676    -0.182727171752382     0.577026521904293
 120000916     0.017813398307286     0.739724813163068     0.872875808453966
 120000917     0.341634538871949     0.065725189613316     0.958975386902632
 120000918     0.635964688764433     1.078299041901146     0.372285720308047
 120000919     0.079767670090107    -0.094704153599441     0.250296521102032
 120000920     0.229283523892766    -0.033147174447514     0.175570105212406
 120000921     0.329558616081183    -0.050650850857634     1.211608611012087
 120000922     0.263724487913223     0.257769102502145     0.889889132606973
 120000923     0.302467140424499     0.033656617899068     0.547517750617305
 120000924     1.017914268865324     0.868126741522942    -0.208020838875798
 120000925     0.979683420557435     0.552930395816502     1.038560782101220
 120000926     0.395925886407862     0.366244531554329     1.148356407701036
 120000927     0.579799722394278     0.697107418121465     0.953704226115490
 120000928     0.130273570726754     0.683021351189084     0.781048339433967
 120000929     0.950762400382068     0.275180316980785     0.548430583539930
 120000930     0.047795812037092    -0.093167517698001     0.247708017212782
 120000931     0.425823009041801     0.846511329736469     0.471241916489632
 120000932     0.824430224335958    -0.015407294956326     1.096957859511265
 120000933     0.320240766870385     1.017360884106731     0.139025074286135
 120000934     0.075188957247388    -0.162096338880087    -0.216855312141861
 120000935     0.366866048468519     0.672062046980262     0.522858401675571
 120000936     0.758337932593424     0.533828489654457     0.012630537671435
 120000937     0.345152135167916     0.542415737354118     0.047540569923257
 120000938     0.394867179040789     0.137067188327935    -0.086222909513814
 120000939     0.712868012468060     0.980056850106846     0.678856585027917
 120000940     0.368533081978297    -0.110429264807406     0.732969437323557
 120000941     0.212473593458186     0.342445759403285     1.129594041613281
 120000942     0.451192584786302     0.614393663791505     0.573401493426872
 120000943     0.396795337331435     0.191323719324788     1.168811182198630
 120000944     0.861094241267253     1.052456532139471     0.607348638164113
 120000945     0.300834328553539     0.750353108530800     0.405688541386613
 120000946     0.134513028106366     0.659183210162587     0.770240915145067
 120000947    -0.094540765026576     0.035833757050092     0.555159301459167
 120000948     0.160321976120683     0.644036809052144     0.799526171112290
 120000949     1.037709041442917     0.536577357172561     0.956681566980074
 120000950     0.404680311654223     0.180768566268857     1.096299369125415
 120000951     0.712857398163271     0.422096522282341     1.116752295151660
 120000952    -0.000043806251261     0.170896903595285     1.122356187854925
 120000953     0.601933421358096     0.659871519570914     0.938994489589337
 120000954     0.794618729548806    -0.182244021459528    -0.087449699237031
 120000955     0.203626548414060     0.284481077716011     1.110421663195235
 120000956     0.059976917558525    -0.084975125415807     0.247169112006373
 120000957     0.909698300643591     0.521152766265427     1.026024114738249
 120000958     0.988330000060389     1.050113201566564     0.522496817415436
 120000959     0.853595655203503     0.998535857534535     0.050681743127555
 120000960     0.063825834027527    -0.089158157580033     0.239766144102630
 120000961     0.747093618956406     0.088463963094058     0.262682699507503
 120000962     0.519137258672410     0.430507230887396     0.469787559442581
 120000963     1.044569094786217     1.140731489279853    -0.089077816037987
 120000964     0.150994783556135     0.668472329128458     0.848721097497138
 120000965     0.109692930480351    -0.097661840841034     0.244739821387430
 120000966     0.874894380907035     0.761909885763440    -0.027241464662541
 120000967     0.339645112089710    -0.111780695293297     0.648687751836514
 120000968     0.367887153479179     0.390117071050502     0.593893076036692
 120000969     0.297461856688452     0.133398624862524     0.000594370263260
 120000970    -0.074729478630579     0.108985449059904     1.072958899664829
 120000971     0.744338886223067     1.081073683164933     0.629876098851451
 120000972     0.137259468881069     0.635330811619658     0.780782510064020
 120000973     0.902435448160815     0.542397367253835     1.006666995897002
 120000974     0.078530795991724    -0.090443487017248     0.233584195735405
 120000975     0.328457634966702     1.104134663957580     1.067766223566221
 120000976     0.715174811894115     1.016588239938552     0.489583779368465
 120000977     0.337009819242711     0.043022851616169    -0.006607624028420
 120000978     0.324929826637644     0.006006640921443     0.714775690716023
 120000979     0.340476392002818     0.283189057318506     0.639667460441957
 120000980     0.911507957131274     0.426582260293341     0.830026819762880
 120000981     0.403661341472773     0.261161310579358     1.083989223594671
 120000982     0.991638126627481     0.526077010320946     1.023056347379824
 120000983     1.046528660430776     1.084118385640906    -0.014851869530228
 120000984     0.103565275798572     0.923022596049056     0.131261984741113
 120000985     0.283379118016777     0.061302294375466     1.152443845205072
 120000986     0.353572935053679     0.360781553064169     0.725772877683606
 120000987     0.540384190545615     0.715955163616305     0.926412321520181
 120000988     0.218223870411651    -0.035824568291626     1.061615138115941
 120000989     0.580014642267326     0.668276350849741     0.960177543731698
 120000990     0.895759795404134     0.049308603902446     1.181675545064215
 120000991     0.462387296448403     0.157997678176125     0.933949337685893
 120000992     0.549717382003704    -0.021602682614848     1.116672253888548
 120000993     0.344566532748837     0.189931344859908    -0.034790571205939
 120000994     0.168992920275809     0.651755594000076     0.748321537367076
 120000995     1.060554083212916     0.812338052676398     0.626114136848964
 120000996     0.557591306790055     0.693536209927241     0.923211725751661
 120000997     0.702400673483652     0.054993872235604    -0.130761127932123
 120000998     0.787396788455393     0.232879231598038     0.440642326998381
 120000999     0.920915684659483     1.192305274786870     0.644886500755142
 120001000     0.763263984387246     0.274328654403107     0.147769572282038
