 100000001    -0.003223026519046     0.377251359810489     0.408520790955713
 100000002     0.567338071375056     0.860968780924389    -0.058323458335048
 100000003     0.800776814851201     0.308311042807127     0.492601731694343
 100000004     0.643756389705302     0.295478520178718     0.439201790565628
 100000005     0.735738527056774     0.256653462658046     0.865477594587580
 100000006     0.300310738521640     0.320540932723777     0.304801832766113
 100000007     0.533121226255000     1.059572308771770     0.219805984247273
 100000008     0.499386652209423    -0.091967716449358     1.059685965871019
 100000009     0.550508455252472     0.387931914653215     0.916750286742243
 100000010     0.395315280701413     0.077523137395227     0.513985598188787
 100000011     0.671426002245104     0.268415097167619     0.998612386575286
 100000012     0.301153985503674     0.036338713392300     0.686573244104398
 100000013     0.758922948677108     0.553660730010828     0.925153277023667
 100000014     0.079032941901252    -0.117169998367817     0.245948199789417
 100000015     0.322701383282912     0.045749615689514    -0.106017082496334
 100000016     0.911395452060089     0.230487518354415     0.938129671572992
 100000017     0.634196269840655     0.381469545116440     0.965505157189220
 100000018     0.947305956728591     0.922452941349807     0.310850298767278
 100000019     0.311432821675985     0.167656426686286     0.406281011414762
 100000020     0.337705852070158     0.118558456775853     1.049453305321017
 100000021     0.162745352816090     0.646147383154575     0.793794388387079
 100000022     0.402605262617322    -0.038761670569833     0.782194158265833
 100000023     0.452129787676234     0.684733719613466    -0.180378313377817
 100000024     0.128385111061324     0.720802781087968     0.337338095940085
 100000025     0.493062496831856     0.418053082972771     1.294137917671690
 100000026     0.098796524517515     0.212882386090606    -0.174615493684603
 100000027     0.417246116456231     0.703008705413538     0.098864365362865
 100000028     0.668288657330684     0.644190558895346     0.287467071471077
 100000029     0.442443766194542     1.188134135467864     0.689223541312622
 100000030    -0.068671863161764     0.516270888551554     0.993577543049821
 100000031     0.571486130736107     0.327001883401180     0.427743299657050
 100000032     0.644200431149290     0.810302642698468     0.676524570112210
 100000033     0.704250675989471    -0.064891107975611     1.009752615022960
 100000034     0.297244443255165     1.068298147115875     0.817594989663663
 100000035     1.054324360861817     0.502294633419735     1.032099947324026
 100000036     0.774858301235445     0.394378337650296     0.295870880816164
 100000037     0.517718757286226     0.257352852205502     0.855009026210931
 100000038     0.064816895191826    -0.092355917144538     0.250019000078449
 100000039     0.227655423185954     0.048955139547927     0.789626952920439
 100000040     0.952628118786472     0.489807627726750     1.053366819062115
 100000041     0.133204339346484     0.630837508084221     0.811565287358502
 100000042     0.732274405242503     0.591592431034806     1.072140838751408
 100000043     0.818343065360535     0.178044846853031     0.506302917968372
 100000044     0.388510352571982     0.417293517295395     0.797840566420801
 100000045     0.659461577480718     1.050511870507527     1.071472212257866
 100000046     0.255373669428608     0.477915592584802     0.398739415749260
 100000047     0.407380236056920     0.108852412151721     1.279098613455075
 100000048     0.278354855656530     0.271114451984875     0.347310705488430
 100000049     0.134954805172081     0.623911624241904     0.807452850425199
 100000050     0.608211342861136    -0.189578174338852     0.687530037726653
 100000051     0.801815625379633     0.275215656225932     0.906033720498145
 100000052     0.095348386202865     0.657531691054590     0.788823424601558
 100000053     0.390259257864545    -0.086773675213416     0.916942711774750
 100000054     0.616816129666603     0.644240009037982     0.378200635417654
 100000055     0.184624743038942    -0.085199696524563     0.237125756619788
 100000056     0.734638539736697     0.618139662931255     0.952735994697491
 100000057     0.535375161459657    -0.117743415306047     0.664229309242452
 100000058     0.070526877707227    -0.106251276330569     0.287485276540100
 100000059     0.148835395159780     0.642766094596582     0.761882142524022
 100000060     0.272559975026190     0.001889143443284     0.668394306877106
 100000061     0.445223553961826     0.222716988093135     0.526962147940881
 100000062     0.526922277262158     0.919778982956028     0.575226307002917
 100000063     0.081924089185230    -0.090031534628858     0.264572867525241
 100000064     0.696955686097864     1.156043549134459     0.489606599433751
 100000065     1.068246941016628    -0.147219024456539     0.715418470782559
 100000066     0.642020465373935     0.955169022392577     0.552769504208400
 100000067     0.925976733600451     0.531350546940508     0.965404484857265
 100000068     0.006360972282463     0.475603655093945     1.275966247711694
 100000069     1.041298392477402     0.576185787936680     0.729317304173488
 100000070     0.820301971725752     0.565019753713611     0.448289300818433
 100000071     0.640083008528654     0.334558386176139     0.161087027010355
 100000072     0.837756934425043     1.022836490770767     0.464115971182784
 100000073     0.111282896599897     0.360130357508078     0.868976914692487
 100000074     0.738588125081493     0.819264605191493    -0.025844429589237
 100000075     1.042470102709811     0.946093402355104     0.875710142848767
 100000076     0.240969813863624     0.172352875646125     0.951871507777457
 100000077     0.961386550770840     0.505002234014139     1.016062870094676
 100000078     0.977332637328378     0.833159359207406     0.656230598659863
 100000079     0.657754361872915     0.475845471044484     0.879289735559561
 100000080     0.719935079510274     0.381495727164789     0.339149479424562
 100000081     0.170159567475024     1.076627637307494    -0.263064349524563
 100000082     0.979487276123534     0.686313302752905     0.250283119468689
 100000083     0.351992022555616     0.044054040737850     1.038688220465514
 100000084     0.059972036283016     0.015658783398599    -0.100387033618697
 100000085     0.443190083853055     0.148590893375799     1.154973083603350
 100000086     0.640859323575246     0.209423613608998     0.850363039655480
 100000087     0.117577970760855     1.158137166589145     0.175137017697295
 100000088     0.331582553129480     0.226484224323488     1.113062890350937
 100000089     0.644132474481531     1.023153479889100     0.396916164723543
 100000090     0.578018475472958    -0.092612287887305     1.022774021885666
 100000091     0.665522471198182     0.181135175296591     0.527377973498192
 100000092     0.330822600192944     0.591704862160874     0.069280403350149
 100000093     0.606041047939376     0.525790811446376     0.924468833712541
 100000094     0.923802386459301     0.973393191786441     0.087414036772476
 100000095     0.594438840856768     0.735394777280498     0.825019520686039
 100000096     1.063263812557065     0.800047403541535     0.625706560288600
 100000097     0.556878821018189     0.726378965883216     0.948524034400309
 100000098     0.387241272627526     0.597373499447430     0.819547922755070
 100000099     0.111522555015025     0.643422426171637     0.799022788431307
 100000100     0.815678672125481     1.089624285601383     0.492500386758409
 100000101     0.596745975803024     0.698484281060003     0.934929214737001
 100000102     0.072794049958396    -0.080288501717555     0.266172196618735
 100000103    -0.097806541538173    -0.180414987789158     0.047533524789789
 100000104     0.592427505250029     0.284487099292726     0.357357871751060
 100000105     0.335791912145570     0.195298400165657     1.163788785897152
 100000106     0.532897200183413     0.845290177336284     0.625311024700535
 100000107     0.434889588202369     1.147387735215375     0.912685353057908
 100000108     0.352482075859285     0.990960176608255     0.986240326147399
 100000109     0.380545270993893     0.045278077675826     1.027893459531246
 100000110     0.953008685319449     0.538772345870034     0.996553966316268
 100000111     0.588224188596792     0.713335650261778     0.958018568361999
 100000112     0.148027590590012     0.130596624076330     0.603858832667099
 100000113     0.600083589653188     0.712815022448754     0.975521069187250
 100000114     0.277234141314202    -0.191379759229036     0.813539871353059
 100000115     0.403182060071201     0.162959195689482     1.143143218669347
 100000116     0.854842006593927     0.712288260448305     0.037707709030965
 100000117     0.194870036632266     0.907562405640514     0.344028757123023
 100000118    -0.089390924267937    -0.053542832157336     0.899658597884936
 100000119     0.733415163536558     1.105349109180398     0.670114625559019
 100000120     0.436038310489484     0.223637887603020     0.726700699465482
 100000121     0.470599415767973     0.681109782603001     0.511678392106352
 100000122     0.561227690600766     0.028362714570923     0.714140122487859
 100000123     0.795478873691442     0.943935334480489     1.139556336317340
 100000124     0.722014298107475     0.326267706545008     0.416928508316721
 100000125     0.980412609206484     0.936189537675286     0.957795766576505
 100000126     0.140667439316364     0.047355789146269     0.667182674110709
 100000127     0.817229163439500     0.291156968894101     0.286390522207830
 100000128     0.313399985842954     0.116271782489522     0.049671347258836
 100000129     0.112650028038470     0.708017815473316     0.806162472014460
 100000130     0.426891836805856     0.508525584947154    -0.119891548498740
 100000131     0.176681091464323     0.159939640097728     0.089575899477225
 100000132     0.055307560581789     0.236544292288855     0.979868957579778
 100000133     0.132255119403326     0.655119809171508     0.792567568466227
 100000134     0.067510525742033    -0.102334292017443     0.239371660138906
 100000135     0.655943541106228     0.616561640835246     0.586176534647461
 100000136     0.698459960477527     0.269888420958100     1.036914860741286
 100000137     0.591991534090641     0.344621861076131     0.647018096940030
 100000138    -0.049504548991864     0.675254873763896    -0.137532137850125
 100000139     0.619870045987229     0.687418287732216     0.955997757872438
 100000140     1.023360875353838     0.891122466623803     0.586699116988947
 100000141     0.301399342363741    -0.019919803321161     0.503678824945331
 100000142     0.627023774447952     1.019677236505713    -0.079301034398119
 100000143     0.540834609814691     0.192069859076064     0.179865941909312
 100000144     0.315001784079644    -0.098546032026297     0.799425565464062
 100000145     0.070795520157409    -0.083552421967213     0.242978870517339
 100000146     1.053751669166219     0.728909301552035     0.293008965518888
 100000147     1.088875933541752     0.726915414171903     0.472228277509040
 100000148     0.685473308681368     0.020988661692422    -0.177518277980602
 100000149     0.527396057486371     0.256078803866213     0.870157987193570
 100000150     0.303745244120877    -0.108472030089039     0.882356362693573
 100000151     0.053552930239656    -0.104314993484581     0.248793719885040
 100000152     0.391599909913817     0.563684330311209     0.252560208954911
 100000153     0.297832082601626    -0.019509446261156     1.023085886026201
 100000154     0.831960820155899     0.814843143290540    -0.258700583168594
 100000155     0.305088674610564     0.212573102368098     0.915349675914873
 100000156     0.697138256635065     1.006754209507494     0.211789317781538
 100000157     1.030483517113705     0.507741131239499     1.055770148897433
 100000158     0.341613689044841     0.363423930487859     1.074731990513798
 100000159     0.831943858446379     0.515051157530377     0.565674878069791
 100000160     0.606147132857924     0.710217484697827     0.944247452775644
 100000161     0.455864483222489     0.185583992695152     0.623524249292373
 100000162     0.690310373160742     0.435908612800708     0.191891317350076
 100000163     0.508888435158951     0.092992368699455     0.450019616059103
 100000164     0.534599124196042     1.091388519730008     0.862452676698102
 100000165     0.817630432733329     0.450335871280354     0.489655707668930
 100000166     0.459751198677290     0.015818895374561     0.497339718043474
 100000167     0.900535969582515     0.577633529131577     1.004292156919641
 100000168     0.693828815779276     0.790952953963453     0.470980134859351
 100000169     0.245156493521329     0.158071485745281     0.010800571124749
 100000170     0.386786138394238     0.653159313964849     0.483413846317931
 100000171     0.717428238020536     0.493615291584433    -0.082629700160944
 100000172     0.515476693439993     0.206616746362558     0.876852625029990
 100000173     0.393281717381152     0.279668155380184     0.440048248242490
 100000174     0.675812457824540     0.569423974710023     0.154767915402729
 100000175     0.072993308642105     0.785243215834906    -0.071952922360793
 100000176     0.685304544492081     0.495081018848268     0.577228974759507
 100000177     0.655648959719617     0.309110307590767     0.430215672053717
 100000178     0.599706948770535     0.715937243745004     0.942062968356019
 100000179     0.598739074999003     0.584479510192845     0.447585844985520
 100000180     0.417415889869047     0.177348760011465     0.769601664348072
 100000181     0.893307165230546     0.349424842165393     1.253478861202510
 100000182    -0.014061649055986     0.831678921463453    -0.204485911043979
 100000183     0.149897877605609     0.915296289611796     1.269885940477388
 100000184     0.695150190605844     1.118092920024298     0.386576137921070
 100000185     0.746089900496007     0.376554375330650     0.853198775116480
 100000186     0.375040651530104     0.212982415961921     0.032028510229343
 100000187     0.313837583512286    -0.047251398825368     0.941731060467690
 100000188     0.792314324400518     0.743077488116255     0.234167802772733
 100000189     0.899180596065093     0.260946883508289     0.397583395086120
 100000190     0.320220055471013     0.208449080659980     0.649224908587108
 100000191     0.621199272485618     0.692794861913220     0.078452978935649
 100000192     0.370690372908579     0.540689756724323    -0.108154966098871
 100000193     0.417854412672788     0.959129587266705     0.852334571238323
 100000194     0.287749576829846     1.044520240111957     0.388964825883843
 100000195     0.268420607543916     0.703839872486113     0.855085060146579
 100000196     0.952656828566308     0.528999260562409     1.040101049019254
 100000197     0.690435204109166     1.169943037098856     0.613019688085802
 100000198     0.804148499874352     0.187177529049803     1.170917056656546
 100000199     1.001218555685696     0.490690972116271     1.214527576954613
 100000200     0.379685315881521     0.828326597852306     0.742901219460426
 100000201     1.048823823333103     1.152941959411695     0.160814157294888
 100000202     0.697650819463233     0.182333196932601     0.404500702954908
 100000203     0.831881938213580     0.163623015278337     0.572651788676560
 100000204     0.030226277740156     0.838839501850493     0.664737738551718
 100000205     0.548462030751541     0.701386066590151     0.935862378094493
 100000206     0.990037547301728     0.450306876807949     0.246464514156400
 100000207     0.545810936115370     0.630543916258487     1.273970141306733
 100000208     1.067388349949518     0.669525340567913     0.464096291821664
 100000209     1.086091038368595     0.873263241208530     0.494470941307023
 100000210     0.784052172168208     0.923976709754632     0.422593630399183
 100000211     1.094278131034234     0.719488515271721     1.055593360531030
 100000212     0.360973379003870     0.150402552052166     0.547442874025236
 100000213     0.988002666921612     0.555396368314317     1.029305654907610
 100000214    -0.032611321746453     0.833405600719440    -0.017560047809072
 100000215     0.560190147127844     0.343899850701316     0.044831809355051
 100000216     0.855826887992166     0.386152401608889     0.503857610779775
 100000217     0.890585224807008     0.411757572792603     0.371030193337680
 100000218     0.143793040309222     0.682151734516846     0.813038011068187
 100000219     0.703597351367695     1.147086628441790     1.029827509442040
 100000220     0.618428061919456     0.021541254847428     0.828556753300881
 100000221     0.957905916372361     0.525896280997826     1.022965695423067
 100000222    -0.075174128234685     1.161221866488928     0.469744243381709
 100000223     0.522872766028192     0.913094676136425     0.320037346811447
 100000224    -0.011821537278848     1.185501495616276     0.503507053810354
 100000225     0.137174263724267     0.078939561457085     0.670807847732659
 100000226     0.588863158008079     0.732361367532036     0.963807918609046
 100000227     0.658287603684866     0.235174875265214     0.534737524932229
 100000228     0.563021908155112    -0.168781545616326     0.593220149127937
 100000229     0.099810631663687    -0.109241043501478     0.256234309697307
 100000230     0.175965683896558     0.892118819524835     0.497672189204058
 100000231     0.510884018636182     0.691111928427399     0.646659837133412
 100000232     0.085102514558936    -0.079730282304885     0.245004769591518
 100000233     0.586987708742704     0.675354800271738     0.896990887373521
 100000234     0.608641933293995     1.069209801157746     1.234157540450036
 100000235     0.125554449466672    -0.057484523406743    -0.260329966150754
 100000236     0.334523543781224     0.985667019509828     1.214119918978407
 100000237     0.811958390606796     0.896977959105835     0.313396996462723
 100000238     0.457025498082497     0.782543137188876     0.878099848093852
 100000239     1.098779096215448    -0.199722924879700     0.548003851615519
 100000240     1.027560083845798     1.008998215838581     0.920044379779557
 100000241     0.605835156586159     0.114707784604999     0.468644250633375
 100000242     0.142945907581494     0.655924028870420     0.785855540712283
 100000243     0.640223762974887     0.777944269163693     0.494251585900340
 100000244     0.776448968613994     0.273617805563826     1.041240036004846
 100000245     0.552293480776583     0.154000421655377    -0.228148892196558
 100000246     0.629682689105110     0.665365914104581     0.481946355781212
 100000247     0.332797090415255     0.082738267864281     0.586799219412963
 100000248     0.500068389207583     0.318337934869267     0.278295987811212
 100000249     0.072357222697025    -0.089290451565741     0.254538800078085
 100000250     0.744443761803896     0.411853207007352     0.637698295023988
 100000251     0.800305549299712     0.834607572865227     0.399182011084519
 100000252     0.388854024150306     0.086093717373431     0.946011417737673
 100000253     0.961614771924840     0.525080484907573     1.046182657788959
 100000254     0.154645682044396     0.450103769562518    -0.224085235729979
 100000255     0.854154404002341     0.451548818733440     0.852145353800512
 100000256     0.827397088895093     1.161949577422502     0.340819717860040
 100000257     0.603854934538207     0.726897158273638     0.962371079686180
 100000258     0.473570459182656     0.497107465060549     0.645761164151203
 100000259     0.577830958751025     0.719436704075775     0.939627000162767
 100000260     0.682626348305915     0.866312628287912     0.172363209263773
 100000261     0.758532140652636     1.040275288662788     0.107494893506065
 100000262     0.018342961408640     0.099072745869418     1.221086763163093
 100000263     0.353072627865599     0.209204276470606     0.562805705372977
 100000264     0.341829341277311    -0.129302639223956     0.600481838395651
 100000265     0.292738392580933     0.231729813101013    -0.103160662454477
 100000266     0.276745260734608     0.171589633545642    -0.032281161806080
 100000267     0.238615195763732     0.213907644039724     1.204339468302249
 100000268     0.056951844222325    -0.117622202494289     0.225765154035240
 100000269     0.581657985448244     0.698594776214742     0.941750224089112
 100000270     0.750824134594432     0.047872955947326     0.165634743719379
 100000271     0.683801073476742     0.438921170996440     1.000158892816573
 100000272     1.016026094454535     1.066411444735201     0.139284896095443
 100000273     0.578874481201304    -0.104200607355605     0.319148881177569
 100000274     0.884204187849043     0.269723384041840     1.003148972096582
 100000275     0.058407247000561    -0.084643154020339     0.237554538751902
 100000276     0.677810213933070     0.158376100692249     0.572276431550129
 100000277     0.490219816892112     1.092416322622531    -0.224479276480414
 100000278     0.482105385496614     0.926857812124035     0.602669284347737
 100000279     0.096004999912271    -0.072964209847576     0.258837398246379
 100000280     0.786799730461963     0.322741205582213     0.435237913279257
 100000281     0.150803177029489     0.653575939688857     0.153474861962910
 100000282     0.078312793349580     0.993968306033025     0.637931567463557
 100000283     0.495615304359251    -0.151572833792439     0.688638354903398
 100000284     0.918032169358592     1.048885770268306     1.261596120868425
 100000285     0.036161087102759     0.302069845856592    -0.190097439346970
 100000286     0.190126472960045    -0.125038452477863     0.192683034178793
 100000287     0.270032532547680     0.071120262644971     0.771396190893299
 100000288     0.889669039688828     0.187117003051539     0.267256576015127
 100000289     0.728146748257089     1.072240308972024     0.310458202501160
 100000290     0.732154934547819    -0.030164044702028     0.353041998473372
 100000291     0.216116411576636     0.211751703651012     0.741675503899782
 100000292     0.486927391847341     1.005078385389677     1.154629413688708
 100000293     1.088110605541084     0.083987386710739     1.249292696086931
 100000294     0.549328609014208     0.270103368948044     0.501586457926964
 100000295     0.560899767951530     0.681283196781115     0.912461313871627
 100000296     0.472544533494492     0.084749226416506     0.737215605025679
 100000297     0.906086915372095     0.526628259831004     1.047917967034384
 100000298     0.398621167103202     0.213267572766697     0.877450455075317
 100000299     0.361468893312738     0.860158657479024     1.135516073333335
 100000300     0.965314382857250     0.477576706930293     0.990460861950923
 100000301     0.438695234714666     0.129516153962606     1.209427352117530
 100000302     0.093877636217679    -0.097533559229218     0.252617327198518
 100000303     0.004110295945093     0.156414949125674     1.061721556054602
 100000304     0.767375087081648    -0.169215552349678     1.091027292337697
 100000305    -0.020271604625267     0.147099555147054    -0.028598387125564
 100000306     0.272568889530090     0.899720563607451    -0.118406241208314
 100000307     0.840997208513866     1.088477248581946    -0.275319795634384
 100000308     0.901904761477806     0.470305153434364     1.027029459365038
 100000309     0.850489294815975     0.741924288481302     0.333748709268871
 100000310     0.303613053044878     0.588343841103648     0.660781143503231
 100000311     0.971369341771120     0.499282112957291     1.010345647266196
 100000312     1.046531882841583     0.194236450496937    -0.189578126975177
 100000313     0.570106435248752     0.484164624973544     0.439670921292003
 100000314     0.901967059767085     1.078330841733671     0.773048307133247
 100000315     0.903041075124295     0.977585266121781     0.518393013956577
 100000316     0.620246029594066     0.723232116558787     0.991066811025836
 100000317     0.787788457164127     1.016028213613989     1.068276179653841
 100000318     0.588647322251307     0.151699629528199     0.848870408411117
 100000319     0.666732172203310     1.082545717861817     0.523871444797449
 100000320     0.288379913199815     0.188593123685148    -0.065207119446903
 100000321     0.414527422388823     0.046269604255163     1.196455306203942
 100000322     0.472217160661919     0.317001263292956     0.354742954191947
 100000323     0.067355653055391    -0.089042927320619     0.224967437196146
 100000324     0.511159688842820     0.875030711195689    -0.256100345569851
 100000325     0.626555534170682     0.689231362830706     0.952139520048150
 100000326     0.073782320202100     0.047694607324975     0.390308003164138
 100000327     0.392852206600460     0.504582955426407     0.560236244954673
 100000328     0.612502903255860     0.713799242217416     0.927116456618721
 100000329     0.633109439254495     0.431943897283721     1.009880431416338
 100000330     0.711705536392614     0.153487005145238     0.464283179966382
 100000331     0.138116764364762     0.646726974295863     0.801830662743988
 100000332     0.286876863026983     1.044800222611250    -0.126364219921374
 100000333     0.495803854014933     0.617082358066743     0.477273983356764
 100000334     0.170438432551583     0.092473811816730     0.714179866648939
 100000335     0.547174207447785     0.910648109811554    -0.203916260816362
 100000336     0.978237632822301     0.590882740430095     1.003589253771759
 100000337     0.378085804285103    -0.088989312990526     0.756923872549329
 100000338     0.334675171705971     1.097155631614418     0.389154994790283
 100000339     0.122926104969227    -0.140455075732199    -0.273499575780003
 100000340     0.535230176769698     0.579361303622758     0.506503592567633
 100000341     1.013277163589000     0.408486644905298     0.759039405459582
 100000342     0.611258915472788     0.222832313908783     1.220998932653791
 100000343     0.602701306024439     0.168196254498516    -0.276107447728174
 100000344     0.977678030692017     0.783256941406687     0.772075506951553
 100000345     0.396140304373683     0.224045766787850    -0.198108850595262
 100000346     0.893210581466495     0.257260202016606     0.438919031972306
 100000347     0.238691397413780     0.798097226067254     0.583439142192220
 100000348    -0.017945540285172     0.134705042727871     0.399299671945278
 100000349     0.893571540352067     0.878792464176146     0.282021902236934
 100000350     0.545845530269065     0.681570689983307     0.959857005899667
 100000351     0.568195344689055     0.591812975779544     1.081080299566198
 100000352     1.017484351757803     0.118447770273798     0.883473306158173
 100000353     1.068536951196857     0.803044215309365     0.615362824322637
 100000354     0.455542179910115     0.031574668054878     0.988125610827106
 100000355     0.085466107477240    -0.064315535912476     0.208952163960018
 100000356     0.813474456734855     0.400248754837204     0.466485898675658
 100000357     0.611210520405272     0.428084745448320     0.355129322580166
 100000358     0.084139369501441    -0.116177890546291     0.274991224989837
 100000359     0.206529420245578     0.528204480033384     0.320304860958803
 100000360     0.548204698710489     0.742070413094742     0.937281941537712
 100000361     0.410205588679069     0.171605829522716     0.689591612928344
 100000362     1.092342754782533     0.752111252440084     0.468673157863504
 100000363     0.249340598676987     0.550981465772722     0.256176889889674
 100000364     0.604553604365848     0.350472322426930     0.500194238766330
 100000365     0.356678928160483     0.123425515545255     1.106255398376768
 100000366     0.136661546515061     0.679765431883652     0.774432439986281
 100000367     0.138923244775963     0.632662585631430     0.785485061361409
 100000368    -0.077692252033160     0.726073082909845     0.165388799329248
 100000369     0.099451617158690     0.822440203040164     1.212026257618898
 100000370     0.861164900718220     0.241988010848520     0.407873183707868
 100000371     0.076999187106926    -0.106075122974335     0.248373808660482
 100000372     0.049229504555156    -0.097421512720417     0.273919378634845
 100000373     0.531277811942576     0.670789843259315     1.130494071955561
 100000374     0.721679246931016     0.184952900113094     0.787333567999700
 100000375     0.218195153539728    -0.012864631825172    -0.161779090910880
 100000376     0.030966687485641     0.661080602516941     0.411032668783197
 100000377     0.139253938732910     0.525548881928771     0.186460795508814
 100000378     0.516984987196140     0.130239728263643    -0.233784021495826
 100000379     0.784783435580804     0.417278647381318     0.240189530796769
 100000380     0.269656926585332    -0.017041276427995     0.953982069839557
 100000381     0.454229209260571     0.125164404717632     1.111313028737541
 100000382     0.337938533306651     0.003828338672228     0.770424278982807
 100000383     0.976103640781349     0.542747791152595     1.016702941468781
 100000384     0.335156460061451     0.129793783630976     0.493713736192845
 100000385     0.208342809945646     0.550119975806547     1.244829491065865
 100000386     1.062419627209824     0.288855976196057    -0.233494798714055
 100000387     0.569353744267653     0.726990740746272     0.948844969598896
 100000388     0.403331259758626     0.161323396611932    -0.069712150336234
 100000389     0.105890487349118     0.637013506520832     0.789890621617696
 100000390     0.831338979623684     0.798563356101771     0.304243052514238
 100000391     0.684284484392890     0.330476206557309     0.727764629550566
 100000392     0.057669666318412    -0.089042960902698     0.239896950875792
 100000393     0.079915302627691     0.897988539351472    -0.119004804654697
 100000394     0.703078362583194     0.248260155170039     0.647936784590971
 100000395     0.845572550619713     0.212801033761663     0.621441759694804
 100000396     0.262716842550256     0.330061857251402    -0.187121394309786
 100000397     0.472239994406202     0.384923167127989     0.570237045549360
 100000398     0.732179200485149     0.492926590674901    -0.050089047975846
 100000399     0.378400058552640     0.143069075900500     0.940222259176296
 100000400     0.206615247424608     0.040368787985620     0.788130952459075
 100000401     0.692618218320702     0.194139313410710     0.750196479103492
 100000402     0.331338563903433     0.149889060762404    -0.089225966145562
 100000403     0.265376285776597     1.031504563709154     1.164255133621538
 100000404     0.303249376995071     0.156158362139369     0.955068202954600
 100000405     0.657760785629798     0.252713012625343     0.313962906030817
 100000406     0.594621384217897     0.134635912852031     1.142966368489756
 100000407     0.963833158808117     0.549354384343870     0.984182761380554
 100000408     0.768403333275231     0.390171573490277     0.570753583069246
 100000409     0.527611578835670    -0.175424793858159     0.809710480347113
 100000410     0.600720632184870     0.197964321480064     0.835348739046130
 100000411     0.432667683585008     0.662645239737765     0.959041031575486
 100000412     0.473926043035710     0.469960501591594     0.606831527579137
 100000413     0.394611509090019     0.695200721946485     0.718920933498776
 100000414     0.512493718400669     0.132369831203563     0.828047207205881
 100000415     0.652950931871483     0.431283755830081     1.094585747241583
 100000416     0.335203279198878     0.120528997775635     0.302075182347941
 100000417     0.277034005152137    -0.157791330726764     0.339616903023355
 100000418     0.699731342089360     0.308951642843029     0.858981039448725
 100000419     0.346181743252439     0.213027308634435     0.874986807442404
 100000420     0.535565309026240     0.867867787710192     0.691705345178830
 100000421     0.266009587826730     1.112471707865230    -0.200269819083991
 100000422     0.728801158550128    -0.071418549571388     0.351099957774149
 100000423    -0.053148564023843     0.961908746118192     1.147035484986315
 100000424     0.578280642567853     0.072063085128292     0.769572234158484
 100000425     0.546969780119192     0.193688690886884     0.462090668900807
 100000426     0.680832701117738     0.300428222808650     0.381242202035631
 100000427     0.731445666207973     1.127330663109858     0.159572873972805
 100000428     0.257166871180065     0.187736071104898     0.052739727131752
 100000429     0.770609224194153     0.122364085573358     0.693417442416239
 100000430     0.302955772209415     0.178627533140534     1.116071967289653
 100000431     0.314069803338658     0.496992452941234     0.615645865230427
 100000432     0.637954507190060     0.060347962871916     1.133485588818849
 100000433     0.598834195256756    -0.069234038055118     0.218915042160617
 100000434     0.135579050131116     0.652041307444844     0.799546609886110
 100000435     0.445310983839870     0.535149385683270    -0.080981067771606
 100000436     0.428526999003029    -0.066282984919515     0.714876617718634
 100000437     0.301017722978750     0.758885941308654     0.828154881044666
 100000438     0.261774082708776     0.093725952663837     0.061346026361314
 100000439     0.672518417120974     0.409574368074044     1.050505800844137
 100000440     0.827149740113623     0.287220661448500     0.528409727097149
 100000441     0.917058419269595     0.326194773868347     0.346581417415785
 100000442     0.687089101391234     0.390336080544344     0.716506024174504
 100000443     0.290730418775384     0.317366216902257     0.931929018567776
 100000444     0.804237026381447    -0.047360174334995     0.604360809130139
 100000445     0.328832120623422     0.042970150606075     0.812769898385728
 100000446     0.763507273270149     0.141407855103853     0.265619150093639
 100000447     0.697145413289848     0.484267174173690     0.943842517173898
 100000448     0.158497083636050     0.977711813323032     0.681237389078473
 100000449     0.838349723898062     0.288657597532056     0.255784750612070
 100000450    -0.076785693200001     0.830130981378440     0.374593374252451
 100000451     0.587844396237559     0.679344858919942     0.946950210013760
 100000452     0.449987234976883     0.037048356555357     0.594409104587667
 100000453     0.135499355596871     0.642917214227725     0.775882063314339
 100000454     1.033879616961716     0.854787512000089     0.794241722482175
 100000455     0.133048531267028     0.630770785724776     0.770641093169457
 100000456     0.346901468086389    -0.106066338705432     0.693114305195732
 100000457     0.450411691065901     0.951875067435719     1.124544766209827
 100000458     1.037983892652090     0.710809305030659    -0.284181646213944
 100000459     0.924205163695571     0.086870834933230     0.972318006802122
 100000460     0.778332155968000     0.347058224237144     0.449710805782912
 100000461     0.565867162110867     0.538744631297776     0.392702030502834
 100000462     0.749919591989106     0.147152154552586     0.515045196195387
 100000463     0.973638792049730     0.505280573962261     1.035137311023256
 100000464     0.854938601826049     0.244438783648555     0.799403752096140
 100000465     0.944489356120722     0.898412633144555    -0.157973903756475
 100000466     0.299664607855337    -0.047509498833620     0.534510721565205
 100000467     0.641402052225906     0.764063274426729     0.941878195114617
 100000468     0.108619635842007    -0.096621478144866     0.167014436418262
 100000469     0.627304280098537     1.196599332223878     0.356571008559235
 100000470     0.851675263191361     0.066928578070674     0.909029373885302
 100000471     0.925255049292767     0.077034924333473     0.373829831639256
 100000472     1.070567630851290     0.931259493090650    -0.007887821212620
 100000473     0.661247817098553     0.405566911966943     0.532692349513730
 100000474     0.896807001984243    -0.138259140742472     0.092164920093178
 100000475     0.417635911461518    -0.179754860177018     0.504032123735677
 100000476     0.324833000582217     0.557838048488095     0.860584662566351
 100000477     0.660508695128330     0.648092092606726     0.567445234245660
 100000478     0.819996432799407    -0.194283133023847     1.215089734584584
 100000479     0.677970975860492     0.296920161844194     0.484239287125242
 100000480     0.836343311020467     0.506393800760853     0.513559671053483
 100000481     0.761617180532223     0.466575345008636     0.141055666646148
 100000482     1.071880756426060     0.254238941380537     0.076277837815456
 100000483     0.902295519344795     0.140961566691464     0.229984134620020
 100000484     0.861207212213017     0.140146422965442     0.054892450081307
 100000485     0.534645854728118     0.484265300705305     0.960395459998439
 100000486     0.519518159488111     0.775175752933756     0.428694776530939
 100000487     0.126034735839076     0.643607978932801     0.776888501008835
 100000488     0.849945463486132     0.384541483001682     1.245709535434721
 100000489     0.395677990004501    -0.109235869794062     0.667057535039646
 100000490     0.079305319693680    -0.109979171276692     0.263273105693875
 100000491     0.428061727305044     0.384643906454293     0.974913061889388
 100000492     0.978851803016765     0.576875191796025     0.933815285553468
 100000493     0.274832400829247     0.992216325190256     0.381210967350009
 100000494     0.136783172682356     0.084565966728656     0.869101478580086
 100000495     0.897438991144036     0.225327861558504     0.988072107590350
 100000496     0.333206866780692     0.584956057946481     0.634551955027575
 100000497     0.869708398687203     0.163368349889685     0.264831608120584
 100000498     0.034482418254867     0.643831758841028     0.493862802535639
 100000499     0.375832274107356     0.043380951173707     0.191210761082392
 100000500     0.966871868844779     0.201843450188909     0.568429185374614
 100000501     0.002903907132157     0.350899527638752     0.818315488032528
 100000502     0.274150616035773     0.241525604222958     1.132208315194332
 100000503     0.958844780033175     0.910603861991577     0.435080719947529
 100000504    -0.043334263411295     0.048725049081589     0.062014429950364
 100000505     1.080514551095459     0.663432599586810    -0.270441195260472
 100000506     0.601189007361000     0.250249291049925     0.916187086727762
 100000507     0.636571739007673    -0.045578304383542    -0.283661236680650
 100000508     0.995799822574209     0.520860368710509     1.091436834180963
 100000509     0.787588013220826    -0.162319070467132     0.469794700539035
 100000510     0.318187504787553    -0.021543260826440     0.528549916000935
 100000511     0.181359124055619     0.468711000715051     0.280322620747195
 100000512     0.595440454166182     0.711942072795995     0.937709786325598
 100000513     0.132414276752797     0.642100632415790     0.818609426461218
 100000514     0.898814424341277     0.321692007370550     0.847858887093039
 100000515     0.337637615786573     0.102895340618064     1.198051460621098
 100000516     0.520888705724131     0.111442837566963     0.639710313353228
 100000517     0.153636317915436     0.635854178927004     0.803630866333107
 100000518     0.744513817196006     0.812495754638028     0.336513024794815
 100000519     0.952950148303083     1.179694558550225    -0.195829391074460
 100000520     0.060041349131877    -0.076424254650112     0.225913217073783
 100000521     1.082596087640831     0.365034088325416     0.805338756844235
 100000522     0.139950874347276     0.663502996095107     0.787690655000640
 100000523     0.141607011018236     0.655532404686385     0.759585741079083
 100000524     1.057467622971253     0.281811259395754     0.574369735561036
 100000525     0.136628967565001     0.632531225425207     0.770260954963730
 100000526     1.054783077543770     0.513031776580987     0.734857622751332
 100000527     0.877285266495780     0.667495184021685     0.735978676459111
 100000528     0.949318397665143     1.140243868626945    -0.053962069946013
 100000529     0.349439591459515     0.536718927680592     0.645605646977798
 100000530     0.376878257680211     0.337277774822974     0.645524550429566
 100000531     0.662526466305556    -0.179600658549797     0.632851917709994
 100000532     0.146048635539169     1.094410501184973     0.846262539801355
 100000533     0.808057322736277     1.186820104317567    -0.134588808882480
 100000534     0.787216319191770     0.654499835621896     0.026070947708832
 100000535     0.404947796634056     0.174138306437341     0.699418946552380
 100000536     0.884066233497591    -0.191119231035942     0.867410663751639
 100000537     0.794876169816727     0.044068502480902    -0.035103196145672
 100000538     0.462693645847035    -0.023129065664414     0.655543560287045
 100000539     0.475656982472877     0.724561191882466     0.917938347240399
 100000540     1.074234578571695    -0.192547910715371     0.769481986278311
 100000541     0.323667940907687     0.127196457365324     0.726926610727265
 100000542     0.619697043766514     0.060346219486401     0.185448744533752
 100000543     0.270036795203008     0.589074584596140     0.436157688500458
 100000544     0.960383212509613     0.523693945242327     1.030592655722864
 100000545     0.950913314746279     0.291735984708857     0.299306905303695
 100000546     0.431526665113560    -0.012159189530026     0.432966171430662
 100000547     0.063598364171792    -0.073882167955446     0.226827031928086
 100000548     0.320702128777228    -0.145534065031915     0.689445561479703
 100000549     0.713809240311212     0.210075445566259     0.435804780665043
 100000550     0.901828204246257     1.177336388310270     0.999914181949335
 100000551     0.246179073800715     0.216104537396801     0.002495859337706
 100000552     0.143509565408204     0.662266911851803     0.783516924032110
 100000553     0.861468772846984     0.687338630110615     0.365230011997362
 100000554     0.690703574756382     1.154535086783010     0.467786893256045
 100000555     0.395941147313940     0.629823965886998     0.820422209683403
 100000556     0.846378526102334    -0.097748450753990     0.338808539240767
 100000557     0.591287335942504     0.288423563486552     0.510080754550013
 100000558     0.348471036319078     0.664443864293291     0.622837417528127
 100000559     0.832123552978662     0.167953663971491     0.398033710517216
 100000560     0.121339734045442     0.632502143841568     0.791675051962601
 100000561     0.943590892533724    -0.092401750834714     0.629400764821215
 100000562     0.049032689950225    -0.068377332639093     0.209801604622439
 100000563     0.961503348057220     0.534580712617798     0.996891282297153
 100000564     0.281133418695553    -0.051253873336631     0.612806266219953
 100000565     0.709553291489945     0.450706800506279     0.524258393134277
 100000566     0.786790414417533     0.226306067528265     0.222640195308335
 100000567     0.261891204011359     0.668018413671586     1.207462462702296
 100000568     0.049043751125788     0.792333322322368    -0.000975070481887
 100000569     0.831462083400432     0.005562572257671     0.990540359412104
 100000570     0.985330124166095     0.146531685364450     0.507350177138117
 100000571     0.795025784895580     0.094713173336595     1.067318684032589
 100000572     0.338791943947857     0.601998724372217    -0.283115145967625
 100000573     0.083322401167183     0.548672108263161     1.204979151880298
 100000574     0.270687917962757    -0.054187855740661     0.676768935400824
 100000575     0.582159590865107     0.684990151893936     0.881090758884323
 100000576     0.351850342559846     0.115286672377621    -0.094389017214057
 100000577     0.437696429800616     0.079288135490913     0.996856747066240
 100000578    -0.054155815046881     1.076276303613667     1.189251284392484
 100000579     0.996950370336301     0.362607058992348     0.401005754758438
 100000580     0.349707022423121     0.137365671708792     0.950907289381375
 100000581     1.089737906831290     0.809000411135693     0.873410629781759
 100000582     0.932076916572073     0.456262938986718     0.198395330316275
 100000583     0.931162971799846     0.058435404676566     0.885165206855767
 100000584     0.278180258841301     0.222987562649270     0.007158792635724
 100000585     0.659912801639160     1.091970380898609     0.607611313295753
 100000586     0.634253562353665     0.275021806225797     0.972400240882527
 100000587     0.072186867271388    -0.124363703695545     1.152815476999874
 100000588     0.669584507456587     0.195939233471856     0.295432744821469
 100000589    -0.075988250113362     0.491222103580168     0.117137293046971
 100000590     0.274139469766192     0.690865108849725     0.261009319472208
 100000591     0.553402557560897     0.686934916370401     0.937962721973282
 100000592     0.091627584552292     0.545412732668860    -0.029115925686660
 100000593     0.297506955532320     0.605855740015383     1.167012287177594
 100000594     0.537552423381477     0.470996652751735     0.604102258667912
 100000595     0.475641420512221     0.919246498611205     1.109774138284131
 100000596     0.155924449609019     0.618557248523662     0.765257605393414
 100000597     0.807843477148650     0.962830260085310     0.184925376503397
 100000598     1.006113611922945     0.739287112857462     0.547828996560103
 100000599     0.110621742119765     0.669951972208103     0.777834187534405
 100000600     0.760723599833066    -0.001742540176419     0.749224353710885
 100000601     0.428589787654489    -0.083846988262025     0.986119728963959
 100000602     0.195468950794535     0.114307405858665     0.775496334116679
 100000603     0.375950462400876     0.059353464240546     0.877448570013524
 100000604     0.360936102910838     0.139929735069289     1.024142482660417
 100000605     0.117415890525680     0.649403726487327     0.789858714493477
 100000606     0.402767846549007     0.596390240133492     0.194261383844046
 100000607    -0.032720922750527     0.277542008788551     0.740748139158788
 100000608     0.339049505946150    -0.167864438379440     0.768506099678323
 100000609     0.989189400978247     0.753897262790076    -0.174412548553423
 100000610     0.811641026059401     0.282942481806314     1.080962967446553
 100000611     1.058047015383041     0.901285792719992     0.314657641737602
 100000612     0.601709895578601     1.117983723984517     0.756241771501661
 100000613     0.042348574011781    -0.108331860810965     0.229078443069868
 100000614     0.590538398655825     0.575041045375826     0.500713508013051
 100000615     0.013505748799038     0.247100211693294     1.251623489844681
 100000616     0.174272910412304     0.677482145968354     0.835914125572925
 100000617     0.666246584837134     1.015326113529392     0.909661653630083
 100000618     0.871849453060322     0.009471845430504     0.765154869045699
 100000619     0.925904982591105     0.979280286758448     0.827463775303246
 100000620     0.643891956239897    -0.050741005002718     0.604095330299352
 100000621     0.563913067071943     0.335700504587522     0.192985190714484
 100000622     0.299840207821211     0.894230966122490     0.686032015759904
 100000623     0.983552326268462     0.282092063200012     0.156517187220047
 100000624     0.338550218820179     0.227632869004608     0.939868005521445
 100000625     0.074871394726907     0.765170294684153     0.900696403870969
 100000626     0.448115868363833     0.436936133789230     1.152152828081601
 100000627     0.553835286913657     0.314197500836328     0.951814950086480
 100000628     0.871187080342074     0.379656651419476     1.208405030770176
 100000629     0.468423613894969    -0.032829144864168     0.887961143928330
 100000630     0.668977686638862     0.312728400834119     0.458789499890715
 100000631     0.263871251592268     0.330953427185540    -0.086974742968033
 100000632     0.915159060252683     0.723061291299996     0.807308796992198
 100000633     0.870643187506807     0.020651902353761     0.822553060461668
 100000634     0.760027241972244     0.269013297782170     1.102013311829197
 100000635     0.392484032596410     0.731719674330409     0.480957961560647
 100000636     0.973102198504756     0.349563196306342     0.584768456114157
 100000637     0.591114677278226     0.713293550283313     0.937658413372611
 100000638     0.478364997168600     0.033430102515539     1.252972826536138
 100000639     0.619370095131979     0.057627497049780     0.691245143291983
 100000640     0.018287134469093     0.985930135979877    -0.001346178912223
 100000641     0.434154636863559     0.303282870757849     0.503800272048885
 100000642     1.038729485381630     0.736707878597773     0.530023783763396
 100000643     0.387696901370264     0.642170917004483     0.509913648071347
 100000644     0.904215690360275     0.557566078595544     1.031250661870259
 100000645     0.937984223776534    -0.056915659536863     0.364659298002958
 100000646     0.336011632782809     1.003322600336755     0.096896686192821
 100000647     0.502691103218431     0.563976968615988     0.324912735548214
 100000648     0.538638451606327     0.916347275647955     1.080913668386277
 100000649     0.089519033487762     0.290103200179440     0.725673503538184
 100000650     0.496995340229315     0.012810505949930     0.640776658235568
 100000651     0.501262007928356     0.250665822741524     0.337980194729889
 100000652     0.775888111683407    -0.177040746148105     0.807584949859723
 100000653     0.561331928465121     0.689473201973823     0.952979244440218
 100000654     0.247457191557308    -0.140150428839204     1.076007366857362
 100000655     0.926757659087166     0.487114196950705     1.080499447992276
 100000656     0.590376345840743     0.691101173125555     0.975260294894309
 100000657     1.037300675057609     0.610305867677882     0.911007347043824
 100000658     1.089441012953397     0.858606915127629     0.049954998329274
 100000659     0.889730610351020     0.508177025236584     0.509080252399406
 100000660     0.143186485203466    -0.174452487523724     1.123021581132403
 100000661     0.941120508240495     0.478500336930655     1.055673185181462
 100000662     0.694916605686553     1.168906557675946     0.929547226974505
 100000663     1.022193669835700     0.892652159927701     0.294233850434539
 100000664     0.320591092047773     0.623037675099935     0.422747758033900
 100000665     0.283443229847796     0.131721439853314    -0.026577490026833
 100000666     0.924471950613504     0.536246493329602     1.022082587042499
 100000667     0.040644738452327     0.033446569062868     0.685032691810632
 100000668     0.986995460237497     0.425175097321192     0.412786914543649
 100000669     0.400698800315684     0.186980656039087     1.199763544997863
 100000670     0.288254413633672     0.114147141208440     0.936199126216004
 100000671     0.895015806767046     1.128110397034954     1.218624483612456
 100000672     0.115680039827153     0.586931639452414     1.041324438982761
 100000673     1.064421257370554     0.261534275116397     1.036668000234807
 100000674     0.647554572799157     0.926417264279953     0.616208848682398
 100000675     0.684893235730924     0.214916713947971     0.393630951673659
 100000676     1.077611721967078     0.792060882177726     0.410645836799231
 100000677    -0.070612493060511    -0.023171744668014    -0.194275765838753
 100000678     0.196700993380084     0.772880443450406     0.773367358500095
 100000679     0.427077912052766     0.151774922915463     0.281294417263367
 100000680     0.582686067668553     0.791247695024543    -0.248370307790232
 100000681     1.024670315022296     0.702396455722097     0.101707103894530
 100000682     0.744849503707786     1.105713234750938     0.176748616514373
 100000683     0.462930303576990     0.071300828518567     0.300131538946722
 100000684     1.089845405019636     0.301095796084566     0.883540078678817
 100000685     0.524187452048335     0.057027832978048     1.292213817652344
 100000686     0.146565556364458     0.633389471203570     0.772415797741257
 100000687     0.485219073878619    -0.049226226127232     0.277867577729852
 100000688     0.424639702823534     0.110744251647037     0.698226197494697
 100000689     0.436221486345860     0.012925650659148    -0.056348739421454
 100000690     0.657692016195408     0.454861803335172     0.645987181787519
 100000691     0.809124527748839    -0.037400396997620     0.592296523480461
 100000692     0.839680420260945     0.381256915819383     0.377559145613464
 100000693     0.127751987643313     0.649219533707466     0.774167112459497
 100000694     0.206115406777822     1.189818749014363    -0.284937653817155
 100000695     0.885462012209632     0.540567151236932    -0.195539450749904
 100000696     0.795029673484600     0.956558698302045    -0.073463950199678
 100000697    -0.026454996144793     0.884899899970269    -0.120630528704381
 100000698     0.314323634448579    -0.002325895003069     0.478766981203899
 100000699     0.951951845606712     0.671004702814689     0.112907772006763
 100000700     0.158848803945013     0.632148905748487     0.810407304716725
 100000701     0.686222008358542    -0.127971680324439     0.771223444315567
 100000702     0.246515001596101     0.088561764885148     1.020317773527437
 100000703     0.663040754388387     0.235013069670540     0.121730330405288
 100000704     0.570419239258314    -0.057846908167208     1.159297111298692
 100000705     0.313958474405606     0.845595743806154     0.909788129255793
 100000706    -0.048667935272140     0.917520043156643    -0.256643889674812
 100000707     0.891096966160503     0.551221309311867     1.089929411919456
 100000708     0.390840138327417     0.002198525317912     0.653747600712504
 100000709     0.950692890869880     0.615368944051127     1.094651322573188
 100000710     0.960515136117865     0.543961377844642     0.982490665957604
 100000711     0.319521579400280     0.365031361248067     0.284772539065849
 100000712     0.386765779870208     0.328152452269960     0.133405503923007
 100000713     0.343415764252981     0.157874478054322     1.034461222423904
 100000714     0.338345304380385     0.025571282245769     0.808569154838128
 100000715     0.080727480714432     0.562417739285411     0.607073831621660
 100000716     0.647073746471457     0.291018899026314     0.508456485979198
 100000717     0.971540919167483     0.500941524920477     1.066478865738336
 100000718     0.137468487888737     0.681716388783842     0.800977588281046
 100000719     0.288596219796331     1.129451262773196     0.367011824885396
 100000720     0.967312780508083     0.564457807345499     1.051956525634122
 100000721     0.335982436794999     0.926685356229096     0.316724691988467
 100000722     0.335397673033156     0.230664628699427     1.095053089522341
 100000723     0.581093418508093     0.724501985504314     0.951075320196765
 100000724     0.802425538982558     0.222189457917365     0.763263026143219
 100000725     0.355029038556726     0.077432418119875     1.120909944055649
 100000726     0.917148101420669     1.073719233757229     0.542756986366891
 100000727     0.403528337266518     0.328153517398704     1.077612773615142
 100000728     0.161650886524810     0.664166787302654     0.782025737705996
 100000729     0.540904474340350     0.926018642714168     0.596425356047846
 100000730     1.088041641884462     0.159013905259800     0.002608965624753
 100000731     0.124943979289778     0.117574102721195     1.068213067063092
 100000732     1.043699384317627     0.842237043478596     0.665909424936737
 100000733     0.937401680436527     0.479245169598944     0.994819601915860
 100000734     0.546906911744256     0.204750796170241     0.335772259944748
 100000735     0.624560695500777     0.350785789677012     0.108042328349254
 100000736     0.409201771670661     0.670013900179894     0.664626638229637
 100000737     0.925117121269302     0.434747491704019     0.529091470885558
 100000738     0.373594231273716     0.047176706594983     0.798717199264699
 100000739     0.120544446970725    -0.129984040665523    -0.142123905809890
 100000740     0.480745406280795     0.900679066945327     0.184420111953139
 100000741     0.511054418547438     0.297325219055101     0.259154270153352
 100000742    -0.024087229679001     0.022644202368592    -0.048677173863137
 100000743     0.402014814017467     0.064565677129554     0.914976415540040
 100000744     0.050182174774883     0.865775308985467     0.239894287783307
 100000745     0.950975127603302     0.882562394289629     0.718266506676919
 100000746     0.889040380437955     0.228464384526390     0.260538781682332
 100000747     0.913611378560339     0.943269357666629     0.116492019543692
 100000748     0.505369496912897     1.106763887162336     0.848665079403760
 100000749     0.454249906968891     0.165873580086034    -0.014340573378336
 100000750     0.520457009077462    -0.184750924852835     0.091263898667482
 100000751     0.311447933581586     0.396263430291482     0.062115952028143
 100000752     0.437961216332029     0.853820655679479     1.201212079968755
 100000753     0.023747219694707    -0.036212893457533     0.300335448502824
 100000754     0.281393744227817     0.836833079762251     1.090895808267550
 100000755     0.928880859780964     0.315559881001661     0.411230853672874
 100000756     0.751669253333965     1.165501175229544     0.092765733337496
 100000757     0.787468567881388     0.938220910791529     0.793710788496265
 100000758     0.168823821111986     0.165042929966084     0.932358931035354
 100000759     0.539004223869970     0.866895025558973     0.415038628951675
 100000760     0.850220435951537     0.504057868237824     0.428455011142690
 100000761     0.770344620198237     0.367651651047864     0.514039630864924
 100000762     0.009081869087746     0.622947016854637     0.800821280671081
 100000763     0.802866092510799     0.792033134996961     0.494048592334169
 100000764     0.118052598086521     0.968188082733886     0.083526707720365
 100000765     0.161869459834489     0.282371348714568     1.155761418604305
 100000766     0.339129343001472     0.025859646894157     0.780507382449695
 100000767     0.747551402130442    -0.111897043551842     0.529011403120211
 100000768     0.666526879982781     0.713493150469528     0.536392314305758
 100000769     0.941088808110981     0.389689598731603     0.675937890794064
 100000770     0.571325763503618     0.026236741313286     0.980915304781209
 100000771     0.460437815811315    -0.066582735834277     0.433989081619261
 100000772     0.540424592974353     0.408437849240916     0.328630077111852
 100000773     0.198871917690939     0.245784062724109     0.314726428768065
 100000774     0.793441003001763     0.327792632123491     1.104857285361968
 100000775     0.391851918397305    -0.167337112002460     0.663699703248566
 100000776     0.276825887961841    -0.084523854465958     1.184523912433359
 100000777     0.987880035248931     0.259607787744035     0.392881876160317
 100000778     0.306470834009672     0.210450795039937     0.030486055626108
 100000779     0.452162675570643     0.416220230639731     0.274967578556137
 100000780     0.670694955065277     0.346567820227734     0.433354285715369
 100000781     0.623078587704771     0.468010278816908     0.798344577029896
 100000782    -0.087630463836306     0.602930846504500    -0.293071569606447
 100000783     0.743992235737359     0.285902931090465     1.104802708774377
 100000784     0.664609456840853     0.460058620472050     0.577949314228317
 100000785     0.358680166442989     0.984744539881186     0.308771593349432
 100000786     0.888085252643086     0.993385154782397     0.414146543915210
 100000787     0.238568210767834    -0.155931956785312     0.179046229366702
 100000788     0.090480086830287     0.654030334360114     0.806478598125483
 100000789     1.024792802558030     1.144524057864600     0.470537856504435
 100000790     0.270480041561399     0.227569380510342     1.124791071951252
 100000791     0.384041439537424     0.291104486560261     1.031748419144576
 100000792     0.940439406421931     1.124796413803241    -0.095556655604100
 100000793     0.325489413247663    -0.051098609055921     0.991163356120675
 100000794     0.524511842310731     0.864498779208689     0.719158347706214
 100000795     0.375723234990195    -0.135309449599812     0.935827035636473
 100000796     0.816945176788297     0.316082418055757     1.121342833179995
 100000797     0.070215175536484    -0.126122332515232     0.239931793541208
 100000798     0.085186883916825     0.736130991043059     1.100312131456483
 100000799     0.903159487315753     0.185459380495499     0.280131298402756
 100000800    -0.051492288465704     0.142728701737254     0.496556567263491
 100000801     0.329160837887648     0.213565257541914     1.128093861755639
 100000802     0.571739226396851     0.428114583540824     1.141683602717247
 100000803     0.477206040978771     0.001226168822567     0.954010709877040
 100000804     0.441712637647261     0.775710334790609     0.849769050782758
 100000805     0.862312748336317     1.111339107195942     0.572485798325152
 100000806     0.150696517118777     0.055493720695640     0.911693792111276
 100000807     0.381162645224033     0.787156771333432    -0.291937189821629
 100000808     0.661681336303127     0.868862652235967     0.616358494179199
 100000809     0.362428848553780     0.106535512489799    -0.006075986371710
 100000810     0.960040664632719     0.505480558268598     1.078181073478402
 100000811     0.967758140555573     0.705941452269114     0.842456565667129
 100000812     0.576569277179660     1.118493056170649     0.298907897601490
 100000813     0.813645048818748     0.842282462325260     0.506631701127261
 100000814     0.381942155615456     1.169969695019752     0.682562707112245
 100000815     0.605657003967613     0.966449229070839     0.950782026210067
 100000816     0.385293193129837     0.127046807474105    -0.046175486064533
 100000817     0.858140397570123     0.662753233626804     0.113317988211270
 100000818     0.365878666311790     0.234632298917914     0.403876933684482
 100000819     0.631255556018906     0.711094845429317     0.446222954045400
 100000820     0.249917527847904    -0.072970907157640     0.690653326501988
 100000821     0.912072274393495    -0.166346895624857     0.086300689461572
 100000822     0.119109611086026     0.951688169249983     0.492365550874724
 100000823     0.357449462456466     0.026919470797000     0.777058796965059
 100000824     0.642556977246488     0.101935425299540     0.556553677303484
 100000825    -0.069143855558328     0.821539334720675     0.881217719646249
 100000826     0.724924279765508    -0.092915192313313     0.232074260610162
 100000827     0.884652251943586     0.250165848603746     1.149345899310342
 100000828     1.042961884373087     1.034112993618390     0.993517151193204
 100000829     0.960521434491770     0.560674037056292     1.023235676255381
 100000830     0.720370287521043     0.352380438570280     0.462234903933432
 100000831     0.393909886127044     0.114310723849256     0.744530805734204
 100000832     0.849611886199979     1.195179991195802     0.579532301225478
 100000833     0.111391994487191    -0.097576412292397     0.254908254749316
 100000834     0.899223546122151     1.070721737949718     0.326702423525929
 100000835     0.397009453842944    -0.115237256410322     1.229276931134163
 100000836     0.367434594050090    -0.199745921501009     1.109010300202020
 100000837     0.332843810575270     0.274220561421994     0.354713891171622
 100000838     0.757724864940049     0.168159016242140     0.984161442517232
 100000839     0.948800303804668     0.387080856744435    -0.289598847921108
 100000840     0.902394395452554     0.736472580978721    -0.038313691098159
 100000841     0.154018595442145    -0.065135921912971     0.974661900992640
 100000842    -0.087517036911954    -0.175689645931835     0.042260768087216
 100000843     0.571084058877491     0.701212875159549     0.960561539470873
 100000844     0.332832004375674    -0.076642204607710     0.770161394928693
 100000845     0.966068923991708     0.565462592661214     1.031059781041592
 100000846     0.574153763743451     0.337686057969937     0.465798256052575
 100000847     0.596276532176459     0.389702332118283     0.554270750208161
 100000848     0.645320701185569     0.506251491518704     0.410449312467400
 100000849     0.145701621919506     0.677351322423184     0.820720928254258
 100000850     0.907884095554064     0.892508043715916    -0.187778992788335
 100000851     0.136273428155160    -0.057997067088851    -0.002969864680812
 100000852     0.585195325176149     0.556297354537737     0.513133840626259
 100000853     0.134848969224803     0.649479845495816     0.799760586226413
 100000854     0.754273037831350    -0.177048918147756     1.177685526797293
 100000855     0.932849168019453     0.549270326548389     1.027134510371879
 100000856     1.015334717775878     0.869582580020345     0.912529013025255
 100000857     0.432456028390868    -0.101169339784190     0.748893666849069
 100000858     0.291805800944410     0.524591160536308     0.399752223095451
 100000859     0.175572267033127     0.648239086244262     0.775350397153471
 100000860    -0.016893539414842    -0.183925625720099    -0.155591924496049
 100000861     0.770721965045141     0.782462444780895     0.371056167418808
 100000862     0.403455103063158     0.088802435280084     1.118896354747835
 100000863     0.520338269730409     0.729111350625795     0.936243697589904
 100000864     0.644072671181243    -0.174037934180487     0.652543276859575
 100000865     0.868320452406395     0.568448829569619     0.371742334289588
 100000866     0.640963315227324     0.763586949030064     0.004119041193510
 100000867     0.152278484494304     0.684512932180749     0.806864349472953
 100000868     0.132059730024837     0.656051957989684     0.773158976857828
 100000869    -0.045193128964811     0.078007942049306     0.702029181050700
 100000870     0.747584261000092     0.577393052635419    -0.225048345423014
 100000871     0.390460884561345     1.171430072465397     0.736390411070272
 100000872     0.365216416577945    -0.105662463946092     1.206271918014291
 100000873     0.109215200649788     1.033924740419878     1.040321231185714
 100000874     0.887877796100704     0.475104057633437     0.397099542209962
 100000875     0.289426838680393     0.182316587353611     1.100531578726555
 100000876     0.376531105768888     0.130118815798461     0.911696208600642
 100000877     0.165599162962569     0.536942283428983     1.064424221001438
 100000878     0.268331181154830     0.788883731818438     0.439072113028835
 100000879     0.299703484814234    -0.136710118471537     0.711756881330243
 100000880     0.703775273504608     0.995304900278095    -0.217743530650089
 100000881     0.493116319633622     0.059461944039389     1.091854770629842
 100000882     0.077139642378027    -0.097700407846109     0.244096249472179
 100000883     0.057991421037448     0.286700127594092     1.286314522038660
 100000884     0.615146020051725     0.081760483114765     1.080595150581734
 100000885     0.824013967041439     0.342795600168056     1.063654544487737
 100000886     0.094866729971305     0.658494352875399     0.771648370964838
 100000887     0.407669513027615     0.890860507904616    -0.265084471668358
 100000888     1.058710567463009     0.878102791535047    -0.158135098043446
 100000889    -0.033823848822609     0.593545858660357     0.112790467516252
 100000890     0.201855237845674     0.140419076777888     0.636964949705648
 100000891     0.828443761798306     0.595717636089207     0.694101308682318
 100000892     0.996391972615302     0.279630267441261     0.901399196175595
 100000893     1.078965540271287     0.258635896508563     1.248108544048790
 100000894     0.434537168648752     0.642075879450413     0.319562175095283
 100000895     0.083569935278468    -0.099572781316307     0.244716377587429
 100000896     0.561254363500019     0.412841765930620    -0.081557248972894
 100000897     0.710664990354144     0.318583650535893     0.487400059977852
 100000898     0.048801923505188     0.921837753904885     1.157973073841208
 100000899     0.255157260628501    -0.013325235917796     0.561204153637068
 100000900     0.784654995396570     0.187085672229767     0.366816382493218
 100000901     0.061266311400188    -0.041698001065462     0.747006425751192
 100000902     1.012062709548648     0.200728296038677     0.582702100920374
 100000903     0.144721750590219     0.638468709348144     0.790764389682961
 100000904     0.344897508742998     0.192536732366943     0.017894371527051
 100000905     0.219478550413837     0.629652518844484     1.023344228137357
 100000906     0.776075553308757     1.170182129495843     0.040042352451297
 100000907     0.608667489968187     0.686422050957039     0.919107986908694
 100000908     0.889514559584912     0.860326071788417     1.162318738696686
 100000909     0.580039207530182     0.300945420515173     0.315353059820157
 100000910     0.690691516028688     0.457300752762566     0.566258749340131
 100000911     0.077671556232559     0.005481901916825     0.697755218815608
 100000912     0.173696337188616     0.018503758633523     0.912598469560491
 100000913     0.864501139372964    -0.065994338412224     0.132192515635356
 100000914     0.433475129660413     1.060200398429547    -0.025800671357501
 100000915    -0.039495279673879     1.130780087261730     0.724830296124883
 100000916     0.770184223225063     0.966069470686633     0.514216651324486
 100000917     1.085332518615844     0.021012806258427     0.984569861377318
 100000918     0.043255005620356     1.003248341255504     0.423834617678075
 100000919     0.932266605174207     0.249301408991927     0.479189253868558
 100000920     0.780877622464709    -0.036392828882143     0.485588127370281
 100000921     1.083421538129613     0.496536206099258     0.301323562260758
 100000922     1.012075702059614     0.565087634469890     0.995571252906845
 100000923     0.491600557361068     0.139507363056611     0.689725707103695
 100000924     0.950115305741550     0.341121153137221     0.386262563990058
 100000925     0.876949864802729     0.877254568010581     0.117361802731813
 100000926     0.971774932259723     0.553095870353355     1.015162601849580
 100000927     0.979940520559195     0.136847672209986    -0.239322541069980
 100000928     0.772264809761812     0.562730894513084     0.658800209137988
 100000929     0.077512377303999    -0.100182916924298     0.241849580791418
 100000930     0.753121117886828     0.613183380769373    -0.043658517151637
 100000931     0.403601230274174     0.107605054724200     0.143680112315063
 100000932     0.781100864436048     0.064725408669474     0.837122062753390
 100000933     0.400474279059514     0.913627690665080     0.963927478846033
 100000934     0.745489955061972    -0.005810365971770     1.256729373737582
 100000935     0.975344740119740     0.912079776003629     0.255752803121296
 100000936     0.563895118304705     0.705389911624726     0.985062313492109
 100000937     0.883111424637106    -0.139472124685497     0.405697572435772
 100000938     0.586025384604172     1.146334949526791    -0.162596765348103
 100000939     0.619594524048692     0.745200816144630     0.582865357046985
 100000940     0.693276790418496     1.128650478384966     1.022846209379419
 100000941     0.553071616139072     0.685340124527255     0.958313784385428
 100000942     0.145013103561899     0.673595090332624     0.768189578675082
 100000943     0.290240160823631     0.019029230245335     0.599909684463751
 100000944     0.887231356150861     0.492000751087812     1.052230717814305
 100000945     0.904475253723077     0.732434794985076    -0.120912536492228
 100000946     1.057715201628314     0.580879793882958    -0.007041144450049
 100000947     0.146752580595143     0.658660755711887     0.903495475253844
 100000948     0.870586412615197     0.045160594023159     1.136303802856856
 100000949     0.077241143240507    -0.093108433670791     0.222674209250226
 100000950     0.032038854057877    -0.094263671281946     0.255011289108137
 100000951     0.231828189675846     0.126051081414939     0.002683491499849
 100000952     0.660131065167038     0.725823829618027     0.656073762979498
 100000953     0.026508890009625     0.316263603388470     0.850392063582055
 100000954     0.735886182446446     0.099021696413905     0.657720902797094
 100000955     0.589223816978660     0.757610112025601     0.915531645034040
 100000956     0.873041116142018     0.930563003631249     0.681682572790493
 100000957     0.072851015610550    -0.080275564840241     0.247296549007864
 100000958     0.668976923024282     0.186427649222740     0.979760125847086
 100000959     1.062583517204075     0.816048220454769     1.136072090180021
 100000960     0.425728907145465     0.083692706250751     0.094617397918450
 100000961     0.081845564731134     1.120257122165704     0.044883267185022
 100000962     0.160188512846843     0.629107095370634     0.808373652777904
 100000963     0.702876933993974     0.195356064501353     0.483123482975979
 100000964     0.222597910448815    -0.028564372739705     0.577140990316068
 100000965     0.773301092196277     0.548992861421218     0.879945472947192
 100000966     0.590647284439731     0.734008488761134     0.943374739621803
 100000967     0.327436909043197     0.018707468740284     0.664702019371513
 100000968     0.309968781089912     0.388536772793861    -0.167385510141447
 100000969     0.225836425726616     0.436176764144919     1.193690475562064
 100000970     0.322852108908358     0.153116439402100     0.912439407507331
 100000971     0.928635869779005     0.722375161677559     0.486803159829861
 100000972     0.853399752505263     0.823195569890076     0.968028825202459
 100000973     0.229071208764757     0.230766000957592     0.869328495270022
 100000974     0.620939430425225     0.676144643043754     0.668920871049901
 100000975     0.802850358874628     0.460488286109260     0.288125124651008
 100000976     0.527937305855376     0.350710967905923     1.065413806665438
 100000977     0.147311929799011     0.661612339050271     0.786476298252963
 100000978     0.241172445223792     0.672723395401421     1.040536992287094
 100000979     0.157372130051457     0.220160966939510     0.196937325001439
 100000980     1.012281830691504     0.974615038228184     0.413765855930061
 100000981    -0.020487501533827     0.764743361316076    -0.140977089062782
 100000982     0.839689605115101     1.133427382226508     0.831418064848069
 100000983     0.343159557343215     0.093147655915755     1.054781513817547
 100000984     0.098624252957427     1.041383152895610     0.231102422659891
 100000985     0.138495808045922     0.650473804957721     0.826254920101281
 100000986     0.181979692958097     0.698338784628300     0.764405620126393
 100000987     0.085782198385429     0.313990553615478    -0.144978789111890
 100000988    -0.094119918532586     0.050788627971385     0.213336294203761
 100000989     0.770250552308564     0.667960318006890     0.808211534262329
 100000990     0.983421027499356     0.274593415103940     0.371313176945115
 100000991     1.055389812251279     1.188951972988165     1.281949066952612
 100000992     0.217093910019367    -0.078522018628391     0.484079910583544
 100000993     0.727186930305794     0.096714998600474    -0.251183113335002
 100000994     0.598767152156313     0.644330668344309     0.953235756825350
 100000995     0.350759963817370     0.589340529742203     0.533028714390361
 100000996     0.631292283080551     0.267197007818427     1.172794258145639
 100000997     0.987300699351156     1.062191860627355     0.052587575493255
 100000998     0.824247132293507     0.297370319262956     0.482897871444247
 100000999     0.508576476395925     0.524664776316648     0.404894181842690
 100001000     0.716345017874154     0.236710960205555     0.980721909014375
