 160000001     0.111944030183638    -0.089940398704413    -0.055028383785635
 160000002     0.822310261656949     0.845640791683561     0.465231290333864
 160000003     0.056677135817516     0.270351110813689    -0.170460238529594
 160000004     0.366208785233489    -0.081337512757223    -0.266987229210354
 160000005    -0.038712538205338     0.310596720224354     1.201779781642881
 160000006     0.667822265457899     0.271597529914177     0.482483189632193
 160000007     0.912958921381185     0.491299232658866     1.030679825285581
 160000008     0.656419314978358     0.438061440246260     1.182732598113854
 160000009     0.577783929196152     0.247748024105539     0.421418185848580
 160000010     0.076557781069936    -0.076060896733642     0.234522179284221
 160000011     1.092422207054739     0.341840568512686     1.040365352140838
 160000012     0.739913526862924     0.691250158774722     0.603232570906194
 160000013     0.934095434888510     0.513759434110813     1.018989479593583
 160000014     0.421219239107391     0.086846544780182     1.176731393993926
 160000015     0.432679092676638    -0.011652291028397     1.041815529276888
 160000016     0.351126916769187     0.165897948085747     1.050750507486625
 160000017     0.740882144108719     0.501523215068248     0.503943893261112
 160000018     0.461560093628541     0.790148027353810     0.480044527892108
 160000019     0.905812185828650     0.496948056770335     1.002147351414678
 160000020     1.097783985723499     0.240795087812644     0.376710923466153
 160000021     0.157553219265233     0.636905873688609     0.811538167942350
 160000022     0.360209743629547     0.139488168678286     1.205790329652210
 160000023     0.796685865225431     0.705904910207235     1.090934105292398
 160000024     0.356777969238961     1.131748791782023     0.565105220865600
 160000025    -0.035866083650148     0.516190048457534     1.061356318162233
 160000026     0.701810277911973     0.330219478666497     1.202019956018898
 160000027     0.438208780602171    -0.041579473348116     0.910739855666966
 160000028     0.580516296807255     0.758714232762979     0.980409929890425
 160000029     1.046206449473716    -0.178338568861349     0.753662028558756
 160000030    -0.024592407577838    -0.100144114590138     0.758453988700456
 160000031     0.906993290804323     0.326081530857638     0.874682342417746
 160000032     1.046773991491204    -0.094182861479673     0.103034533658170
 160000033     0.820662351482298     0.071642191062919    -0.170144678960418
 160000034     0.796149180046162    -0.011346174026307     0.631891445989073
 160000035     0.985057675199077     0.459900290995390     1.034648214934563
 160000036     0.566548737736610     0.743948350493148     0.911094207066224
 160000037     0.476929016699532    -0.043837890338393     0.580158662212717
 160000038     0.637121806049989     0.273447038055881     0.464260229352025
 160000039     0.975237332881804     0.548499689184239     0.935997193308416
 160000040     0.561142752748577     0.743061734082208     0.964786987907341
 160000041     0.013642975125907     0.494250905745433     0.137922571220846
 160000042     0.785823801044289    -0.035214565245613     0.735470982924447
 160000043     0.942940798542058     0.837966813151942     1.293823686216107
 160000044     0.154886145537412     0.634779762953881     1.113378177297373
 160000045     0.493025469199986     0.652220312549189     0.401970274117820
 160000046     0.931799691034435     0.577982589253499     0.947073561692706
 160000047     0.648368209200410     0.273086884181442     0.428827070396530
 160000048     0.145141704108259     0.653354945433854     0.819810546535341
 160000049     0.923934342369113     0.551613056865827     1.043559672091576
 160000050     0.082257746126323    -0.151255300971553     0.573707041313587
 160000051     0.692767100176915     1.008448345421926     0.490643961192945
 160000052     0.712123077999758     0.483387096972517     0.712890641476991
 160000053     0.974778017773300     0.562269731512370     1.011634281169922
 160000054     1.093227793611499    -0.035460128198354     1.259934959312680
 160000055     0.352308274667154    -0.190996430520263     0.471454731160358
 160000056     0.583998826264456     0.730001851262298     0.941380515293843
 160000057     0.989953883954953     0.542608347567378     1.061418996111311
 160000058     0.881719608078393     1.027800096746693     0.070062289521645
 160000059     0.717581347999465    -0.099845857998934     0.721183988328026
 160000060     0.305446252079704     0.045271317446719     1.093506406600953
 160000061     0.287502169520542     0.103564388464568    -0.295052809904553
 160000062     0.063219859438214     0.337339328940857    -0.152772051546144
 160000063     0.637522189884621     0.451831384286671     0.497925838327940
 160000064     0.646960640083307     0.655189470175364     0.814538971947843
 160000065     0.549467511694838     0.322233467112656     1.087068043087989
 160000066     0.722554580844609    -0.132973299928950     0.559406484164873
 160000067     0.396719400495925     0.707318244648843     0.786002255303051
 160000068     0.959287189808229     0.536464310351753     1.028317009260306
 160000069     0.762540295384988     0.143453125629264    -0.086446957920816
 160000070     1.047454505979789     0.883692129951991     0.520800835378689
 160000071     0.440212477868218     0.395427474057561     0.547994867845736
 160000072     0.645590529083546     0.259840271782921     0.394052359640973
 160000073     0.059684030159522     0.098415516979071    -0.183603996829228
 160000074     0.573635755459357     0.551147325976518     0.422518993615662
 160000075     0.743635743201394     0.950175906746064    -0.013654480594140
 160000076     0.827216036052253     0.545740310692554     0.580142864948161
 160000077     0.372093699741018    -0.165119144096653     0.924229774895409
 160000078     0.929365070102163     0.523185826567264     1.015255628920904
 160000079     0.381302084547643     1.152699831613651     1.126326202616101
 160000080     1.091613250265880     0.597079954731870     0.274323400723354
 160000081     0.514127872730493     0.064186603098236     0.857427834696250
 160000082     1.040922470999850     1.185585075919086    -0.109346160120544
 160000083     0.741274790959676     1.061621292148397    -0.213775469558585
 160000084     0.439763600984134    -0.111720425072632    -0.178986123392536
 160000085     0.178424992716503     0.653650666848362     0.797404990374970
 160000086     0.604952176598589     0.456211138770949     0.007942912793475
 160000087     0.720196547917426     0.467556337730882     0.361767430096177
 160000088     0.565623653459273     0.492664962455553     0.403992641838820
 160000089     0.141862418086410    -0.092857716496779    -0.244108409105351
 160000090     0.363090520116705     0.208289645669843    -0.017950504126708
 160000091     0.854015697548345     0.192984117557107     0.395124703607268
 160000092     0.439011788044489     0.241512651485439     1.002402741503029
 160000093     0.550781153905225     0.707513629484073     0.978390018861900
 160000094     1.044911654999404     1.186233992081421     0.185101869657662
 160000095     0.863963127552284     0.097568124794093     0.444723352944169
 160000096     0.832415308088747     0.876359865640008     1.201694189157326
 160000097     0.609886557087807     1.052222075780098     0.928405380147162
 160000098     0.402257203401173     0.208047596609452     0.988331906489531
 160000099     0.451260513412726     0.658277067958705     0.956972965141507
 160000100     0.343736199421649     0.093816468459088     0.881586777870238
 160000101     0.650926812555804     0.548181254998266     0.744188636150978
 160000102     0.656927421278762     0.178645196070163     0.945249002128235
 160000103     0.552740034739118     0.741791000052180     0.764225636169563
 160000104     0.548953431691849     0.053014440760567     0.617750916848468
 160000105     0.891218631255376     0.601520267177471     0.536083697086972
 160000106     0.653281337720819     0.656391215358124    -0.249172324645573
 160000107     0.096307021400546    -0.093293187437737     0.226333147229064
 160000108    -0.034468912932226     0.758750143830889    -0.150710274400021
 160000109     0.831529998446227     1.060028082672379     0.792777556507429
 160000110     0.900264078283027     0.992699658560992     0.225964457177334
 160000111     0.358395739334348     0.249972194145389     1.071070797732600
 160000112     0.346108697897295     0.913185770552340     0.911993941003923
 160000113     0.731716745343811     0.396153348413429     0.474122897095297
 160000114     0.603108371393051     1.174001846280656     0.970022190250698
 160000115     1.068048649647264    -0.064559377286545     0.033398538504228
 160000116     0.835937957222096     0.575893989502736     1.067022890023623
 160000117     0.780567340943476     0.268737842668447     0.374824125489095
 160000118    -0.022010718386524     0.674481837042967     1.091994761700372
 160000119     0.337320885616841    -0.127880261805500     0.450356035088163
 160000120     0.992905815266354     0.516759385094233     0.755021656420137
 160000121     0.342766564007518     0.524133409723309     0.133938652877196
 160000122     0.717677211422031     0.884117640053644     0.265522401541753
 160000123     0.317440446812026     0.014138747723317     0.613919463982650
 160000124     0.571523824394673     0.377979330824246     0.417037168323477
 160000125     0.683359679938260     0.618797932523423     1.040427627207355
 160000126     0.850875351100268     0.427477701088451     0.534115013080198
 160000127     0.552098706895518     0.735210600188783     0.028532009314245
 160000128     0.555447887545738     0.335137634298563     0.734620253829451
 160000129     0.553551115561102     0.694394237790207     0.949185133546563
 160000130     0.944001805487227     0.383243076850858    -0.152266642194454
 160000131     0.860673037298611     0.361810084812609     0.328582556551347
 160000132     0.545337632295398    -0.000729504322241     0.073266374802680
 160000133     0.344314713407161     0.466355006739338     0.890253537984182
 160000134     0.091242922100186     0.642163869050762     0.744220863726073
 160000135     0.077197065354177    -0.065523920980702     0.235594406406752
 160000136     0.739954542932644     0.316280411366860     0.501974630535765
 160000137     0.621163868939490     0.262954429689658     0.442112828703639
 160000138     0.597800726448917     0.308440794725919     0.866122814735566
 160000139     0.891078755735383    -0.062035637009607     0.623401226896561
 160000140     0.703879705819849     0.365486912776657     0.375747602381562
 160000141     0.249535191597609     0.689251489230730     0.851019684349950
 160000142     0.496373411155891     0.717755899024264     0.384076176527569
 160000143     0.362777296014050     0.037991972686164     0.821672562208828
 160000144     0.558078651375106     0.738047386110686     1.012768860431166
 160000145    -0.049473772673826     0.935058851026479     1.235011240595209
 160000146     0.642920844835128     0.427777330090825     0.406721751589594
 160000147     0.836458913378790     0.769234830679919     0.971566441673551
 160000148     0.747023090616286     0.965095776780654     0.382149971028544
 160000149     0.476760849949932     0.138271205161475     1.134959667021907
 160000150     0.609311369889405     0.735309446116763     0.924453847768321
 160000151     0.961541704162798     0.269938732639111     0.349565809549907
 160000152     0.468922768135509     0.005907630047289     1.076962600069130
 160000153     0.198066256349326     0.235755667059362     0.552902336086761
 160000154     0.463248621326311     1.073134898312238     1.050690118578656
 160000155     0.544787914552310    -0.128981337559007     0.883750202188123
 160000156     0.400026253728731     1.061660387377990     0.363004659365473
 160000157     0.298632509350499     0.247841580153033     0.613159513494733
 160000158     0.389386043652226    -0.086331544580153    -0.114890630556531
 160000159     1.062896059629916    -0.071663987535291     0.309372009596513
 160000160     0.563582185938817     0.093531127348107     0.718926796352289
 160000161     0.797010121455586    -0.149106954215917     0.494837152992672
 160000162     0.698581349336070     0.234812226563285     0.951977118870682
 160000163     0.109902982266223     0.613117595332443     0.786430639996549
 160000164     1.040651874277613     0.953365223060231     0.199768137278862
 160000165     0.328914350324203     0.105107791246239     1.079277879856902
 160000166     0.575385001840391     0.235261860401466     0.772841501436458
 160000167     0.203297392713573     0.459849300256082     0.621750540602274
 160000168     0.405136684193636     0.288574894081863     0.267596450677846
 160000169     0.149821296883670     0.648098727480979     0.794885604148890
 160000170     0.566140427238058     0.698173612541302     0.956548073885532
 160000171     0.573096354396301     0.722222476727353     0.969181404581335
 160000172     0.407933296461060     0.289990546555187     0.634135215491691
 160000173     0.691314790619765     0.743638894926253     0.431365908660895
 160000174     0.968861561416990     0.155248123890474    -0.122557018527584
 160000175     0.057696506068984     0.005425772233825     0.896389654431578
 160000176     0.958421785401322    -0.162226998746704     0.668396409180444
 160000177     0.951280409733702     0.578013882011263     1.029516274706094
 160000178     0.385029267832904     0.114389664707413     0.498502966169068
 160000179     0.660889162786986     0.519979340248973     0.453790378110943
 160000180     0.214186817371220     0.117398009159425     1.049945560290449
 160000181     0.690340311120140     0.313302616851192     0.334185290107357
 160000182     0.960405605055625     0.562850809715065     1.001125775529953
 160000183     0.557616152848677     0.668555153523721     0.944532527548446
 160000184     0.550609291943054     0.502602699318263     0.900492491560413
 160000185     0.940501787627047     0.766276893756294     0.664427605440818
 160000186     0.515050239967741    -0.182585021795100     1.065451495610195
 160000187     0.941004820893933    -0.100576691030485     0.187298638973841
 160000188     0.374654571807424    -0.152714454648415    -0.168987245529961
 160000189     0.611556594162342     1.050259646380551    -0.015116997568506
 160000190     0.471584384699084     0.151256713298175     1.017847289471883
 160000191     1.019224416842285    -0.104792635509851    -0.039522289258139
 160000192     1.007641196000094     1.051257491441206     0.527380124580518
 160000193     0.417498681987492     0.090266083039842    -0.036682130612893
 160000194     0.231841939478458    -0.170270228222645     0.713762635684425
 160000195     1.020766400355882     0.364830983138396     1.089305703926015
 160000196     1.047162644417866     0.024716626623051    -0.084337966606697
 160000197     0.980907673352638     0.997401699099762     0.382559527385356
 160000198     0.511106675296079    -0.134917421379540     0.501041258294296
 160000199     0.578137429276089     0.970036411699753     0.866219699703395
 160000200     0.383579281091768     0.870774424299938    -0.115164495866800
 160000201     0.955112639364670     0.575362420082459     1.066651624675312
 160000202     0.759463378512963     0.128289488109026     0.926964325058440
 160000203     0.159775399074615     0.645802984993439     0.777106091939479
 160000204     0.249010485289371    -0.044531837888361    -0.200022217124960
 160000205     0.156955387287124     0.622430153879297     0.771314320483848
 160000206     0.608271202865629     0.673511714959932     0.952844173713662
 160000207     0.592238514401310     0.358629980894126     0.451015572638021
 160000208     0.505776463125238     0.198574742117458     1.067004128827801
 160000209     0.974192822052531     0.545020651368977     1.056622829597028
 160000210     0.068748783886502    -0.086686714084330     0.259146485311775
 160000211     0.711030036142290     0.390461603358183     0.788059842892379
 160000212    -0.065456604724171     0.749411614297755    -0.269624691690083
 160000213     0.916441178335091     0.348406563726987     0.203657370213331
 160000214     1.045841289224884     0.526495058762755     0.423569602718305
 160000215     0.800566857135818     0.176156438790228     0.348152558700515
 160000216     1.077632070546574     1.082560132064850     0.606834965952464
 160000217     1.083672963751141     0.506362002567003     0.390353158019802
 160000218     0.955210304381437     0.814643155105893     0.189477646978454
 160000219     0.583876268814782     0.851674666291931     0.757285553930437
 160000220     0.864218076944691     0.990543152774786     0.111397088690032
 160000221     0.573025876159170     0.705690860211652     0.968201010251397
 160000222     0.415836983393159     0.897257094678073     0.590622523249704
 160000223     1.096985379506959     0.035414265080577     0.099450743116546
 160000224     0.171658471203159     0.669684485156882     0.803104729608091
 160000225     0.650271379492619     0.034852884034379     1.091811237080115
 160000226     0.513221134228725     0.342879178508785     1.049460159710496
 160000227     0.956321238570607     1.065369963713277     0.476047745752482
 160000228     0.345604875898365     0.376330539825636     0.080149336012639
 160000229     0.428589662471091     0.133586601892165     0.586252124728697
 160000230     0.713163493728329     0.230910127075300     1.133185731766009
 160000231     0.500459274837111     0.346204332174773     1.173416808591937
 160000232     0.965360585550502     0.041039307705208     0.586934931575648
 160000233     0.333379120737681     0.078818480518686     0.388120510782523
 160000234     0.633376079911500    -0.132430343299955     0.584811291522340
 160000235     0.677245535280360     1.185178808245300     0.508318222645457
 160000236     0.019825254432722     0.732141568112016     0.598165978071531
 160000237     0.129357978654255     0.646939914704323     0.790729578062305
 160000238     0.722926679475748     0.827837072246300     0.391466534018973
 160000239     0.587596604729921     0.196302261951538     0.563614832314920
 160000240     1.052698152400731     0.225597435797334     0.082530422452218
 160000241     0.182906763979171    -0.067742708686451     0.596240488005641
 160000242     0.041217349628168    -0.143627693395413    -0.241577168779241
 160000243     0.433582074624952     0.566557616030498     0.709891942610207
 160000244     0.980904715456902     0.783025203253763     0.169383785963103
 160000245     0.398012300109770     0.741340111627218     0.456372052603240
 160000246     0.716991337994724     0.848429384185870     1.006207733791230
 160000247     0.545625920987336     0.601087899976862     0.596112089187556
 160000248     0.324928586674522     0.055563674848685     0.824302579166877
 160000249     0.103393817647691    -0.056157844175957     0.268269632504449
 160000250     0.085109595610468    -0.159437964624058     0.256005318515006
 160000251     0.129163533096638     0.602036040733940     0.428049043793637
 160000252     0.414160936996267     0.162298703736480     1.118355938413037
 160000253     0.180530483405921    -0.076628388913401     0.658561519571228
 160000254     0.062069270501651     0.366417000320589     0.367945003635195
 160000255     0.396950157910793    -0.149976846543701     0.789399822662560
 160000256     0.150405543811069     0.657179052847712     0.788092213633639
 160000257     0.579495079465352     0.286185590658995     0.363543604104101
 160000258     0.831786879100578     1.186018054836716     0.108394447363975
 160000259     0.620169019337296     1.002199563350522    -0.028995614802126
 160000260     0.127899208500464     0.632212531590868     0.758118491124189
 160000261     0.781306783634359     0.258731782038195     0.718765005202630
 160000262     0.269202970625823     0.211253747309106     1.059933383360674
 160000263     0.603043673977069     0.638755998979630     0.626036319617566
 160000264     1.028218175443534     0.511692736259651     1.008880877370066
 160000265     1.096991945788923    -0.154379485164254     0.486834311701406
 160000266     0.323005612909890     0.942104036664651     0.173275908750991
 160000267     0.569133488049537     0.953122812535738     0.649998708109931
 160000268     0.603444804825574     0.729609524700852     0.972444257591744
 160000269     0.321197902967658     0.016286818683680     0.554618472226155
 160000270     0.578574499534043     0.288012528425422     0.566582827233116
 160000271     0.142294516433792     1.107907301121211    -0.098992720470615
 160000272     0.598961641982785     0.767505412161101     0.959754799455524
 160000273     0.421724842630048     1.133792950323494     0.706358843272825
 160000274     0.264135251544671    -0.082655527625147     0.706787747868441
 160000275     0.264038389588999     0.224681653021754     1.217731702746505
 160000276     0.288818068559818     0.222124453786411     0.660735414954897
 160000277     0.143162603119508     0.391493021113615     0.640081535138732
 160000278     0.698176384351142     0.397409462086179     0.382018007972956
 160000279     0.251220734208690     0.309782685047742     0.049330850622212
 160000280     0.296880507980334     0.149037215938457    -0.086937224640418
 160000281     0.964259713541851     0.601303328231461    -0.156959944991681
 160000282     0.890870236944210     0.724688138581693     0.382167265650864
 160000283     0.095065921758364    -0.035981081489486     0.749252782220585
 160000284     0.742171405310866     0.485316385678795     1.034491142563220
 160000285     0.648625830192620     0.398422310490296     0.382703863898194
 160000286     0.054990975746866    -0.092184539257680     0.247172993256500
 160000287     0.720665075354301     0.282044697435164     0.394515047849390
 160000288     0.550998721523991     0.161695887442732     0.523238366031212
 160000289     0.517195888253248     0.109290977937376     0.762354375467469
 160000290     0.801448736297934    -0.177363932381172     0.198494719223542
 160000291     0.460124320843209     0.059024269480542     0.812467325062341
 160000292     0.835917265009612     0.123027533256643     0.767609428913175
 160000293     0.774938251114557     0.462308033567044     0.470210905632910
 160000294     0.062538392617985     0.279108398867968     0.510161716454644
 160000295     0.458352743704876     0.100875913168371     0.815440759865582
 160000296     0.023507264668318     0.295583508436218     0.800526862430855
 160000297     0.538328686402213     0.253107347371200     0.248037847818039
 160000298     0.499964590637816     0.291579558022636     0.517161473562104
 160000299     0.429879848236368    -0.013019601313473     0.040843572881695
 160000300     0.329909740457625     0.115527985853601     0.531592080632156
 160000301     0.508110483169409     1.173412802367954     0.106292064603080
 160000302     0.361929184032691     0.158728874109638    -0.011268699953190
 160000303     0.588785328007088     0.711129234954606     0.913696811413453
 160000304     0.940378424364482     1.119304848796964     0.242516706022756
 160000305     0.677279895208949     0.204456682899310     0.374600106871135
 160000306     0.983196091505425     0.564985764144448     1.047498695178958
 160000307     0.866098900865538     1.027390202219384    -0.267539425042552
 160000308     0.812871198029675     0.124489595578392     0.255522882131418
 160000309     0.787195236772801     0.191374607473342     0.386572979932302
 160000310     0.983340110208624     0.588223302444443     0.847438004615017
 160000311     0.073585266372721     1.167343917058717     0.091824634936275
 160000312     0.403527536455759     0.675847809776338     1.159747915876596
 160000313     0.713443086315653     1.132993514428517     1.268524546095593
 160000314     0.292898668347129     0.169255715660218     1.050247875152930
 160000315     0.462984800022320     0.555545869782713    -0.100713895336682
 160000316     1.019897531722604     0.731624800990710     0.827197903431283
 160000317     0.586457527204518     0.053433098681891     0.518119360923642
 160000318     0.924514682419403     0.581433181310749     1.049155177319957
 160000319     0.909360160911549     0.220604231056870     0.380159908983908
 160000320     0.528451601833167     0.008825618771874     0.743782293596409
 160000321     0.662119887831588     0.524919000181084     0.391506812061335
 160000322     0.969386977178235     0.326897435181934     0.265414254553946
 160000323     0.757272397788473     0.298420406231095     1.046187497624685
 160000324     0.961191715218438     0.235379920521515     0.431354158571318
 160000325     0.536841618600214     0.704187771900795     0.941789044022313
 160000326     0.181344565876220     0.467303750962970     0.341679079715965
 160000327     1.062253192925038    -0.074640494948580    -0.073853114552407
 160000328     1.053554288122666     0.433485440814353     1.226494587414546
 160000329     0.316461247599555     0.188124841468661     0.727817798424199
 160000330     0.325465354145841     1.075612584478641     1.284171074361891
 160000331     0.355628624784767     0.307877551733571     1.039831208107259
 160000332     1.066033457757301     0.644921551156276     0.013244055465287
 160000333     0.580214578518489     0.681106347285520     0.935609089181369
 160000334     1.068404788979735    -0.154763532094239     0.789852286902021
 160000335     0.933987712652600     0.347929182527895     0.350010312951756
 160000336     0.295191747582980     0.699998642075397    -0.188670700585478
 160000337     0.453395577470611     0.648042192846284     0.322918776772277
 160000338     0.596225661160229     0.004407635264222     0.376355239355794
 160000339     1.047884575326192     0.857835574696465     1.032824292415497
 160000340     0.187669724650191     0.935183886755264     0.042925026615076
 160000341     0.746367899212209     0.373520436172544     0.370925096442121
 160000342     0.610921259038027     0.730074326112674     0.930400643744656
 160000343     0.502327766217436     0.584662065987315     0.366200717881838
 160000344     0.316028337973509     0.345701158404536     0.941404121382498
 160000345     0.699368377399182     0.932483703353913     0.567901506954866
 160000346     0.219835633231809    -0.112286989849108     0.826612256625265
 160000347     0.455677640028749     1.164216610290270     0.927047576256639
 160000348     0.143922249738530     0.650994413240445     0.806631227818281
 160000349     0.972883341610421     0.766571991725124     0.170880813248940
 160000350     0.942499803195135     0.330929280702933     0.100466462296091
 160000351     0.187655482991465     0.176091475697621     0.985880276460430
 160000352     0.738511937550077     0.647436761541755     1.089710870526321
 160000353     0.890487443210681     0.809464093215444     0.904348403470737
 160000354     0.946687154508783     0.556353999962885    -0.118672757372628
 160000355     0.183373645975709     0.654538928991094     0.774155098419335
 160000356     0.715571196853455     0.080778688766071     0.682133950283879
 160000357     0.375696855464394     0.202750880874512    -0.008618061092574
 160000358    -0.019486737958561     0.151813962949005    -0.132034225754180
 160000359     0.401872728749036    -0.047040697940328     1.119276852308999
 160000360     0.775075770454444     0.341916469959771     0.342995024585745
 160000361     0.611350272770874     0.296431151647736     1.134086920000870
 160000362     0.348637326815132     0.318823444084321    -0.165551825099591
 160000363     0.132728429661606     0.661118928080157     0.809659652200599
 160000364     0.377867996741394     0.111381766761949    -0.090057770472916
 160000365     0.061601445998446    -0.094800947600629     0.231212529066023
 160000366     0.891615887557892     0.925673685131760     0.880392822933084
 160000367     0.582309904904246     0.727125876240262     0.918395788504815
 160000368    -0.025890137034591     1.182098518824089     0.085014897755593
 160000369     0.639073398811736    -0.102918765126865    -0.092562434301133
 160000370     0.886346176532171     1.021665758840131     0.310271372526025
 160000371     0.755272340222955     0.222542436778045     0.683958957943200
 160000372     0.995572412255591     0.568524241383532     1.030661373487481
 160000373     0.244958420636979     0.664563846807570     1.119839640543340
 160000374     0.586381211238090     0.653787321129185     0.937231261285106
 160000375     0.107235224367653     0.590082993618703     0.112241626576690
 160000376     0.357089713695250     0.199114063774134     0.917168011195750
 160000377     0.330880799038822     0.112469645680114     0.930057931208688
 160000378     0.632974281929682     0.796029477694068     0.449606587726768
 160000379     0.633454090291717    -0.016571114958072     0.241433623848479
 160000380     0.812461807195937     0.087367061641590     0.466790218311150
 160000381     0.294041687532248     0.144154079998187     0.805978352139113
 160000382     0.793190387280346    -0.035727735071421     0.417248362418741
 160000383     0.926723290003696     0.408857626569312     0.105597712930199
 160000384     0.602469726568137     0.423300817720440     0.539960970955278
 160000385     0.984183920264445     0.220222232157951     0.262013847715041
 160000386     1.081948099511203     0.094054925796567     0.026792185983647
 160000387     0.731870621579102     0.848896024032964     0.195553517262801
 160000388     0.689735774036926     1.038455010291337     1.061305084666973
 160000389     0.401614912016491     1.099553335408315     1.135615901300866
 160000390     0.273088337694294     0.095964059864598     0.995909202344434
 160000391     0.367959826321153     0.244755852565307     1.020719464675869
 160000392     0.641113165647200     0.567479721288955     1.022867464651454
 160000393     0.256315387233127     0.345923633749026     0.981399679608790
 160000394     0.591357903143921     0.723168055430600     1.169188304150338
 160000395     0.612213825631161     0.312512462822629     0.591979996351079
 160000396     0.319552897685415     0.098636094285196     0.372484935036063
 160000397     0.363909151104191     0.035580708534461     1.096900849120240
 160000398     0.954815949584180     0.584067004162746     0.150944097844225
 160000399     0.249072788881907     0.000987283773728    -0.017913518374495
 160000400     0.638930447035529     0.652709372330552     0.553074790942965
 160000401     0.291303036429505     0.605832681601742     1.019836531706031
 160000402     0.575732448911803     0.740751954030248     0.990536705429305
 160000403     0.677358606369939    -0.035040176352237     1.245207721033482
 160000404     1.076560240206835     0.634924021928966     0.400126690123546
 160000405     0.913677576214794     0.928012300141356     0.662357433202810
 160000406     1.048207884709064     1.066302088577151     0.775138357900688
 160000407    -0.099797185198237     0.493657007569036     1.294444990736602
 160000408     0.258975004895767     0.072737897363029     0.713464977518802
 160000409     0.604248722848867     0.704303662419647     0.941674880989726
 160000410     0.989771681417457     0.569656411278086     1.020417322426012
 160000411     0.416731170269376     0.625805975365262     0.573416598097747
 160000412     0.905144329925856     0.363010014111306     0.782243565029051
 160000413     0.679534129008257     1.171641053308234     0.727707379548618
 160000414     0.658010175914204     0.460310114482444     1.066450298774823
 160000415     0.363752494489414     0.412132023262962     1.248561194711531
 160000416     0.213742142869414     0.752219714371206    -0.150785226203341
 160000417     1.073789872549751     0.103106400588434     0.105782881339239
 160000418     0.311576995352346     0.010359258000072    -0.090948521621060
 160000419     0.097429942425575    -0.061616482406536     0.242338769477081
 160000420     0.975681125894478     0.502756808078137     1.054141930310581
 160000421     0.738254715010193     0.271580065707192     0.246141019649650
 160000422     0.999485251409590     0.826795289407420     0.864967063857952
 160000423     0.591617096991945     0.718310850522636     0.913454829764410
 160000424     0.097889960000511     0.037025305706501     0.549201627485008
 160000425     0.965509232996051     0.263712428473843     0.803926684139552
 160000426     0.785727996943870     0.544736366868980     0.744569285143079
 160000427     0.527246331115603     0.701189462834207     0.739849315054109
 160000428     0.629062515011818     0.125780897699256     0.059434669724252
 160000429     0.118814549050090     0.610436069101634     0.777419228875149
 160000430     0.948936144120657     0.605425273166222     0.365845191425103
 160000431     0.949864279368632     0.315208971872657     0.710844567658291
 160000432     0.596463039339718     0.724702715348455     1.005108361601811
 160000433     0.127731716750436     0.798116334099558     0.762033476130584
 160000434     0.145666587053508    -0.178233902249916    -0.206181877471831
 160000435     0.144337179093860     0.674943882953788     0.796031239365336
 160000436     0.939101935246045     0.502969362555421     1.000189689112011
 160000437     0.754644075643830     0.240381888043840     0.725462152730622
 160000438     1.025862699805396     0.589427178853621     0.335180249925764
 160000439     0.371492822127286     0.161760063077026     0.066458702242464
 160000440     0.385120189688167     0.763173539856397     0.529385002557163
 160000441     0.624921163540508     0.144234335929492     0.577599685655565
 160000442     0.841093872036332    -0.011199112316825     0.700501840406004
 160000443     0.587053179149407    -0.186393723275655     0.426756419799475
 160000444    -0.027636962527487     0.239317466349990     0.578617232738225
 160000445     0.080446023967917     0.064814788667055     1.078488070322239
 160000446     0.874613063724824     0.230598181884167     0.907402661760530
 160000447     0.762974456823922     0.862857044007610     0.111091789697681
 160000448     1.058825047139704    -0.051091529665743     0.239070840736817
 160000449     0.327557899276783     0.123563975792758     0.570016068723408
 160000450     0.622282075987068     0.680971503233967     0.990965331216154
 160000451     0.597583030510288     0.743084960333037     0.913560439918994
 160000452     0.997645128311501     0.557514801820236     1.082730898433502
 160000453     0.847202604682727     1.020765888326297     0.688131113842099
 160000454     0.291824645625300     0.231352367277267    -0.016706148305249
 160000455     0.757012160673502     0.460974325554177     0.826570234094025
 160000456     0.225560628122979     0.519036261627702     0.995266210733840
 160000457     0.995703142665300     1.082038560117513     0.272923799352845
 160000458     0.073225476964272    -0.110832120422356     0.248117420721719
 160000459     0.900224545231200     0.827529825459111     0.836961820716716
 160000460     1.011539233283372     0.196255395575660     0.409655794589381
 160000461    -0.055387429656594    -0.052948259882740     0.357170468184143
 160000462     0.869623782918040     0.430102750861218     0.255870882605103
 160000463     0.804307195755168    -0.016156060656971     0.155557699440441
 160000464     0.640398766652274    -0.121353791963988     0.590525902162278
 160000465     0.795315740885938     0.994329702467543     0.655043894991490
 160000466     0.541898520428616     0.281554644253874     0.909656527880743
 160000467     1.013404682634182     1.048881174867633     0.040727602372651
 160000468     0.058591828478643    -0.090103756223787     0.255182250582159
 160000469     0.795776748862727     0.529313475488121    -0.011363005096789
 160000470     0.642427553405438     0.107649249525317    -0.065082062436920
 160000471     0.326308589133621     1.140241383105513     0.001801722563599
 160000472     0.528825033402319     0.503520631482377     0.717580109723215
 160000473     0.055460861702271    -0.094940010901703     0.229208240720183
 160000474     0.138225829251793    -0.061789040909283     0.737645552598631
 160000475     0.500991295057873     0.911159305814830     0.364063776356574
 160000476     0.123202800335415     0.251389599953688     0.334478978538366
 160000477     0.926021659943948     0.460972851798292     1.289502864299962
 160000478     0.485932391746196     0.087681656208054     0.598076531519326
 160000479     0.148524216353364     0.656580406440351     0.766409795510956
 160000480     0.138494947449870     0.675388646425762     0.810691585161711
 160000481     0.710314809876089     0.116024081062996     0.489049722117475
 160000482     0.939253539794843     0.528037108652984     1.041308132729339
 160000483     0.467940054555916     0.488087242802803     0.721243939082380
 160000484     1.002175870306744     1.161596269559017     0.202995723584205
 160000485     0.948388795658735     0.579134669745655     1.009204233867181
 160000486     0.674575673359656     0.606441371721442     0.424377141991948
 160000487     0.099381103233544     0.750777081853469     0.755148641486380
 160000488     0.550130635677867     1.028043171879103     0.446549826150612
 160000489     0.518447625105709     0.298812091077864     0.868622058011414
 160000490     0.711536417934562     0.495689144428232    -0.224411135299722
 160000491     0.503669444100228    -0.011479280254881     1.050816303057142
 160000492     0.580227954307889     0.710993767855390     0.937094901117911
 160000493     0.585616581942950     0.729118051484232     1.008611796900609
 160000494     0.507839449040008     0.048186774653728     0.653364139626580
 160000495     1.000088509100577     0.598117652108263     1.043427165498368
 160000496     0.444584362304752     0.235410387415272     0.981702852486398
 160000497     0.709259568831509    -0.042935637976124     0.730968809683480
 160000498     0.601071066535478     0.706453634816308     0.955960826113931
 160000499     0.288632922846001     0.173322593432755     1.201462232446525
 160000500     0.242338961232327    -0.063031989677278     0.733929998950802
 160000501     0.903321946232814     0.386444744906550     0.879626356415385
 160000502     0.878300464649192     0.036688678281561     0.243498047862814
 160000503     0.318978085545455     0.366919937941024     0.740253395812704
 160000504     0.127639174152745     0.626497084392404     0.800055548573379
 160000505     0.513460262014044    -0.096142379044729    -0.245020362467713
 160000506     0.410763347930862     0.142597270939007     0.529922397294000
 160000507     0.145855301106327     0.655545467784367     0.781043367535782
 160000508     0.349035762763765     0.183635809274685     0.109982506562209
 160000509     0.444344533204134     0.423681378273111     0.018210703598015
 160000510     0.588358290278428     0.869359323538325     0.131164377236058
 160000511     0.377029966639823     0.041051961260881     0.976839940692117
 160000512     0.146999958984586     1.116270021805207    -0.154320950133562
 160000513     1.097193833614602     0.005474920008179     1.152355015829482
 160000514     0.775663381971414     0.470822782725078     0.169148416270417
 160000515     0.440347376817217     0.745845500128561     0.668346926057122
 160000516     0.225148579789538    -0.145054937243224     0.890881432004414
 160000517     0.816254741006990     0.347330599312775     0.444972992754766
 160000518     0.973229686789332    -0.118655371012217     0.905526274655146
 160000519     0.869032570710963     1.072100470097395     0.304221456392945
 160000520     0.269160493502478     0.074638373091159    -0.068877497508712
 160000521     0.836361932199541     0.731625681644756    -0.241384930295695
 160000522     0.617672851068635     0.121301625963985     0.948083534597913
 160000523     1.031399181211453     0.382625657873998    -0.200385125058680
 160000524     0.232075362619166     0.464220834592387     0.716578284934544
 160000525     0.080686879146361     0.891010358963364     0.562409160285817
 160000526     0.992656483277024     0.518546589475403     0.982812782950648
 160000527     0.371684126414500     0.027038613347073     0.248655483893168
 160000528     0.678452533937819     0.826768164862980     0.180218289424225
 160000529     0.337847455987502     0.311665084512402     0.968937894190119
 160000530     0.155165974470879     0.623294170490703     0.781032153280740
 160000531     0.793695803001476     0.775578787255530     0.185071342541620
 160000532     0.685290101610348     0.764606814001296     0.949413198376725
 160000533     1.018183332706076     1.188525488962714     0.509023256107132
 160000534     0.905249830744983     1.050300247882689     0.374815572314318
 160000535     0.466631347566683     0.192225745957126     0.816811764166996
 160000536     0.357791503278543    -0.040560783506639     0.763058941789047
 160000537     0.800966701235827     1.117868349454038    -0.010548377663522
 160000538     0.156469350357025     0.007632603543912     0.713567759994804
 160000539     0.215863957268183     0.569028912269130     0.890618365262494
 160000540     0.950958800318312     0.122642925666238    -0.101047894455732
 160000541     0.930796997458432     0.541252709774022     1.061872232062668
 160000542     0.283054109746311     1.093002161538636     0.650977733222666
 160000543     0.062095488415237    -0.079460473622485     0.246713029283755
 160000544     0.256720117561369     0.021747682354387     0.789550810408926
 160000545     0.302943827574641    -0.019262346306409    -0.027830323912157
 160000546     0.488492902955957     0.737310836618704     0.567385487240655
 160000547     0.335087247443831     0.275916601456259     0.983525019610965
 160000548     1.025958266017585     0.538285817378925     0.595515258120443
 160000549     0.052816012381435     0.932521735261338     0.683665649844267
 160000550     0.623709332070467     0.020985565357865     0.217618198672672
 160000551     0.817300717514567     1.169277319561209     0.953052156375087
 160000552     0.588431966417994     0.459249532006180     0.357863581385778
 160000553     0.300745444515301    -0.076934610175592     0.880141489496389
 160000554     1.075515825121396     0.827969542417572     0.090211563465355
 160000555     0.183247330465236    -0.195340581903705     0.606071663422462
 160000556     1.057799802240928     0.932171059693520     0.840142270087202
 160000557     0.824734557757338     0.781008605366671     0.444620998548371
 160000558     1.044856946571147     0.188850881598374     0.416784530870029
 160000559     0.835186325292610     0.995258996657397     0.973594511915435
 160000560     0.834857466682604     1.100135464925021     0.245679430596272
 160000561     0.531189368692330     0.258928844159858     1.123424780355132
 160000562     0.430098904739655     0.135912678789154     0.015851589311292
 160000563     0.710427531080560     0.279068396833911     1.003467596904505
 160000564     0.653335004234844     0.385499925613913     0.234054752842095
 160000565     0.728434004770668     0.167767607163085     0.505876088718616
 160000566     0.463537666125025    -0.041772409754462     0.898256075847198
 160000567     0.479898285683482     1.059818192604611     0.549839099437377
 160000568     0.619889677646983     0.730153558130579     0.383301599583229
 160000569     0.244966350503540     0.154718843660839    -0.036124000565105
 160000570     0.796462882710508     0.221244938091810     0.266515933832581
 160000571    -0.052622970447913     0.108162088676894    -0.153234266019281
 160000572     0.434569725912826     1.157376269915095     0.801767736437343
 160000573     0.884541667246895     0.166802162324918     0.243139192580101
 160000574     0.875781912786804     0.213262689455253     0.862848873406306
 160000575     0.336296405314170     0.018832325867652     0.513045493637936
 160000576     0.490331400830433     0.437354182223668     0.879178432785438
 160000577     0.775373425411919     0.812758300226068     0.537167907412801
 160000578     0.976673253333690     0.555926788579364     0.066610219818449
 160000579     0.292626715648050     0.098655520185860     0.519699656787527
 160000580     1.022162948103247    -0.183501985304425     0.969923039364139
 160000581     0.960625001627576     0.243599542628849     0.318880089582017
 160000582     0.702059238266957     0.374507739042087     0.345036013691760
 160000583     0.568949823902859     0.686382972815419     0.723729748204513
 160000584     0.617113260959445     0.717987563244911     0.939436632500889
 160000585     0.260403751944519     1.127354684565785     0.867492922025817
 160000586     0.915229037485363     0.295646732644799     0.322630320297000
 160000587     0.326047635748936    -0.138831682811134     0.842707932571817
 160000588     1.006433900305700     0.483485765887535     1.002929647845300
 160000589     0.082433601885565    -0.100482893607409     0.250468968438167
 160000590     1.027463839847004    -0.070028931339398     0.393744319669725
 160000591     0.595082359572487     0.654930738042935     0.495674859316118
 160000592     0.569969920998746     0.695752978007900     0.992515322137776
 160000593     0.841561842677039     0.243013204028449     0.430910579808837
 160000594     0.639471656839352     0.720154680107358     1.224732250916850
 160000595     0.605675091148992     0.295011876538353     0.637301597809452
 160000596     0.454045585670656     0.625900771432596     0.411974555919967
 160000597     0.055825125147813    -0.106108407921567     0.227243600332669
 160000598     1.078936972679239     0.264255426961973     0.919560184601401
 160000599     0.071848392389519    -0.063155736752199     0.250230935678694
 160000600     0.145504176573303     0.645593861290844     0.808292421141934
 160000601     0.895853712211028     0.301847616743162     0.468528048486782
 160000602     0.092962350845016     0.057664423946084     1.214855142762040
 160000603     0.385514872583660     0.120341213294662     0.594935092892462
 160000604     0.919106519165485     0.692857479858004    -0.086762134574900
 160000605     0.289808687406776    -0.190822541645202    -0.271901467878415
 160000606     0.150095621594507    -0.062175056600657     0.560832049284513
 160000607     0.393305528820229     0.065882970183760     0.595315898022247
 160000608     0.897933074836663     0.920547496291961     0.518328351682176
 160000609     0.678882228507062     0.949589570776307     0.479124007686801
 160000610     0.956417025520790     0.271474745182501    -0.065464960480326
 160000611     0.911216758848803     0.453659584389829     0.160341674385100
 160000612     0.552659304659330     0.755891175004532     0.322147780479909
 160000613     0.480982825096110     0.411345991452320     1.041971424895990
 160000614     0.608306422732979     0.695680262158656     0.960002351401139
 160000615     0.921568864725440     0.556733307100234     1.017774834736357
 160000616     0.914504741758524     0.621126047784365     0.600214450103363
 160000617     0.641629128523848     1.030363572564366    -0.280194027699526
 160000618     0.290937927293134    -0.160092427771787     0.745246329752891
 160000619     0.233040330310814     0.480953078519578     0.491366856485459
 160000620     0.053972582406316    -0.132191582484845     0.215776331843769
 160000621     0.273469149967721     0.072245668728154    -0.085090087095719
 160000622     0.252835116957245     0.146710159935317     1.259179003981694
 160000623     0.075096733847903    -0.082352956632761     0.251975130946237
 160000624     0.658535243227928    -0.074883738917338    -0.059853790046010
 160000625     0.438891339351992     0.477656016552197     0.638706732895362
 160000626     0.862882487702164     0.197244383602820     0.526776520518746
 160000627     0.775060063145595     0.023853493962002     1.028377198099559
 160000628     0.616698010389147     0.739139745546693     0.964106329225451
 160000629     0.759538186684880     0.666362667928789     1.022773370252179
 160000630     0.572799159206874     0.660723111238511     0.962658574724770
 160000631     0.023963726220896     0.493072255336197     0.221081566642783
 160000632     0.517512194918903     0.122685748265752     1.146208519155121
 160000633     0.485165417153340     0.673029827516659     0.141515022631984
 160000634     0.714046111246951     0.700435878086125     0.070445027247741
 160000635     1.069988925858652     0.888651322794704     0.523744288348232
 160000636     0.684380314049488     0.345176342972137    -0.298334711457816
 160000637     0.068937194828645    -0.096308709321636     0.242731707586515
 160000638     0.138077601705924     0.631281302452857     0.765148574798661
 160000639     0.485439172577337    -0.015344216262521     0.622191492679637
 160000640     0.557001685208391     0.694268523701133     0.992779601379348
 160000641     0.248939863488825     1.136078559810947     1.269343570795047
 160000642     0.618147666265016     0.695789016634163     0.960241765275706
 160000643     0.527877191621263     0.076523086501587     0.790560901307635
 160000644     0.567975937583570     0.717775366932142     0.947589322236263
 160000645     0.939926198473899     1.064066873665724     0.913433800414237
 160000646     0.629811882619470     0.134328621469996     0.387186802850797
 160000647     0.390435371974387     0.434488699225315     0.738934172110667
 160000648     0.674106383719334     0.408709282694058     1.066097878845482
 160000649     0.969522648669833     0.597602934862620     0.466782756488466
 160000650     0.836253869793960     1.022822618209087     0.354372347102937
 160000651     0.148759130353532     0.674211291655113     0.767576543246294
 160000652     0.910764004361236     0.320007430904328     0.406221999640947
 160000653     0.759277510004591     0.587902359121802     0.442016564659655
 160000654     0.941036296814976     0.264391869105635     0.260246074219575
 160000655     0.747914016112203     0.768716088098300     0.151155332804919
 160000656     0.006054093731977     0.145696590910614     0.886578570892683
 160000657     0.180780601462151    -0.190298113688302     1.207128142688948
 160000658     0.754565627368088     0.882763629749098     0.726708471003237
 160000659     0.306156073939933     0.021371324496838     0.736949033358414
 160000660     0.227203884964905    -0.028836866101684     0.523462852290316
 160000661     0.362513780748232     0.161185680178394     1.018112542870188
 160000662    -0.017725894225061     0.001734960129652     1.095626288693803
 160000663     0.094036926107969    -0.158931004762147     0.979220039758261
 160000664     0.574560913630994     0.665464086140221     0.987783449226600
 160000665     0.966504027467398     0.511510237260844     0.986138351846688
 160000666     0.451268422200893    -0.061177844094171     0.552947996638980
 160000667     0.484101549390118     0.687036946933024    -0.050310896867986
 160000668     0.482818133193956     1.044388311577653     0.195478768890977
 160000669     0.712639230570271    -0.162727902458988     0.562790712753350
 160000670     1.053363243944958     0.994115545100832     0.237497885021643
 160000671     0.140608304755590    -0.120393772106501    -0.183138217830390
 160000672     0.103981903327312     0.843578182177267    -0.087549486044932
 160000673     0.817464198909741     0.998274757828239     0.774692084790590
 160000674     0.256740347152558    -0.193719563368355     1.189546921233390
 160000675     0.152889266597622     0.161537418561440     0.515872653037014
 160000676     0.975509306921572     0.804388595291789     0.507595168711839
 160000677     0.705364737936574     0.542490461962457     0.534028259001718
 160000678     0.861809708703509     0.420416084997410     0.482990004550043
 160000679     0.176638655347831     0.169990517514568     1.044565876450843
 160000680     0.900578166065487     0.990110263097638    -0.087286857425858
 160000681     0.876008172229642     0.636764027199887     0.554636885650735
 160000682     0.189026776751611     0.111407762512659     0.485805150901423
 160000683     1.087169612925767     0.476141264359759     1.221536062191692
 160000684     0.892371053968487     1.016321235518828     0.852193752134334
 160000685     0.176141172092348     0.617031978473079    -0.190003261763961
 160000686     0.855914580536701     1.088311099540464     0.085448267138282
 160000687     0.220928899401118     0.445685397511528     0.472839642878313
 160000688     0.774578009404194     1.176584874847074    -0.247026716323803
 160000689     0.157993483446899     0.363546407633699     0.892233789655600
 160000690     0.845912732582032     0.303894274385407    -0.206742203928393
 160000691     0.680956951398811     0.585662370876559     0.690690519252362
 160000692     0.773066237093431    -0.139316751554370     0.849020801908913
 160000693     0.006768576123718     0.214440732930335     0.690876613523102
 160000694     0.933908931168229     0.328756954480003     1.049322098588984
 160000695     0.829328352373357     0.531176941143983     0.533523693510239
 160000696     0.109642166464850     0.640439675521077     0.783601493017651
 160000697     0.864940123875159     0.742901541572705     0.729900716860024
 160000698     0.742508934361099     0.450033380044581     1.231577067118211
 160000699     0.424610270926088     0.927360606804950     0.889892927493923
 160000700     1.009707397471746     0.752622311178296     0.337096890157364
 160000701     0.575662500314886     0.126193859722531     0.416579488722652
 160000702     0.416067849931522     0.119786110523255     1.076288055898640
 160000703     1.063737093088788     0.983559964505798     0.382830862913974
 160000704     0.639028449384707     0.721036661118971     0.946596910836793
 160000705     0.605553745986829     0.263011785389685     0.631112952643007
 160000706     0.876691485077861     0.183798654245084     0.458508489977809
 160000707     0.788363486179389     0.383990213153403     0.398409893663785
 160000708     0.608962606411884     0.375116514625023     0.995527582855851
 160000709     0.211690285586052     1.044446811896712     0.443567760397394
 160000710    -0.054622070195881    -0.102868606501631     1.216959989077581
 160000711     0.449609962282663     0.067173991890781     1.052079534543902
 160000712     0.740007958538169     0.216761405012102     0.832041511715597
 160000713     0.717143087716380     0.305202033688650     1.224674650118623
 160000714     0.446414158571959     0.054047342813127     1.165149236248579
 160000715     0.946888644179742     0.543190167392933     1.023857406726514
 160000716     0.119008759008010     0.687600440365047     0.830104054606700
 160000717     0.731307481748606     1.187907697625013     0.752704780510680
 160000718     0.121646112588352     0.656990572149385     0.804351174680955
 160000719     0.190823253865592    -0.090372059230183     1.174166947467853
 160000720     0.913616609716910     0.682502139347149    -0.190874919180995
 160000721     0.708417341470169    -0.063429633031699     1.191406688985647
 160000722     0.289090581037709     1.047882188724829    -0.074243944913529
 160000723     0.609237039398666     0.301528356371056     0.319619330057025
 160000724     0.932982194652541     0.516217129681592     1.052560149594298
 160000725    -0.020838564444360     0.243899881887699     0.473775653466787
 160000726     0.883679033195476     0.135489458965648     0.424170556636988
 160000727     0.569928241571781     0.339630778105609     0.900542042142045
 160000728     0.637738556188379     0.966655173796315     0.680428803391641
 160000729     0.587604851277956     0.727674467405522     0.907668003092380
 160000730     0.580820203547851     0.688353826360995     0.936285789272144
 160000731     0.229664872071098     0.626174030006912     0.717968603998050
 160000732    -0.050285376133576     1.149930543280836     0.883778419223284
 160000733     0.587840744200680     0.692854371693160     0.971063802270732
 160000734     0.421091922361558    -0.129124351321797     0.009755028570535
 160000735     0.760147295779058     0.751147291870415     0.623661187443963
 160000736     0.521080049001622     1.184432208838312     0.707131318815481
 160000737     0.070562315937148     0.762871763206231     1.273618273849806
 160000738     0.333873476200953     0.229471954280567     1.004089736845799
 160000739     0.818932206256608     0.366616765332337     0.276862863159602
 160000740     0.064218795566381    -0.093787632402873     0.246288625374683
 160000741     0.426364406582652     0.547224020084278     0.478328482266389
 160000742     0.138763446136876     0.638080873636514     0.798971663940917
 160000743     0.391720030051676     0.008819822060984     0.994519180588126
 160000744     0.340429066838004     0.502032022627396     0.359303353546309
 160000745    -0.081950558876038     0.733005792234560     0.296790340693618
 160000746     0.155234832772556     0.659271725497696     0.792363849258761
 160000747     0.821358597736779     1.093354047533550     0.633143664391402
 160000748     0.526519174093345     0.006241404931267    -0.222264237941621
 160000749     0.121484668353329     0.657784306430796     0.791265162648804
 160000750     0.945441106750442     0.528064726062740     0.941098593471429
 160000751     0.584035113354635     0.724331448594559     0.932400800417070
 160000752     0.609704437644073     0.552800160274184     0.939036591869821
 160000753     0.784429964488455     0.355444183095838     0.338298706880541
 160000754     0.438096526722368     0.567745018440252    -0.192475284143774
 160000755     0.791842859125814     0.313729061945531     0.286706463055304
 160000756     0.879747547845581     0.580995773959619     0.731217770729011
 160000757     0.641633975015562     0.438279472207397     1.183127070261722
 160000758     0.058283923328699     0.366577543877947     1.070731707304091
 160000759     0.657277140829337     0.024205194290801     0.944775491828025
 160000760     0.245146131514667     0.199686005474777     0.973126586600851
 160000761     0.405214283157958     0.140476716453200    -0.061248249778131
 160000762     0.257616112336485     0.941347906625560    -0.223871922196272
 160000763     0.034046313385684    -0.096860495112883     0.309842727248796
 160000764     0.401366957673855     0.850657394249566     0.997557591868578
 160000765     0.485313811037218     1.037796096112425     0.093596342549884
 160000766     0.653172168601494     0.444480917448267     0.381241501609550
 160000767     0.072044334164920    -0.083324884097782     0.244689148489179
 160000768     0.385512926439530    -0.106159104735299     0.943161338400484
 160000769     0.622064264591683    -0.041250088747111     0.888916087689957
 160000770     0.736978345077135     0.855034208431346     0.537274880443108
 160000771     0.533555818300643     1.142060409940225     0.233968451489007
 160000772     0.762442593208354     0.577067238010205     0.996009415459363
 160000773     0.575378880369755     0.765722108862184     0.012455631430416
 160000774     0.911809433617456     0.895780164218058     0.720147464361712
 160000775     0.148940625976083     0.615413928535363     0.793961847001850
 160000776     0.135710160689417     0.656399317361309     0.756769602004767
 160000777     0.177756012036224    -0.046627797423973     0.829022265802127
 160000778     0.270982009438720     0.538024821368606     0.526095057158935
 160000779     0.940815526522436     0.863469348865053     0.163835338367086
 160000780     0.217180389301164     0.048718641870757     0.755216594978816
 160000781     0.392150686002030    -0.106498034100495     0.877152347605092
 160000782     0.462570390705805     1.179424757170078    -0.201269562177912
 160000783     0.554883149820375     0.694191481792518     0.638959167003593
 160000784     0.542332092865538    -0.048866400383970     0.908269468774744
 160000785     0.931176203494259    -0.084944117300754     0.561654282703958
 160000786     0.073554458589210    -0.066899974698202     0.245747668346869
 160000787     0.820444643840080    -0.144800571477447     0.707202091870186
 160000788     0.468645277437633     0.414923952868342     0.545527135910884
 160000789     0.136563375353142     0.677445160535643     0.767133725190927
 160000790     0.690076232705510    -0.005949570856302    -0.051756593910046
 160000791     0.436898316412389     0.480231016536752     0.720473379497003
 160000792     0.378258709905010     0.971800068587733    -0.057176700128687
 160000793     0.094769913059028    -0.101940771465771     0.235441646479559
 160000794     0.391746945963231     1.117413913206738     0.187993118656375
 160000795     0.797352201068140     0.238082175590064     0.395856393160719
 160000796     0.536247700562219     0.601023133767357     0.059152166098669
 160000797     0.198728480109794     0.462493059862189     0.486800387308600
 160000798     0.606139353697550     0.451660936163407     1.256183191993712
 160000799    -0.035626524043566     0.075831545598972     0.750220875615877
 160000800     0.949171339275698     0.567765733453305     1.082100398173366
 160000801    -0.063493985084056     0.898562595629739     0.390479473289949
 160000802     0.319295679050871     1.135397313614246     0.706849897158144
 160000803     0.063873180400080    -0.097613879076470     0.245677875230010
 160000804     0.542906568339926    -0.000040125223099    -0.014508656141548
 160000805     0.885642211048369     1.177085012143916     0.563120921403681
 160000806     0.700130050625808     0.532382532442905     1.008660128009842
 160000807     1.029787525824266     0.587073343766965     0.674388162136723
 160000808     0.361580410253207     0.038288351603095     0.993402652328941
 160000809     0.148426686701379     0.696201585390882     0.789804991974823
 160000810     0.117177267336147     0.362284454986630     0.732316795918606
 160000811     0.436412964133544     0.331658824692866     1.044497883617258
 160000812     0.391561007092799     1.115900728106517     1.126700614026597
 160000813     0.620312097181568     0.038476081826180     1.182234707843170
 160000814     0.087150036835722    -0.114039966360292     0.263619607711007
 160000815     0.604484481810744     0.746231811759803     0.952159567755803
 160000816     0.085921662390828     0.971981316806083     0.766320332403870
 160000817     0.363418227607235     0.091925489532131     0.570687875210239
 160000818     0.903136157993947    -0.090594617280476     0.538222971822903
 160000819     0.667563899911615     0.344887063262784     0.960644322685402
 160000820     0.595033653781925     0.618671574189547     0.333913989387307
 160000821     0.631603188054429     0.168349709471774     0.762368004893083
 160000822     0.334876943897919     0.260315812051575     1.126742511208834
 160000823     0.134790176303327     0.637788625418374     0.780941601943667
 160000824     0.696905182653083     0.574624336773370     0.072768442399146
 160000825     0.493463292713673    -0.108212580157013     1.252057915052649
 160000826     0.695407056534100     0.208316377231239     0.443483636684436
 160000827     0.560095551433803     0.696232353262186     0.921374124748374
 160000828     0.529022022400199     0.733204645085069     0.916108231336929
 160000829     0.834504802517346     0.260748037165738     0.232794341408158
 160000830     0.458815039888070     0.355504624117336     1.017654807726103
 160000831     0.749827831611271     0.136910732574829     0.614959729363072
 160000832     0.747850238808257    -0.065952994854145     0.214946326525569
 160000833     0.704999917510724    -0.013717181355425     0.670096759526506
 160000834     0.433333186392212     0.125118669830226     0.668177218498453
 160000835     0.562770073143127     0.698252931784908     0.935130247612334
 160000836     0.551548642306890     0.363221792096214     0.619582517094261
 160000837     0.776572052734449     1.136862401457185     0.074508201435776
 160000838    -0.073562078791138    -0.100539866324257     0.749312772227361
 160000839     0.212291638879109     1.143886533295331    -0.190164489958176
 160000840     1.029847119985777     0.634622759228861     0.772816724022503
 160000841     0.532854271698921     0.729610238041493     0.929984603293109
 160000842     0.946751270823317     0.509842955957779     1.072371395182180
 160000843     0.080794907457048    -0.111946662631566     0.260109217383954
 160000844     0.965144775176605     0.196358777851482    -0.008602961721203
 160000845     0.369010107294314     0.076907120969551    -0.076091399639092
 160000846     0.483526899894786     1.066461746373672     0.504533554792603
 160000847     0.760588543928730     1.157743351275704     0.950058462452681
 160000848     0.914824821894916     0.374600344031600     0.924851613268678
 160000849     0.600385918747257     0.534248539764095     1.175487999247231
 160000850     0.176765811521557     0.685753783028836     0.779000751170509
 160000851     0.219713776001667     0.763228546753256     0.167108109526072
 160000852     0.849836749584252     0.246836353261191     0.371705100371863
 160000853     0.931192901527659     0.612586533936936     0.989740219862016
 160000854     1.013223296219027    -0.109652488554543     0.732360974221760
 160000855    -0.080633058299227     0.623036032235016     1.155546849123788
 160000856     0.838243926938391     0.756201019025643     0.001064716748534
 160000857     0.322705445441767     0.591529063403926    -0.152172355390482
 160000858     0.367847334969154     0.003873100157710     0.675830028921525
 160000859     0.360149900251805     0.288324265028202     0.560666735038097
 160000860     0.598060269412270     0.312824263475988     1.044619708842172
 160000861     0.176494842386743     0.404828277851754     0.094558517729227
 160000862     0.612826300601111     0.670272526412600     0.482192658143372
 160000863     0.898447171384438     0.282762120629198     1.073986666214210
 160000864     0.672545234118156     0.248731798916347    -0.005642825598805
 160000865     0.382239222461196    -0.021327233997346     0.730785098481038
 160000866     0.672253478875845     0.360205943430328     0.261532430581438
 160000867     0.066310885785683    -0.124097026992701     0.217690771753879
 160000868     0.556485265516752     0.688093492535362     0.931073275453317
 160000869     0.857087509931967     0.887899253195727     0.052979480772770
 160000870     0.727098596681533     1.133187584906412     0.126193837662230
 160000871     0.484361621463022     0.013507438347360     0.790776745201797
 160000872     0.396612704466708     0.960305411870107    -0.105425505528175
 160000873     0.235059327966036     0.691171108512141     0.332665833361271
 160000874     0.951421143402869     1.186545322842727     0.847573861573411
 160000875     0.783681358417050    -0.135148732217522    -0.049235566928853
 160000876     0.044591856341679    -0.117511620084911     0.215268837738971
 160000877    -0.021359033595397     0.443512535990309     0.925023589653961
 160000878     0.769891863465231     0.464486543500377     0.179275133422999
 160000879     0.563049815103517    -0.004612834759306     0.650187087244016
 160000880     0.638821163309382     0.160447266660636     0.309705457186434
 160000881     0.864888519725110     0.116631101951652     0.942346480201724
 160000882     0.470275080281437     0.003956527398705     0.823368686070836
 160000883     0.429054914060878    -0.050640752048280     0.891210627642320
 160000884     0.573023746114863     0.144710562769164     0.626840070325334
 160000885     0.577590321713917     0.681662752256412     0.943823394053127
 160000886     0.738243165853826     0.396062768548317     0.986717709331407
 160000887     0.626635444317007     0.686209251597621     0.982219992307282
 160000888     0.178552974507712     0.069554500957067    -0.026511207321093
 160000889     0.059089921877434     0.939700036838120     0.260748797531022
 160000890     0.510711911464244     0.080248871292083     0.738583877332861
 160000891     0.253900388057457     0.707176615771710     1.080291689825484
 160000892     0.778168804437021     0.486835643849958     1.015790159843734
 160000893     0.175222684725146    -0.072832428419201     0.539855067280028
 160000894     0.355397216920656     0.802339791444556     0.621832448215740
 160000895     0.943828770625499     0.081530584904978     0.977238256210472
 160000896    -0.086737533841879     0.356463897242875     0.140713107856565
 160000897     0.327861342134955     0.267772078909820    -0.289145964915681
 160000898     0.633115663011128     0.372104236623032     0.140385380273300
 160000899     0.795700668183175     0.904559970949917     0.381180142622831
 160000900     0.431444757094573     0.411249762609712     0.934061449320226
 160000901     0.849301809585533     0.323081178741175     0.448272074284353
 160000902     0.051317147343397     0.871168937117644     0.136375153123636
 160000903    -0.074654560514117     0.234390854708187     0.789422462266038
 160000904     1.031594160857112     0.718040254416424     0.569957820376345
 160000905    -0.047750441723033     0.645761907061788     0.930064617767931
 160000906     0.116691321424921     1.107408744952599     0.231439907265295
 160000907     0.577216408033437     0.723390261821763     0.957597916009471
 160000908     0.658737810024123     0.521439921219026     0.448204634646164
 160000909     0.164320872084977     0.636140458004008     0.781837174617334
 160000910     0.889604772510230     0.313922365924649     0.319893362818749
 160000911     0.070581323217737    -0.106143885622548     0.225392878040322
 160000912     0.667142500399400     0.265645889178287     0.937259491390948
 160000913     0.900343913770959     0.152082543768452     0.556295681463292
 160000914     0.741884156877169     1.038734472774351     0.435192999026768
 160000915     0.431083008663417     0.123418867845302     0.959799413408222
 160000916     0.314797026292262     0.175038334163226     1.055594824829903
 160000917     0.186737340802674    -0.162742530512496     1.176067859848104
 160000918     0.772918862339013     0.048447005586323     0.141138419359047
 160000919     0.549231590926172     0.270538745894276     0.875192095327167
 160000920     0.479026371384440    -0.073078264450510     0.296302241793299
 160000921     0.268764847254912     0.201212017195898     0.041204889966838
 160000922     0.598198698725690     0.776252688047941     0.350655062150092
 160000923     0.149826147539501     0.654389804264928     0.770266268040331
 160000924     0.076891623843745    -0.104872202146923     0.229503825857858
 160000925     0.256667005528780     1.008748039187713     0.449835357005394
 160000926     0.625124372224078     0.488263147331350     0.820870144340218
 160000927     0.419146663573399     0.010576140024591     0.541013404189860
 160000928     0.136223584581138     0.675978474062417     0.775322497165524
 160000929     1.091695648107798     0.602681042291313    -0.249178215026470
 160000930     1.000284226484224     0.546530383393816     1.038354790965423
 160000931     0.908454431189144     0.497218356566328     1.029422162886924
 160000932     0.975889524147912     0.926626918132414     0.121842237905653
 160000933     0.397563080124793     0.195018643309106     0.971931891200622
 160000934     0.579951726856190     0.291568872683650     0.603028354410968
 160000935     0.740622047959713     0.331277881239389     0.592139980738442
 160000936     0.989028009061184     1.085025686885622    -0.292019356482164
 160000937     1.067465584942443     0.613631727531514     1.101781298703876
 160000938     0.906620572039521     1.102588565229389     0.161411553274227
 160000939     0.685940688115149    -0.126328248817607     0.904270816563563
 160000940     0.493051020539990     0.206717119888580     0.404257802385402
 160000941     0.842908460861805    -0.032749071785356     0.749529412557925
 160000942     0.316426952451549     0.219283840576845     0.913508791487156
 160000943     0.534684734554949     0.561895867884914     1.181243207307477
 160000944     1.078786214041645     0.753327499297033    -0.137749903619883
 160000945     0.439035746221858     0.959551437528543     0.812654416600311
 160000946     0.162707373361596     0.110958200033909     0.083383061120384
 160000947     0.518024536476547     1.091356710113870     0.171511849093980
 160000948     0.682587880237941     0.116300069208886     0.282926491259740
 160000949     0.321353724688432     0.158487025106773     0.053677107626439
 160000950     0.619763599687493     0.701690407574916     0.977952415082992
 160000951     0.626444913160044     0.648772706757413     0.951196584471361
 160000952     0.899335507575176     0.241846929374502     1.067952104428043
 160000953     0.602127472735365     0.465175951089069     0.951383386273485
 160000954     0.574004239638298     0.267186241410270     0.507662425229521
 160000955     0.214617468880815     0.386345333987436     1.076236367672086
 160000956     0.155005060146650     0.617076668857746     0.748794352471240
 160000957     0.143456096329343     0.675364587016859     0.769721461673885
 160000958    -0.084185380868343     0.706816248782526    -0.289302099893382
 160000959     0.586412178592655     0.699784262226602     0.937261166767847
 160000960     1.058922683152067     0.915020869343005     0.062844398214133
 160000961    -0.064709549325859    -0.175557659788379     0.675348244114050
 160000962     0.948506425540726     0.560591205132198     0.647066812203621
 160000963     0.890177323837556     0.944992230871328     0.359616857594121
 160000964     0.753585219368641     0.495405430075986     0.653910664526799
 160000965     0.241398121462923    -0.036200983897740     0.511269522576962
 160000966     1.007074735565867     0.664189460880456     0.383892714495540
 160000967     1.061603931908684     0.404561995810455     0.800520962236441
 160000968     0.817512120231966     1.019037471497667     0.852241157425538
 160000969     0.597838906926057     0.554202893895323     0.343732815406150
 160000970     1.000022905306444     0.474954092665052     1.089356320521857
 160000971     0.924258023609588     0.498156863417395     1.014182962387565
 160000972     0.254680516636313     1.100051616665076     0.673462926339579
 160000973     0.197816265897625     0.170963130757025     1.137243560948291
 160000974     0.737632964988511     0.747291958030733    -0.060434142869819
 160000975     0.560564486839484     0.844796232141581     0.676008689601165
 160000976     0.749970534106397     0.229557959410131     0.487075667480772
 160000977     0.797600236892675     0.595352069244174    -0.268052342765258
 160000978     0.881242864786472     0.290720797941563     0.619269362215147
 160000979    -0.092429021565190     0.708971047303142     1.001831403285635
 160000980     0.182050202589507     0.776351528540501     0.912563293635690
 160000981     0.409922158275709     0.997557026421350    -0.212011260366478
 160000982     0.383153319391402     0.014230186844930     0.657253318718439
 160000983     0.364212656804289     0.705722178126273     0.504199882153338
 160000984     0.518883545220194     0.587489940745295     0.328677501361457
 160000985     0.603706751250561     0.555146361838976     0.574355704845970
 160000986     0.178772207469702     0.658973805522355     0.771463153064249
 160000987     0.144789274746546     0.654743368884177     0.752089741311024
 160000988     0.362255454581245     0.986750663960262     0.124581912628932
 160000989     0.638180251810379     0.216713951472290     0.472237628734743
 160000990     0.119828845483973     0.670266840160605     0.745834715816515
 160000991     1.040819169890166     0.508271014149449     0.366496793617392
 160000992     0.244223823125737     1.016389992356922     0.690781971140028
 160000993     0.445155101959770     0.302966250572279     0.257645758485624
 160000994     0.928598695490961     1.173705220478239     0.158955702546369
 160000995     0.992829993274390     1.038210095249586     0.584823232569172
 160000996     0.937792713878382     1.085078655721585     0.676862580474185
 160000997     0.207570489205688    -0.056217603137492     0.730003988729105
 160000998    -0.033935525057532     0.607242291878953     0.739454969557799
 160000999     0.648902457844284     0.697485028269516     0.714440086302930
 160001000     0.413253532495465     1.199499276868565     0.658181997396728
