 260000001     0.203356680783042     0.290523259332497     1.081875570523571
 260000002     0.091875509294597     0.627404978219121     0.770829818559699
 260000003     0.115881127542794     1.029995733956651     0.207600174574358
 260000004     0.073527612321305    -0.096276726065707     0.258360358546189
 260000005     0.312941377667449     0.154351396462681     1.044590071553116
 260000006     0.094472323060331    -0.110493319760942     0.245047938323353
 260000007     0.071337137798185    -0.082043421761773     0.254128731368883
 260000008     0.565895230383665    -0.019921338990394     1.027442840897707
 260000009     0.129051420028916     0.626565041636199     0.805191675319775
 260000010     0.557029520293694     0.967313823254693     0.431198583596108
 260000011     0.889236774769892     0.474844794872319     0.620593936790409
 260000012    -0.014391644050069     1.135221876080672     0.277115442341220
 260000013     0.357040386538891    -0.062423532198036     1.145811197729652
 260000014     0.473136341510864     0.479740001734046     0.254566142915677
 260000015    -0.096934758213499     0.655024040213801    -0.039695829481502
 260000016     0.197368934665697     0.329025315541482     0.140474417673584
 260000017     0.847537374789732     0.675312881793011     0.357536768168976
 260000018     0.544454972519024     0.793965890912079     0.346966211032200
 260000019     0.036301435971392     0.481678622845270     0.506237695904991
 260000020     0.476063391446961     0.179533400843534     0.966564358286967
 260000021     0.820284936530279     0.558371956034293     0.524849329381992
 260000022     0.681326591468972    -0.136974542420857     0.734167147748719
 260000023     0.487789148645454     0.022075408490675     1.058422690952557
 260000024     0.674533892714579     0.956020445163693     0.277227051229679
 260000025     0.689553097346245     0.526371241795131     1.228239544860827
 260000026     1.031858038673061     0.466429915706317     1.011432704276814
 260000027     0.405261538994525     1.139512575751872     1.083528772212486
 260000028     0.077090915873808    -0.090116388728060     0.235640157490973
 260000029     0.067768959763223    -0.102120751030266     0.242060173767443
 260000030     0.057459275759418     0.808451936864180     0.368278825754121
 260000031     0.380654848078127     0.000803089890814     1.004857595735908
 260000032     0.093269286379810     0.630649994461773     0.783925140254339
 260000033     0.456366172199853     0.034890409382291     1.078329796316071
 260000034     0.317733338679302     0.666172244753038     0.712761638039689
 260000035     0.512162026158857     0.346673940206648     0.828057794256759
 260000036     0.313197699779537     0.588879506776039     0.108956601764389
 260000037     0.504513531524483     0.724573007346983     0.562710518750062
 260000038     0.123157644480148     1.054168150136305     0.950511826931916
 260000039     1.049779914268739     0.688046934192463     0.402813310414159
 260000040     0.340355083823042    -0.133038189779009     0.697590947128970
 260000041     0.511012321373987     0.642378206680911     0.518678693536367
 260000042     0.576246120809987     0.717872256929945     0.964449607058719
 260000043     0.214519647121761     0.140991309977470     0.922097890267156
 260000044     0.662876295607652     0.286094940114821     0.464506008866707
 260000045     0.701254924891445     0.806809482851522     1.087315010162391
 260000046     0.800973545556780     0.377221864303796     0.473885857891045
 260000047     0.312042743369062     0.112978076742779    -0.159462426984799
 260000048     0.839997055453174     0.793165539121203     0.543034660138136
 260000049     0.301689692301188    -0.031683884584204     1.055198516561296
 260000050     0.760013308858004     0.369415041958099     0.493507865610354
 260000051     0.530418818259822     0.372332653544922    -0.029787465989029
 260000052     0.125247955009126    -0.180809504397452     0.612075463575497
 260000053     0.050089137602882     0.159951230203314     0.736253862512644
 260000054     0.750529062387968     0.154056039091711    -0.109122881400787
 260000055     0.578174018562173     0.684887563190666     0.885256621536559
 260000056     0.249781860330175     0.100724950733768     0.523455802311520
 260000057     1.076706856977982     0.641101365672765     0.962624547012449
 260000058     0.373540715611763     0.623560601608401     0.006013383951321
 260000059     0.263313922447302    -0.175921266283017     0.750716745141230
 260000060    -0.092039936326636     0.464134731108036     0.512887121466611
 260000061     0.734316231104708     0.383449547230114     0.776516041552837
 260000062    -0.036896167209601     0.243918756520122     0.022903846427849
 260000063    -0.028390594407847     0.682373415146452     0.650981085490962
 260000064     0.453752228259421    -0.025067872523325     0.595509471488702
 260000065     0.178020260310619     0.765931812949917     0.084426530899652
 260000066     0.868871424824934     0.670000576420275     0.741751983538477
 260000067     0.923172339630397     0.656872033280619     1.093224319631014
 260000068     0.477806451393087     0.360511410308997     0.568279741505920
 260000069     0.527778782732140     0.585902464007251     0.557383409972976
 260000070     0.636938681240207     0.138443738942788     0.976310340128714
 260000071     0.451779229960769     0.331299687282281     1.034226808726603
 260000072     0.223373911350709     1.106210565903088    -0.233786521233622
 260000073     1.057197611017229     0.829706018358384     0.702047514258364
 260000074     0.686126662465573     0.192351454511760     0.859274098263652
 260000075     0.558422394206667     0.702457590241535     0.956289549557315
 260000076     0.957482022992258     0.357917134833297     0.462926924696697
 260000077     0.928659444764708     0.614770563488365     0.990334556849996
 260000078     0.058600044379047     0.526921948354922     1.197062023251034
 260000079     0.896727176587016     0.848183032314045     0.214373884268683
 260000080     0.459100159630740     0.602595661275214     0.510493971909694
 260000081     0.543371080230767     0.295044820400837     1.028426461815594
 260000082     0.910758352983425     0.575125709595326     1.064875121032367
 260000083     0.651632030043322     0.685434555986567     0.013156297785756
 260000084     0.261237277409902    -0.096187180760615     0.797642440987528
 260000085     0.450600792932816     0.114610497749623    -0.022348237516491
 260000086     0.054089373011883     1.181337484491183     0.173230964780641
 260000087     0.343695611908096     0.243173578882868     1.173780182859306
 260000088     0.309721963050315    -0.122735802636978     0.584315835620082
 260000089     0.221553669092318     0.116905571731492     0.075202505218182
 260000090     0.421991526046917     0.915695424098377     0.260446559057532
 260000091     0.194290083367262     0.277251016469500     1.274427118951150
 260000092     1.078358606922817     0.487126765191686     0.859748659301797
 260000093     0.212298195879991     0.186591982289953     0.580557663871745
 260000094     0.986297459714952     0.479885778263261     1.020398096125269
 260000095    -0.022816418057101     0.239085278300288     1.191296931098597
 260000096     0.509119310408319    -0.081344761676991     0.875223703869276
 260000097     0.439022758725592     0.180538622411164     0.979916182598951
 260000098    -0.081619710417360     0.918148713246297    -0.160814018574264
 260000099     0.511305842006451     0.241093694123324     1.056573031419708
 260000100     0.270537032028060    -0.106349835871156     0.645504808702622
 260000101     1.034626701518200     0.826762841996342    -0.203801966155133
 260000102     0.707834381556309     0.376678672820160     0.291666079551001
 260000103     0.203364017648334     0.121717419203526     0.887122551571270
 260000104     0.639534766250497     0.697497202198354     0.966927442455175
 260000105     0.583402900074237     0.000374696337816     0.569514115303124
 260000106     0.511073766429529    -0.062772994116350    -0.137507312322369
 260000107     0.163281342544621     0.660743065724401     0.781796486287513
 260000108     0.887851854668033     0.048040347284493     1.239940874167574
 260000109     0.549180491819311     1.083303652133077     0.839919432094429
 260000110    -0.069310960076362     0.011652195296085     0.174467543475443
 260000111     0.664431494094064    -0.079791433024020     0.609369894568560
 260000112     0.894890607662450     0.480340889243144     1.004109933919731
 260000113    -0.092190738306376     0.996578315184379     0.426895215538392
 260000114     0.845106112581886     0.370437003410138     0.805865970866897
 260000115     0.020080177913865     0.559945826622645     0.405308476727352
 260000116     0.370716198489635     0.048018902503241     0.314929737577396
 260000117     1.089642150185173    -0.015868683512612     0.789202886355411
 260000118     1.030414081319060    -0.171875727679796     0.267172608811904
 260000119     0.735520864550425     0.040830058199687     0.858825075923773
 260000120     0.906748117684660     1.014819298591828     0.253501203631215
 260000121     0.165361544553214     0.222695373855994     0.038587591588210
 260000122     0.296958389792626     0.309655924042730     1.131737074290798
 260000123     0.759604456823138     0.402934641481221     0.645892306142142
 260000124     0.663481066793891     0.512967910208785     0.514074219938551
 260000125     0.935793568467918    -0.169226220920185     0.744831966946887
 260000126     0.528603132150963     0.636938489384996     0.959481498540370
 260000127     0.489222598812209     0.031504423653365     0.748557049129289
 260000128     0.571686342703404     0.985509412514942    -0.124139265177829
 260000129     0.450769566301257     0.727007346425842     0.461894518687901
 260000130     0.498352611498959    -0.012531216934773     1.082157413883732
 260000131     0.986217721645241     0.216584177391580     0.630535581247236
 260000132     1.085236322349141     0.838875753793484     0.456856082835422
 260000133     0.333405408468150     0.191580249906989     0.687480564000875
 260000134     0.116936064093287     0.617062868608577     0.791422539083208
 260000135     0.017404892061601     0.243727988361428    -0.246326160140407
 260000136     0.565795762523497     0.690540633022231     0.943411516090022
 260000137     0.266472439457340     0.158509630172456     0.957889634636977
 260000138     0.465308021892806     0.821347292674350     0.697189422011415
 260000139     0.627297169619816     0.677120006235146     0.959890742022607
 260000140     0.770314271207770     0.250807106127710     0.873687114646401
 260000141     1.033668397784044     0.853710186184240     0.646113995010984
 260000142     0.401341099180154     0.139971776637547     0.987375414876297
 260000143     0.941606114547924     0.888143310971962    -0.118156147912314
 260000144     0.986613656060594     0.388334096674809     1.022277428326010
 260000145     0.169132561429364     0.002359494242511    -0.137418674797312
 260000146     0.771787071066407     0.611656618291295     0.885043580995168
 260000147     0.878898949188083     1.173540294700749     0.143202846633685
 260000148     0.409785534115518    -0.193385048316521     0.578288092531112
 260000149     0.330073558113898     0.175476149383181    -0.267431690198982
 260000150     0.766165609288858     0.458621395868054     0.369091242929480
 260000151     0.974346714383165     0.862542826844477    -0.161100228982660
 260000152     0.804298562663712    -0.120235054233456     1.271101143609393
 260000153     0.041125204348456     0.885174908853338     0.932292444199252
 260000154     0.818637520732582     0.560784393618411     0.376879199647731
 260000155     0.590873410811745    -0.139053806675059     0.518341358484589
 260000156     0.914998442460888     0.774836647059915    -0.036303606633729
 260000157    -0.034683969326440     1.096575320533526     0.609091440613610
 260000158     0.695101855959521     0.713898284400362     0.456033593958335
 260000159     0.669412858121257     0.309536908423801     0.300229091626527
 260000160     0.704287857976023     1.085298743613458     0.136250209135193
 260000161     0.056300472403570    -0.115988934502186     0.277069997079238
 260000162     0.764570967980870     0.980448055021735     0.090631997126368
 260000163     0.362592613397906     0.007613976836397     0.559941271165351
 260000164     0.856625344346146     0.967585289060507    -0.189132086359764
 260000165     0.745933326642608     0.249984669423581     0.286931929640296
 260000166     0.566197965379738     0.607944683014758     0.506602402983161
 260000167     0.173123462282459     0.118163426853389     0.758796367327750
 260000168     0.930303289717882     0.541835809966383     1.083999885785301
 260000169    -0.077322338540204     0.775796697169566     0.585584954532830
 260000170     0.727377754279355     0.910517599941074     0.568246345483803
 260000171     0.643321874674238    -0.175652739037379     1.166345740021438
 260000172     0.816522281522105     0.506535277037084     0.493706711362811
 260000173     0.263938065432515     1.172069399009475     0.732971012251238
 260000174     1.077250730013115     0.518136061003839     0.786278579510504
 260000175     0.327789508749246     0.501435652032913     0.856251480828271
 260000176     0.269372824554462     0.540766051167879     0.677408964568699
 260000177     0.669198946367197    -0.032257285367620     0.573557895762159
 260000178     1.083969037481247     0.040748484103602     1.258100863646493
 260000179     0.583674893535963     0.713008702971474     0.931060839495398
 260000180     0.089584820457916    -0.099310728604994     0.258119132133165
 260000181     0.917679700677235     1.124380333654367     0.650072585540079
 260000182     0.083582722864786    -0.096898587517575     0.258991503971664
 260000183     0.459874572920786     0.620848692075222     0.568196385240674
 260000184     0.395304598897688     0.580746417168299     0.651254596613771
 260000185     0.373617270679475    -0.022316253324424     0.501671773761459
 260000186     0.697805828483878     0.934691490983368     0.363981582445137
 260000187     0.660653634184332     0.288278537962542     0.430130219063962
 260000188     0.571371691170958     0.725124325415154     0.919942705678763
 260000189     0.284256328533062     0.175365306813116     0.711954477294295
 260000190     0.221805853520120     0.336194332507269     1.097076532939067
 260000191     0.587497739581005     0.688764640823354     0.933911148418425
 260000192     0.750993507091603     1.135021645550726     1.036813151322296
 260000193     0.271393420841950     0.495049399388691     0.656583884937542
 260000194     0.251724033949648     0.182398931986870     0.104707021717634
 260000195     0.735424459939326     0.401784550485932     0.377689065456514
 260000196     0.026826424234720     0.255780751492719     0.511387676288042
 260000197     0.315302940871701     0.610944084586728     0.119183010189349
 260000198     0.934962388238891     0.575925520055353     1.091152017949910
 260000199     0.342079633164052     0.124217030739790     0.001763886741251
 260000200     1.093362801214845     1.143732591826512     0.706866432808535
 260000201     0.335451906645497     0.106222373062362     0.843081148305356
 260000202     0.062264363151248    -0.085957937183785     0.250464166208530
 260000203     0.756893907765710     0.838314719389438     0.338274914956775
 260000204     0.850618202374788    -0.132683830718773     0.673345302390924
 260000205     0.985276518123374     0.992276840288596     1.103179997389707
 260000206     0.560013928054942     0.691740105217221     0.924395705453789
 260000207     0.952438315992865    -0.144676361166014     1.020344365442051
 260000208     0.811130096394055     0.834642327560088     0.411909429387610
 260000209     0.053432787922519    -0.008467367930236     0.226554176584397
 260000210     0.641394981505159     1.124277768156890     0.925534298137773
 260000211     0.313990100800685     0.728386960279144    -0.091974920013452
 260000212     0.498396323737082     0.708409349618572     0.946920838172933
 260000213     0.742233719203995     0.359865430314728     0.370690117722040
 260000214     0.538107907281009    -0.118494052192266    -0.251425059801640
 260000215     0.611842530717668     0.731314258663238     0.938463127620057
 260000216     0.122047065460606     0.664049867128984     0.748304330759611
 260000217     0.756515976195128     1.143131028121195     0.207915129348022
 260000218     0.880379142021268     0.965635845355021     0.681488312900777
 260000219     0.748585673288272     1.169674654766285     0.404591477419650
 260000220     0.792854730203189     0.107231682756683     0.334096151043096
 260000221     0.739582587058252     0.093690088049754     1.074616904713327
 260000222     0.272265883180969    -0.125696916046826     0.635620074853697
 260000223     0.345500928878814    -0.021143802673759     0.491709768237817
 260000224     0.866188340992435     0.518238944588140     0.696827739636979
 260000225     0.708007603681314     0.203682249643855     0.253036873649062
 260000226     0.089208006631643     0.342106288160258     1.115001318319152
 260000227     0.510244757352179     1.037949448195461     0.741341430477237
 260000228     0.919287153945849     0.643041019758238     0.582375662709910
 260000229     0.478819942594410    -0.059296073699511     1.215326674930409
 260000230     0.468276824755363     1.199502344636640    -0.278865372029938
 260000231     0.175343194426771     0.677109651117513     0.061126166394364
 260000232     0.001226682481865     0.075745550842993     0.148788618666854
 260000233     0.932672417835286     0.944137562426602     0.854732183774054
 260000234     0.593964099213152     0.707672463429493     0.971508158772368
 260000235     0.147000536672615     0.639055928280943     0.804992391872613
 260000236     0.780978822951312     0.322328769972995     0.757617815935624
 260000237     0.306108146980331    -0.055207042705436     0.746397424552373
 260000238     1.090867063280485     0.248636746021871     1.284892169515860
 260000239     0.838943184325641     0.435167607567951     1.027977125792733
 260000240     0.315881463440435    -0.003891259091853     0.731170411129771
 260000241     1.027120563137814     1.082411265120269     0.733439196914606
 260000242     0.957119136050868     1.199906644195474     0.303696296347121
 260000243     0.381506615102662     0.560140473148297    -0.243267167504748
 260000244     0.484312113012610    -0.188599254322250     0.841566450915516
 260000245     0.655593653857624     0.360712274759586     0.966009885269699
 260000246     0.331125185434449     0.234704452080903     0.908718276631003
 260000247     0.475823644069775     0.678050251530278     0.427137530435605
 260000248     0.714911691340485     0.471147912314084     1.265726162464580
 260000249     0.303094894504379     0.217021511532771     0.556310439749708
 260000250     0.523518798133093     1.024550965249903     0.525716887847290
 260000251    -0.098665444410953     0.479537665808317    -0.203487309061607
 260000252     0.703025251018697    -0.105357556370643     0.792732260913771
 260000253     0.447949158082272     0.091511053309413     0.827654163322479
 260000254     0.961474419276971     0.593999100666136     1.062652114065306
 260000255     0.798906514594754     0.070372149921611     0.618719435961615
 260000256     0.314720260457527     0.214142056706016     1.039412651050873
 260000257     0.926029411729566     1.073290329351148     0.116759667122261
 260000258     0.953802728364077     0.505005520749777    -0.173335295646218
 260000259     0.881005301027569     1.046217590513344     0.026043666691722
 260000260     0.922542445348944     0.940412322943051     0.387473400210460
 260000261     0.841636312709400     0.660206703919761    -0.171369358982905
 260000262     1.026014568002928     0.867044397530456     0.059437531121525
 260000263     0.531479398481823     0.189318363832545     0.519456290933103
 260000264     0.277982499891878     0.214898159813297     0.598426078273571
 260000265     1.020451572883823     1.032377767603182     0.333506810246664
 260000266     0.610851110251885    -0.194862910024380     0.554953478510315
 260000267     0.141227468865870     0.621113989990584     0.781948280657668
 260000268     0.056806838890623    -0.109314099215042     0.250851700504592
 260000269     0.642515967611040     0.161949248378658     0.699272086666163
 260000270     0.828886278028565     0.061187361948440     0.806118319350886
 260000271     0.881861054719206     1.016599474729398     0.556685248517319
 260000272     1.096143632045699     1.190372483062196    -0.245548365577102
 260000273     0.822008527120011     0.139392094091710     0.931415375797150
 260000274     0.642935252037065     0.372587548632613     0.066557976892823
 260000275     1.088914171676308     1.051881700074258     0.740796220713446
 260000276     0.703206540117960     0.173863017971489     0.475409783872455
 260000277    -0.080680303118645     0.025763484074820    -0.059007261865265
 260000278     1.097139168021193    -0.161797894195166    -0.138834119760904
 260000279     0.745688351852861     0.449486659082622    -0.265682422783520
 260000280     0.271206940019520     0.657672220155248     0.717984048506749
 260000281     0.139330282829338     1.193405997076831     0.368055628723099
 260000282     0.925583914139476     0.561083126910181     1.081842766832292
 260000283     0.391893654465384     0.410508841818007     0.783947175847941
 260000284     0.642300372443196     0.922475441759441     0.607738395432623
 260000285     0.316930997884460     0.878864699612417     0.258859326808494
 260000286     1.060205484038608    -0.028405264004726     0.377159149156221
 260000287     0.750369414984557     0.264936480212445     0.300984671732598
 260000288     0.508745253405066     0.133955879676805     0.970981046440047
 260000289     0.177897368683987    -0.148488079120602     0.587719240414560
 260000290     0.443791906197534    -0.000217099863520     0.613472884640410
 260000291     0.679409617989492     0.352606110051284     0.440473317035176
 260000292     0.123732407961593    -0.039958016165168     0.671777106441611
 260000293     0.604995207624515     0.592880074025148     0.193121994802804
 260000294     0.363131802720015     0.208228137386907     1.044579922777927
 260000295     0.640442558513996     0.590742216345227     0.610881655543776
 260000296     0.330101082450779     1.035770473741630     0.319360197670385
 260000297     0.977608945117977     0.390039712271809     0.211740311058112
 260000298     0.333089870085225     0.190820293425902     1.019939300645084
 260000299     0.796270062515824     0.762095377501406     0.157175754345036
 260000300     0.787260128202246     0.887057274764652     0.121476779250064
 260000301     0.076071218095705    -0.104605389434236     0.207357357326323
 260000302     0.886171983743290     0.464124735423091     0.436072333150185
 260000303     0.917074109961791     0.086104416466779     0.487392936895085
 260000304     0.083383616364260    -0.092214115504206     0.250665706843805
 260000305    -0.078845791172882     0.230216889515894     0.921537579076708
 260000306     1.012178786913430     0.517301316413369     1.032234410869442
 260000307     0.796116044116942     0.251781640952188     0.399597920048449
 260000308     0.748184589480799     0.333293653877112     0.510469592392690
 260000309     0.532488290684081     0.169883452497029     0.521736818070454
 260000310     0.506544675350572     0.569883421775180     0.440151920297069
 260000311     0.530031546776976     0.295050012212844     0.077663681742747
 260000312     0.577284179793614     0.081117465447844     0.473118510591755
 260000313     0.394570012614953     0.302256381851878     0.976175985281592
 260000314     0.938346116323792     0.909684580824637    -0.207842372352178
 260000315     0.981017551785369     0.490350464317689     1.051909697143647
 260000316     0.266271879790769     0.104457767930988     0.587597852525049
 260000317     0.226338655845282     1.184527276052687     0.388993730636408
 260000318     0.092143810660226     1.042982173875590     1.145226915282255
 260000319    -0.099990674854471     0.391792860456737     0.144070283099768
 260000320     0.299378946378112     0.779112003809352     0.396655727779436
 260000321    -0.081357965518474     0.467570668498137    -0.061369030823410
 260000322     0.449172291934159     0.282532580542730     1.181067477104630
 260000323     0.270150810836473     0.204395534328670     0.445925406673655
 260000324     0.700486275273308    -0.035196030512266     0.007560438367181
 260000325     0.201209444430775     1.129988031697234     0.229599797897536
 260000326     0.507157844380984    -0.093353528194135    -0.040427027538976
 260000327     0.444207978637377     0.381826837782534     0.375478881633207
 260000328     0.049245471683838     0.161841456145277     0.897923971114429
 260000329     0.977812826076233     0.527808527267735     1.034344028726544
 260000330     0.793660234916540     0.896534281207412    -0.117370670561997
 260000331     0.426090237276755     0.150376122775648     0.998034580204623
 260000332     1.040826664562257     0.711224412176511     0.181163952161954
 260000333     1.014186714395233     0.481123116526386     1.116572241417648
 260000334     0.155711685621289     0.658193786037229     0.763217381856837
 260000335     0.710672362046190     0.605028637003893    -0.235063846723815
 260000336     0.475664853516574     1.110979840351261     0.446379057551456
 260000337     0.495208326513486     0.724832579986517     0.531906338314004
 260000338     0.215482972489871     0.041826173833664     0.761594548128067
 260000339     0.064577931347672    -0.080463490258061     0.246830215865455
 260000340     0.674808783911011     0.113436506586360     1.021592445009731
 260000341     0.480119092528040     0.063601444403059     0.613957726352809
 260000342     0.028268805211468     0.097841192196202     1.123585811672789
 260000343     0.692623210708501     0.190499491934932     1.224701995961011
 260000344     0.360470694532986     0.219741576549341    -0.052015193658490
 260000345     0.571999527097783     0.340127942331877     0.558429875490085
 260000346     0.579609950942048     0.729561112694280     0.966253885037875
 260000347     0.346451303909431     0.197927429840641     0.016480210255928
 260000348     0.179758054725255     1.106772504943786     0.704903262709907
 260000349     0.424805202135627     0.052042394519735     0.674374620741150
 260000350     0.600727404566195     0.096862781671011    -0.260936150788297
 260000351     0.294463459413810     0.849426674517036     0.277821244341842
 260000352     0.578355792353882     0.685543722601212     0.910194459847249
 260000353     0.237488789659971    -0.151946663797011     0.555122733988647
 260000354     0.659232718797824     0.311585921275004     0.868982615601863
 260000355     0.260752817093033     0.098556949483431     0.052345809433990
 260000356     0.441253735499236     0.833305706557955     1.224200220053202
 260000357     0.607860078061490     0.272737054293274     1.053546203896467
 260000358     0.124433420676480     0.674081171300524     0.793317233919225
 260000359     0.419958714637753     0.484979443412800     1.151510850688660
 260000360     0.554827870720888     0.755595092033632     0.113355122124580
 260000361     0.473254391439933    -0.145593126517738     0.769778728626683
 260000362     1.033820258120775     1.111342324657322     0.066321346969343
 260000363     0.998409444671850     0.575067901797377     0.994739139706179
 260000364     0.481132592438946    -0.115308483487576     0.694325551282829
 260000365     0.363223121394208     0.002499316864969     0.701422714168919
 260000366     0.910790166613809     1.098452527853287     0.496043367329564
 260000367    -0.021694298529544     1.062764826711805     0.242390451764927
 260000368     0.564577614947451     0.549428425185693     0.715980050877759
 260000369     1.014403807009339     0.818624086371232     0.742244995556913
 260000370    -0.010985774752138     0.760632910366385     1.259369313460645
 260000371    -0.030201825296151     0.484592855344281    -0.217739794824374
 260000372     0.115406731049026     0.653238632220665     0.821704877377801
 260000373     0.667751270758030     0.176065178692441     0.426797958597210
 260000374     0.129216842514687     0.646061842704659     0.788473678389220
 260000375     0.565006877316554     0.758026939084620     0.971503989448959
 260000376     0.058414840762764    -0.093701428429271     0.238005970870521
 260000377     1.000008356119065     0.747851105553136    -0.034022494065212
 260000378     0.159195357666508     0.663416960566738     0.830977918394543
 260000379     0.314490939810420     0.300144571976039     0.744887319461915
 260000380     0.060705905969532     0.459024539879144     0.852619281750724
 260000381     0.944968392555693    -0.122120590032356     0.631971648386324
 260000382     0.525496523546872     0.657638439008912     0.464369148839579
 260000383     0.605375174234214     0.523670331539596    -0.232527964304260
 260000384     0.285226699594309     0.220679309244671     0.821891852192048
 260000385     0.716220628959056     0.158545561536582     1.244562323837436
 260000386     0.978907687015661     0.223063158024161     0.276969344422172
 260000387     0.666354359232713     0.482271349940295     0.370800506852310
 260000388     0.001687150988401     0.551349221137450     0.441120572825577
 260000389     0.568143169484698     0.485282891054046     0.927297455016660
 260000390     0.449909905544272     0.096958885928958     1.111609379780427
 260000391     0.498974241943328     0.851139740988741     0.629588169430731
 260000392     0.093432088399305    -0.091659613586099     0.253767080270211
 260000393     0.462371469047675     0.770022479445094     0.251997089373529
 260000394     0.278375099246338     0.199480835014730     1.099462671565479
 260000395     0.423826097533540     0.332983607083457     1.002631924839041
 260000396    -0.042330570584027     0.729549294812446     0.253569053941035
 260000397     0.430059156411882     0.614283503112415     0.011758765910789
 260000398     0.541688431739061     0.962674133101950     0.555774897647207
 260000399     0.546422896765095     0.664973463178080     0.691279686317090
 260000400     0.212314125033712     0.064408615123234     0.649282343758877
 260000401     1.016877327225492     0.524920983536857     1.281278455274112
 260000402     0.648551580841194    -0.031130104156623    -0.274703486308396
 260000403     0.254430005044626     0.015634079512539     1.070828384992823
 260000404     0.701042085711435    -0.157615137154705     1.298713058351907
 260000405     0.425806076027995     0.683652936223396     0.648646745698723
 260000406     0.171296041142209     1.057926898651901     1.235551989674734
 260000407    -0.020661181328942     0.571402880736575     0.127614372384966
 260000408     0.203471573083556     0.697621989500857     0.592109845033283
 260000409     0.606738337660896     0.228399454230713     0.269807945480749
 260000410     0.911605241595157     0.645295277000725     0.169604568748541
 260000411     0.805437968470648     0.013426558110307     0.954811935596319
 260000412     0.797705971510663     0.268257119537178    -0.139651751589842
 260000413     0.466080198138940     0.125057270988751     1.103387699191010
 260000414     0.803429630540648     0.144634579756300     0.315880032160798
 260000415     0.769497480967678     0.393098837620544     0.413727408807200
 260000416     0.424113468232770     0.517940880434586     0.658138858766615
 260000417     0.948423243665850     0.481267615760118     0.540035258926500
 260000418     0.256416060816314     0.697463440421139     0.595433902281694
 260000419     0.957709676876028     0.482851842594296     0.989089151491724
 260000420     0.361337809595944     0.193895564796216    -0.060672225602653
 260000421     0.827019244825695     0.963508719336033    -0.037952025714770
 260000422     1.076074238426963     0.848541404112690     0.742210200234189
 260000423     0.333670535054227     0.623157640149231     0.149262151711307
 260000424     0.322513382296952     0.834808401006481    -0.209441428262370
 260000425     0.952557876095956     0.810114031246189     0.213155423491702
 260000426     0.179276051141750     1.070596561459522    -0.117982356110771
 260000427     0.824219265647515     0.651528974691997     0.498800499515213
 260000428     0.841946665514614     0.813830890741988     0.404462286873979
 260000429     0.580268199692527     0.344032313490254     0.106787475600563
 260000430     0.237812126179009     0.130184324183398    -0.085201703691970
 260000431     0.631992318765786     0.716984770801549     0.932751849529187
 260000432     0.351934951270388     0.067267138579812     1.032371579868509
 260000433     0.880787497230583     0.935735453856365    -0.150432395699446
 260000434     0.575956144468136     0.680563337272696     0.962964844766629
 260000435     0.110659594035646     0.744911686732422     0.589081454118930
 260000436     0.269307719604960     0.199427799497903     0.935180637047801
 260000437     0.306321892851559     0.233876769615104    -0.282975521286294
 260000438     1.039313352630001     0.815535780200513     0.137684070676299
 260000439     0.889500195062044     0.376917265141474     1.085210486461813
 260000440     0.808384001793162     0.313181813689477     0.287111461504139
 260000441     0.668659313004445     0.603953956143753     0.391753855284696
 260000442     0.298230579886303     0.286796586519127     1.047405202809662
 260000443     0.102968441955782    -0.155438385255407     1.041293946052877
 260000444     0.112169344251782     0.252165147729839     0.729519397581972
 260000445     0.305992024550304     0.367496540254787    -0.127680806124250
 260000446     0.625834173130750     0.668045778621812     0.939128287878225
 260000447     0.563001238469037     0.568252940901406     0.341589968722007
 260000448    -0.044690238785714     1.161453936332183     0.167721284244346
 260000449     1.031410111904171     0.481538106476857     0.789172787772405
 260000450     0.398388888473349     0.742244124264025    -0.194583830311279
 260000451     0.797027065148750    -0.099893850469726     1.115619032797114
 260000452     0.935042344540044     0.491314333658638     0.978168874466317
 260000453     0.047650969162745     0.922088704342605     1.057611914579697
 260000454     0.510195843383716    -0.080333033408055     0.651082362158560
 260000455     0.128459711789077     0.665420662770385     0.761695573027495
 260000456     0.104481265795596    -0.103131146863011     0.280081350632024
 260000457     0.797878097232270     0.665241181912018     0.318172900477939
 260000458     0.079778023447640    -0.122285187445557     0.261480281092991
 260000459     0.961640261288421     0.583812711576912     1.173903651692321
 260000460     0.341813163110431     0.699833461630102     0.294278835190911
 260000461     0.005857414121946     0.983849708841319     0.367889636272132
 260000462     0.636934495568821     0.178018701873670     0.505489168721837
 260000463    -0.089171158552048     0.987136386029570     0.466647770859705
 260000464     0.314678153579469     0.027704025558511     1.228403035849961
 260000465     0.121148801873503     0.482018221435869     0.310233780095793
 260000466     0.934888023270824     0.601516935590203     1.018471014787794
 260000467     0.651976215357116     0.674803914347010     0.368395177410787
 260000468     0.581479312583402     0.714224999385246     0.954623891176667
 260000469     0.807656286588509     0.279596153677881     0.325304267692266
 260000470     0.085552648305521    -0.090529637212040     0.261777146444344
 260000471     1.014545397345903     0.972231171508340     0.240437739370462
 260000472     0.683870277650571     0.842112717719761     1.020607575193231
 260000473     0.989425132214342     0.565998739196726     0.122875436309024
 260000474     0.204939519410508     0.147039328477582    -0.051074275192776
 260000475     0.922119608444352     0.934351216960861     0.801915821500275
 260000476     0.135587087962531     1.077669106285861     1.193498110720693
 260000477     0.446930033857814     0.013481193919320     0.533607489005831
 260000478     0.215515625170654     0.156289140137403     0.254690007295215
 260000479     0.905656560710547     0.923189531952572     0.814986574356049
 260000480     0.248710810510808     0.162821778156440     0.620857455360746
 260000481     0.629826751308558     0.277995722926373     0.459926423216557
 260000482     0.390658051562447     0.675406940370277    -0.108496450306129
 260000483     0.384284058983281     0.035874508439107     0.800502453857055
 260000484     0.757433535082092     0.155824775017375     0.488358088594671
 260000485     0.060473538155185    -0.031956419073169     1.086515408849366
 260000486     0.465770996031128     0.381224241077989    -0.212362513262028
 260000487     1.041490372853298    -0.033269941121261     0.146252893037857
 260000488     0.331090517173765     1.146081351996555    -0.060854057158474
 260000489     0.585920606242984     0.147224770926687     0.994545052171455
 260000490     0.498088951506151    -0.115823756835809     1.231146180514069
 260000491     0.579720110522262     0.829261955584383     0.034474954047178
 260000492     0.823255153025921     0.308953840014777     0.356347286847539
 260000493     0.629309384164126     0.971278370839788     0.135104664639250
 260000494     0.559028511846969     1.017085952927698    -0.130389065932196
 260000495     0.379191058141071     0.175942437568896     0.051761826707702
 260000496     0.998613333013053     0.737465037817149     0.248359605336429
 260000497     0.094290436892504    -0.058170945155165     0.243804774875456
 260000498     0.447978924995320    -0.192441459492946     0.764142670690272
 260000499     0.811710465022369    -0.164355539473379     0.425699622340925
 260000500     0.927526370466975     0.616954222129402     0.662900935779740
 260000501     0.654087130219439     0.034717941171126    -0.175176221903839
 260000502     0.652340082010049     0.901005632504541     0.587660317601023
 260000503     0.470746757159555     0.676246906379632     1.002632847606960
 260000504     0.852966550852791    -0.130827638340532     0.807298407613640
 260000505     0.624903938061044     0.340778059216596     0.171940911002963
 260000506     0.057647307783454    -0.114674855363416     0.290509243953199
 260000507     0.005383690892664     0.639531710687797     0.916947712237250
 260000508     0.179646449175577     0.982539329158731     0.600479188936745
 260000509     0.477113029354896     0.082561961451355     0.951899484748418
 260000510     0.589073855646620     0.681799333119635     0.441248537848673
 260000511     1.064124139999605     0.575462704515140     0.031385180238121
 260000512     0.545358838130906     0.646538138444413     0.417774922074797
 260000513     0.176191294834953     0.643559419607794     0.777755987316827
 260000514     1.009549196619889     0.628682799942340     1.112301338691244
 260000515     0.472933358091063     0.220569204690671     0.766879981463456
 260000516     1.034724289470871     0.547966444556556     1.011094998090026
 260000517     0.981142858595962     1.067110353615518     0.964241966356641
 260000518     0.292639360508893     0.138909658423288    -0.068152343364518
 260000519     0.289954248362940     0.092766484591962    -0.028078010806904
 260000520     0.285206073075672     0.170112793378296    -0.109025151320263
 260000521     0.629343503488158     0.286678151705522     0.825603447993617
 260000522     0.629355429590660     0.401670874600010     0.369326838634806
 260000523     0.949459307153664     1.193947631879338     0.719090358683601
 260000524     0.902493725607017    -0.145110122239277     0.162392670116819
 260000525     0.552756194453947     0.224515638631549     0.092153858130328
 260000526     0.263330730708555     0.093494527756897    -0.020713090186961
 260000527     0.705655187294270     0.303708526192651     1.011279686847865
 260000528     0.422896279734051     0.487882401139173     1.042362685947853
 260000529     0.177665108999340    -0.084208771093257    -0.194238504131448
 260000530    -0.065670517611345     0.042467456763294     0.499571264945982
 260000531     0.075328912528479    -0.113352289612339     0.250426512757320
 260000532     0.654002474247493     0.911123171028107     0.405588314380719
 260000533     0.702050393695052     0.284264703010294     0.310452638523467
 260000534    -0.013146055068897    -0.168730279526112     0.524650185395570
 260000535    -0.067693508238598    -0.153651791564169    -0.014488154976339
 260000536     1.019031398589010     0.519723389910850     1.002337144950940
 260000537     0.657324636828492     0.282669601912233     1.070514747422003
 260000538     0.516849161355841     0.116096224754723     1.131741725003328
 260000539     0.125240338686450     0.633802251889874     0.796839955544695
 260000540     0.574284287779843    -0.051682224701263     0.203538803057289
 260000541     0.418947973881326     0.640714418716675     0.745123047649494
 260000542    -0.059453721594706     0.815787082385778     0.463435176213286
 260000543     0.528910451791404     0.841664175440636     0.474180905594171
 260000544     0.574144958125535     0.711336964877899     0.936197266939394
 260000545     0.349232221228176     0.459578107214697     0.418593826478069
 260000546     0.308404429047777     0.919823682769087    -0.166115596183405
 260000547     0.041018997747238     1.013349527050849     0.869987629626453
 260000548    -0.065922053674418     0.126483625170187     0.073231191872222
 260000549     0.663714454246647     0.487927019321924     0.905082840798083
 260000550     1.021598802249898     0.849928564802486     0.055407005677953
 260000551     0.650039192531125    -0.076989131962683     0.469134667324167
 260000552     0.196557931268407     0.131546063369635     0.031571090326275
 260000553    -0.072757776878471    -0.074382362556593    -0.273434535288275
 260000554     0.753537898014339     0.213622583631305     0.378217604857561
 260000555     0.955330648773870     1.168735382732607     0.833324746994892
 260000556    -0.046158471020109     0.544514380675840     0.502907262462562
 260000557     0.484021344024542     0.064965164635385     0.786342082545532
 260000558     0.978535725733109     1.040440480883379     0.047140858453234
 260000559     0.742305562644726     0.976296436239809     0.076721693510380
 260000560     0.760126439669782     0.335460634174924     1.067093331679834
 260000561     0.516382774073592     0.935870746262333     0.807688496772550
 260000562     0.828431317303966     0.256658362873257     0.384194915353888
 260000563     0.943414833014523     0.488239579959627     0.997558019227623
 260000564     0.275522730643068     0.236996320420811     0.600373805448286
 260000565     0.392592187374425     0.100588045266580    -0.141295830687756
 260000566     1.011564214165541     0.516004879487172     1.082599569224605
 260000567     0.408199966064134     0.901662719656992     1.109409105817830
 260000568     0.067899910471833    -0.107452335176176     0.248761944856738
 260000569     0.348754274541569     0.803142592358163     0.986477776556375
 260000570     0.242442639331052     0.122882277133620     1.172155402977795
 260000571     0.600131151795745     1.150793443292433     0.334519551309761
 260000572     0.428033727352881     0.025117511728060     1.179700744508105
 260000573     0.052454271893664    -0.070895383984487     0.259714257022496
 260000574     0.346786717726371    -0.018619525819586     0.079335921461159
 260000575     1.036981601627121     0.621798358326579     0.231220960258939
 260000576     0.655067084835242     0.363640560093342     0.382202075191224
 260000577     0.583426081124994     0.672123989769834     0.279822277037365
 260000578     0.903139045137907     0.620896189377515     1.018742271017878
 260000579     0.710475104482198     0.674732949557411     0.602745347794623
 260000580     0.453702341181951     0.029660169500405     0.103824792333666
 260000581     0.688629037017053     0.588204609217782     0.747340937267526
 260000582     0.232538631150304     0.070728341948082     0.528005583887641
 260000583     0.129556952457919     0.698931949113639     0.988598597415099
 260000584     0.689667794218873     0.151251017138903     1.267753878658900
 260000585     0.959411794611245     0.518006101580640     1.035609306163227
 260000586     0.624102421173934     0.707218207041295     0.943863724121030
 260000587     0.620053974781807     0.738806936442631     0.456410886440974
 260000588     0.981453796279429     0.588757529157641     1.016191201123489
 260000589     0.815498899102377     0.282173093595160     0.406105880575007
 260000590     0.206742010539133     0.034877234290281     0.448054971134858
 260000591     0.238009246252285     0.849751810394964     0.303953378138159
 260000592     0.298646636725671    -0.138765152814314     0.919180736626749
 260000593     0.753303056158794     0.520687535257041     0.413543849443389
 260000594     0.776408497888323     0.291978933688919     0.378288325157912
 260000595     0.480130965066385     0.210063061616082     1.155691796209259
 260000596     1.035019736890280     0.717884040211921     1.269829498985853
 260000597     0.180499372834685     0.632029100551854     0.820221666819972
 260000598     0.471809979931947     0.537051211539061     0.617853835343002
 260000599     0.763674935130407     0.423038421372103     1.040936873774513
 260000600     0.695185674670538     0.520946073636116     0.973077803565430
 260000601     0.923084090179530     0.530128110060971     1.016487537846505
 260000602     0.473778276007603     0.067123250685038     1.078081984539276
 260000603     0.590438040522851     0.422988352370146     0.873735839424581
 260000604     1.018248364032141     0.959842301810411     0.298872731564073
 260000605     0.249333756603912     0.577217345991188    -0.256027573494913
 260000606     0.911286600000681     0.530203007505056     1.066432348401101
 260000607     0.573490466700717     0.245190072040793     1.082428299802690
 260000608     0.663131106984803     0.271025224373516     0.728460684741876
 260000609     0.810119396380306     0.205405845474377     1.073400209874576
 260000610     0.839561448952797     0.276823289436633     0.050389671124512
 260000611     0.129802291763395     0.648210018425877     0.777223661383796
 260000612     0.142661237907051     0.652616500937496     0.802197221322622
 260000613     0.120736798455687    -0.022181398469385     0.837316804667160
 260000614     0.358485842765699     0.820652923510764     0.946830253195250
 260000615     0.440375649238846     1.054774326215451     1.244043427708966
 260000616     0.525656987520580     0.963006952470391     0.371472319218235
 260000617     0.130813466465369     0.635740207291909     0.777601393138144
 260000618     0.333039815796875     0.112219159032915     0.195897284206636
 260000619     0.274634153498329     0.010180141290575     0.733553176715313
 260000620     0.710502340376376     0.309123088618679     1.088302014006670
 260000621     1.077408524391260     0.667349179479941     0.785494357381390
 260000622     0.615250339504456    -0.030526788152524    -0.145372900499624
 260000623     0.351397868839033     0.347167448369765     0.282501060806165
 260000624     0.818508621976793    -0.110242613396197     0.476173171491683
 260000625     0.914602446549118     1.017078486040689     0.135860955515642
 260000626     0.964801624486390     0.607851992281022    -0.135412061409689
 260000627    -0.051677696574649     1.037148371675821    -0.191536516977394
 260000628     0.776474113345024     0.188871337804335     0.073648906323739
 260000629     0.144376945871177     0.489858519018017     1.037792110764524
 260000630     0.394347022206080     0.888516527605997     0.774098713112701
 260000631     0.252114980738470    -0.101217758353306     1.203207800702780
 260000632     0.403426003374859     0.211808799786374     0.636528644738919
 260000633     0.001538937343229     0.276649494179713     0.254885337606517
 260000634     0.234240631354374     0.074352313546871     0.731921108780082
 260000635     0.384655183954620     0.688938637462225     0.351486352778938
 260000636     0.411503571304458     0.066527680658657     1.150477626989343
 260000637     0.639589235159696     0.174357483480875     0.817690806418801
 260000638     0.627406663565427     0.364722333454145     0.372421891683277
 260000639     0.786275945559507     0.409050058048594    -0.107037107929126
 260000640     0.738699313020146     0.467933707594544     0.554069332097850
 260000641     0.700498099802921     0.258305184320607     0.755288565574561
 260000642     0.536622001693913     0.835582431758871     0.003958755299378
 260000643     0.779534429869594     0.373854221183741     0.345576051713279
 260000644     0.651823889350435    -0.090057015224732     1.269879571566430
 260000645     0.605101212156857     0.482997363514919     1.011431714318901
 260000646     0.984928402090897     0.534840636329756     1.043777192293406
 260000647     1.030066019943404     0.629045578362306     0.602796421395179
 260000648     0.140444129381793     0.652581817876346     0.801435965450104
 260000649     0.871607422672956     1.107462388868043     0.042346092734833
 260000650     0.767448842774671     0.116262934160418     0.828898421135387
 260000651     0.601381350218381     0.135389461034639     0.763601536548117
 260000652     0.481136170405316     0.034532707327289     0.771825321778595
 260000653     0.256560883750418     0.263232190269438     0.805657084559404
 260000654     0.527676403297524     0.685396911346129     0.975861163731020
 260000655     0.753288391548483     1.148108504652956     0.034729487740302
 260000656     0.031647133852577     1.196606554100828    -0.084779702255576
 260000657     0.983891389970419     0.387823499807859     0.325948130043401
 260000658     0.716284579049305     0.780917848638548     0.570775130906570
 260000659     0.565290075067662     0.750976709787341     0.945148640266588
 260000660     0.941774584070263     1.019844118547621     0.013370691758686
 260000661     0.511318099398242     0.560285696429259     0.675631692828793
 260000662     0.288468067524554     0.177390712241577     1.144447916579888
 260000663     0.159632156012426     0.672476203632082     0.783159202495902
 260000664     0.348613449278664     0.772272136633943     0.375151266450291
 260000665    -0.062900106153891    -0.012023261249920     0.693608032402105
 260000666     0.016396548089633     0.786129288893002     0.523489700792844
 260000667     0.574568371924015     0.714732001185103     0.967569868878282
 260000668     0.862361037417273     1.051200217164117    -0.004007402655602
 260000669     1.048575394236730     0.612016572969252    -0.189756464194529
 260000670     0.549068614739285    -0.177777061086618     0.629710898632724
 260000671     0.429478594027387     0.044412469262903     1.063289808683526
 260000672     0.923024798040818     0.396035792505769     1.296665909165506
 260000673     0.912779015711492     0.081388196053104     0.399554462751437
 260000674     1.015710712275176     0.862858970851728     0.696515815064273
 260000675     0.798964175803886     0.995772680507872     0.104802685477281
 260000676     0.052253669024739    -0.108911040094813     0.245475563598554
 260000677     0.757156035321535     0.092534752553845    -0.027946630925264
 260000678     0.529817627047784     0.758474730049321     1.146531250204984
 260000679     0.924837361035429     0.478346776715262     1.016969675609314
 260000680     0.714790724024104     0.545906653655156     0.790572780086145
 260000681     1.037637620643051     0.390422949718741     0.373935273466183
 260000682     0.755588823434592     1.027000280945032    -0.039745609070241
 260000683     0.568830935718934     0.694967083893956     0.948011518491591
 260000684     0.422366867860215    -0.099684384334327     0.734502280982320
 260000685     0.028645015410040     0.695863152881732     0.887191568439224
 260000686     0.151439087738947     0.654014186195249     0.805870841163414
 260000687     0.199989456926621     0.357372295442104     0.759003683275508
 260000688     0.094734372548204    -0.084044289329360     0.248625959773689
 260000689     0.586922125436462     0.596014017764264     0.514881945638647
 260000690     0.155766071081968     0.598776082042865     0.353102260801275
 260000691     0.949295865865408     0.492958618121182     1.024234161872192
 260000692     0.629067786563764     0.355114487707687     0.326094488736137
 260000693     0.623083563266310     0.801749722671163     0.128194841802158
 260000694     0.195884791129051     0.166009957329243     1.052427447519973
 260000695    -0.010734102498121     1.069112105841810     0.918223905346252
 260000696     0.930398522031866     0.384068739975972     1.240425162399180
 260000697     0.556017119839018     0.640577631797274     0.414300306372917
 260000698     0.978856046048429     0.389394742600380     1.257317952452789
 260000699     0.603177869106289     0.989896820867017     0.796697148842842
 260000700     0.948887325869487     0.561404218915096     0.986555820911623
 260000701     0.229672526282226     0.097019198788615    -0.134622765710716
 260000702     1.030717821433702     0.856129012690531     1.134504398020992
 260000703     0.226787435471518     0.118196099058147     0.841642514837297
 260000704     0.108727272792119    -0.124649931487961     0.229997943832895
 260000705     1.083785795827457     1.006311548496392     1.063781327425791
 260000706     0.985562523254592     0.582177107805769     1.036369180701159
 260000707     0.169599004116485     0.461205892843979     0.394522628496031
 260000708     0.484690732741800    -0.055756089294212     0.174999734122797
 260000709     0.211468179277313     0.170892668788160    -0.079158518323076
 260000710     0.347891466377419     0.200581913693726     0.916893549217714
 260000711     0.614512306857715     0.708660885337064     0.886121807838832
 260000712     0.575076591948103     0.687978724751448     0.998264637983589
 260000713     0.714403777936245     0.190812881473111     0.337815869305412
 260000714     0.615158178590882     0.708336889224442     0.944594975561580
 260000715     0.325129230837187     0.249142913451059    -0.090444128202031
 260000716     0.303367979274488     0.189310986673730     0.041294512895739
 260000717     0.935993161899585     1.026949158325969     0.620084997430546
 260000718     0.548114928383785     0.355493615204920     0.951570797784868
 260000719     0.588704208462138     0.689128712123658     0.973108024435663
 260000720     0.524103901540021     0.502422781175870     0.290739203320537
 260000721     0.236313425232870     0.254914212679929     0.742543832847762
 260000722     0.835893274896975     0.407324334107336     0.316796825470744
 260000723     0.139322819583522     0.639116819741250     0.838436900585327
 260000724     0.169792822409360     0.636503189031686     0.802505368666947
 260000725     0.447531251964385     0.077844105123259     1.090716168332946
 260000726     0.580725992899090     0.368091875965697     1.050927889054403
 260000727     1.067353430643399     0.134933793045806     1.177536630256783
 260000728     0.122163072506970     0.693591990839499     0.750123848095009
 260000729     0.338290966960352     0.128685268701837     1.057384652043110
 260000730     0.040271565042749    -0.089582971211773     0.233732129254979
 260000731     0.832724692631516     0.926841113798385     0.039411327088642
 260000732     0.569248229924964     0.718798734278369     0.955986763465454
 260000733     0.061861539654707    -0.111140537769879     0.246213780882048
 260000734     0.674792914238854     0.518010105759785     0.319606215305169
 260000735     0.690681753686239    -0.188460116580266     1.066375971716621
 260000736     0.847707054359215     0.310643825648334     0.223401326472645
 260000737     0.960873732465831     0.835541352493163     0.734141471636799
 260000738     0.209109117408820    -0.019268710373680     0.937112284628008
 260000739     0.818790001966298     0.221010407669943     0.606241371742624
 260000740     0.592246236455356     0.791617194472111     0.399126941183818
 260000741     0.795852254019627     0.775653069002314     0.288738665252955
 260000742     0.923002370032962     0.566498099916316     1.019913106957677
 260000743     0.543437762448094     0.261653013639289     1.025672406727778
 260000744     0.599891698143019     0.721106040710818     0.913224124104865
 260000745     0.332391424931186     0.446010711136348     0.527017881512547
 260000746     0.900633752576025     1.115027824698190     0.873477581333734
 260000747     0.668827151374313     0.045294719833436     0.495410034317704
 260000748     0.789009196571820     0.155812914525863     1.139622236098274
 260000749     0.793095548383841     0.271284669238782     0.903476128350320
 260000750     0.713250838666816    -0.164588662650601     0.597396444666399
 260000751     0.049947414552528     0.507675170696899     0.583238737972556
 260000752     0.134692960812009     0.648628791733888     0.813595048359852
 260000753     0.743042904453979     0.051090316778016     0.885407840936039
 260000754     0.346928300595699     0.471067054359574     1.171548873488311
 260000755    -0.070123979255866     0.046524722411541    -0.016697980606760
 260000756     0.017721299028345     0.359081247770819    -0.038850441146452
 260000757     0.179748078815358    -0.181774998564913     0.802943757394286
 260000758     0.259996845112015     0.427883804481149     1.074745647813291
 260000759     0.107751155030971     1.072612962892253     0.423798923190085
 260000760     0.096310057819896     0.412752392786424     0.181836170697323
 260000761     0.047745846122231     1.127022198623004    -0.101020155495509
 260000762     0.951715151059698     0.690531997858069     0.798477788116273
 260000763     0.918681020046414     0.565170984631835     1.021223800608296
 260000764     0.148306243950725     0.665132962309286     0.803924035012153
 260000765     0.613654659182834     0.617607069281913     1.127428312774231
 260000766     0.854697896380893     0.195333113782423     0.627002700277583
 260000767     0.608529799634177     0.703278303989669     0.952881128773306
 260000768     0.075776264184053    -0.090218413937475     0.235801936014709
 260000769     0.363764751941519    -0.034481085901102     0.677112944384854
 260000770     0.521098372358668     0.650668264236759     0.972181184151931
 260000771     0.559784596725144     0.666330935425707     0.916991270914291
 260000772     0.672109695192129     0.207520382461603     0.512366228340592
 260000773     0.730728527615071     0.260517164588091     1.152469293226752
 260000774     0.120905167467184     0.643979987510936     0.778563057414679
 260000775     0.289267677391804     0.360275443069245     0.892461314489527
 260000776     0.410192653268373     0.278305890916987     1.002670394438687
 260000777     0.619887410655683     0.711116278446690     0.926583304534209
 260000778     0.596774851694226     0.924887893629440     0.781794742815042
 260000779     0.576553289175706     0.707213352725332     0.970544993401057
 260000780     0.307436060123272     0.750979718859062    -0.122850636078560
 260000781     0.299260632347338     0.092359019498203     0.923401896900952
 260000782     0.579813109481649     0.222992157269341     0.431117836416779
 260000783     0.087645799084366    -0.092258399957267     0.254757325192598
 260000784     0.335395908897268    -0.061712916077457     0.958534994805472
 260000785     0.148732380328991     0.661101575290783     0.798986204956119
 260000786     0.653314774653077    -0.002676569514279     1.296160124120523
 260000787     0.177293544247020     0.947268956760788     0.323650573286305
 260000788     0.622494303144255     0.705407715587275     0.954321323425796
 260000789     0.824321031397847     0.146560597156146     0.237219884552768
 260000790     0.879878557492659    -0.183437245832460     0.400496907877842
 260000791     0.062518233718456    -0.062603903045457     0.267523135779148
 260000792     0.480985212592353     0.551052157238189     0.071841188805907
 260000793     0.332037863039056    -0.003433914848178     0.664874894931393
 260000794     0.542774974519708    -0.072558944544201     0.688616401087746
 260000795     0.612270793650263     0.355505751759631    -0.247587608613052
 260000796     0.404112246284837     0.143916001622098     0.850504753931270
 260000797     0.087912913278495     0.872170894271950     0.813685748469936
 260000798     0.675699976001034     0.105824850056889     0.964831197849610
 260000799     0.089816010869882    -0.110905698010944     0.252408492628971
 260000800     0.598149590263954     0.700484283078062     0.960373412567310
 260000801     0.563474652027798     0.715377784198500     0.130397244347027
 260000802     0.255547112883441     0.067465578238630     0.244478460197017
 260000803    -0.078902297544820    -0.002921964509843    -0.208656077238423
 260000804     0.439502437041452     0.871642738870107     0.325220470044969
 260000805     0.228964378242524     0.170904178810564     1.034080022520105
 260000806     0.509378173484778     0.376722095512829     0.843200320916332
 260000807     0.622901052745120     0.494995816728377     0.887955456844247
 260000808     0.377471159725942     0.735608156095496     0.829242872824399
 260000809     0.431663482046737     0.175419054837339     1.144222572501295
 260000810     0.305485120670642     0.245743623285109     0.729943369476096
 260000811     0.211658369937570     0.789216491903071     0.100889226481641
 260000812     0.418246092972953     0.417245948377520     0.308604713292656
 260000813     0.383811888020712     1.019960929687180     0.869431751362147
 260000814     0.642164914255724     0.984587500720899    -0.156385525293192
 260000815     0.622336602554960     0.466030850528424     0.971850886240175
 260000816     0.076160681664364    -0.108871153750526     0.220743723301293
 260000817     0.359294271633167    -0.046097659285077     0.712842895958825
 260000818     0.117504025816389     0.653862422521232     0.803005011668817
 260000819     0.220625090303789     0.652962695479608     0.759341831143302
 260000820     0.807489086599344     0.522270575303446     0.334331453482764
 260000821     0.881365263444042     1.123396763534672     0.166451293327346
 260000822     0.672442045416842     0.267695637615739     1.030356460274687
 260000823     0.898738731321857     1.064691123161405     1.044790385319998
 260000824     0.581775551562519     0.310425345307270     1.221223786500370
 260000825     0.930485074561450     0.631508044227809     1.086923150161864
 260000826     0.055196385317907     1.060084721237018    -0.219924716899761
 260000827     0.666881441759321     0.779146060909117    -0.103137324738493
 260000828     0.298015658740641     0.665880469355781     0.287200236670887
 260000829     0.441047623305355     1.021385243782224     0.607618848218059
 260000830     0.575173890489187     0.715768347303232     0.977696520174922
 260000831    -0.093806184777347     0.064431380710518    -0.200825483507961
 260000832     0.472510744277120    -0.171577879245816     0.388624085260349
 260000833     0.217821656451726    -0.198458749732428     0.764833694883308
 260000834     0.131947527619345     0.576512127442571    -0.041599382224727
 260000835     0.160685158154126     1.172332314916163     0.198069454066872
 260000836     0.293598436071067    -0.082630062606416     0.880548399149673
 260000837     0.567181718601351     0.535554731360907     0.109402362207007
 260000838     0.237114583768806    -0.155000203481345     0.583872862281415
 260000839     0.545703955897697     0.579941502051075     0.439721666478600
 260000840     0.992215669104528     0.950923504154596    -0.145318191042111
 260000841     0.381503429299395    -0.028073047242994     0.822059967621394
 260000842     1.025856045426899     0.801982110040132    -0.202063499013060
 260000843     0.580519332516775     0.669695609309025     0.976127998171550
 260000844     0.577000557188339     0.703592896810980     0.898614396120947
 260000845     0.782596207065945     1.010779494129737    -0.092525010477114
 260000846     0.310563244188297     0.017628476043196     0.832850313398919
 260000847     0.940685567096891     0.180765197157503     0.321661425249050
 260000848     0.917507492469409     0.643385871633193     0.545366078071062
 260000849     0.364203616873054     0.868169881081036     0.695809194033589
 260000850     0.732433409345889     1.128653980022700     1.055989533604321
 260000851     0.262451731123875    -0.115766743607927    -0.107952064555999
 260000852     0.467816342743444    -0.019917572205955     0.942624997632238
 260000853     0.246264233584104     0.119882015970607     0.011679986118633
 260000854     0.912833048857337     0.501679903229045     1.070054036056304
 260000855     0.071751774151519    -0.084874203605046     0.272160824097490
 260000856     0.070312139964633    -0.100951275311313     0.255372799850871
 260000857     1.095389806772505     0.318296047527821     1.238850788690357
 260000858     0.439797444563993    -0.027668336978838     0.958044837897608
 260000859     0.724403805454524     0.548873119144377     0.753964439107659
 260000860     0.594972082327951    -0.048104016339221     0.364354692361504
 260000861     0.650468043354114     0.296524212668363     0.584683700726802
 260000862     0.610979207593532     0.689633610472264     1.001422648020151
 260000863     0.058972935776260     0.255398563275615     0.259203800736857
 260000864     0.952617233941938     0.114424737566553     0.007382244898123
 260000865     0.833431166241216     0.999143663641441     0.835983149366968
 260000866     0.960415570391413     0.544554877753625     1.019436023423059
 260000867     0.110846364654962     0.654516036168731     0.755914669130823
 260000868     0.624529654433106     1.170298595069111     0.510927260605222
 260000869    -0.093272361851722    -0.010350203648588     1.169099887701822
 260000870     0.910608263017462     0.367768666864346     0.348125757994078
 260000871     0.120867754382558     0.675189844369993     0.802256900025132
 260000872     0.484390131419094     0.391120174729082     0.107062856617277
 260000873     0.596869835998441     0.891846403067979     0.942292203283653
 260000874     1.005470558928861     0.587314551996319     0.425857819330345
 260000875     0.999316905325260     0.487215547741826     1.052724884545795
 260000876     0.078734379585155     0.432762486698589     0.119985361012864
 260000877     0.726022264068792     1.010641391898910     0.305446062174524
 260000878     0.473152255763263     0.480982357251456     0.043444521562127
 260000879     0.334974743345776     0.554489286110849     0.235788587837565
 260000880     0.981790317116326     0.586477451462280     0.999053404867184
 260000881     0.600267593517829    -0.190423516290090     0.539899262234238
 260000882     0.194294164534641     0.093754551759942    -0.111580879970913
 260000883     0.135141514056780     0.664395911670168     0.804944910288652
 260000884     0.272718533335396     0.119842354325498     0.842469532542823
 260000885     0.503033779787062     0.064827009705513     0.676067147668320
 260000886     0.038301727863924    -0.087265472057157     0.237690736257047
 260000887     0.772164906123210     0.285381694134491     0.581881022384090
 260000888     0.808417302381013     0.336994053673939     0.176794779462246
 260000889    -0.057638765075753     1.043229583683010     0.620338074956088
 260000890     0.346594644525719     0.117114829129510     0.999605145133253
 260000891     0.367320843634491     0.310699235210151     0.096336453762746
 260000892     0.708468441479948     0.426898383963804     0.968882614526988
 260000893     0.383513209050237    -0.194328160174894     0.935944328966894
 260000894     0.212349952019138     0.768863121709282     0.427103844182727
 260000895     0.637095530230889     0.279029056152555     1.094727030953264
 260000896     0.109650766177588     0.152431476740150     0.978784980353135
 260000897     0.818337910461889     0.283652043285982     0.836635556041706
 260000898     0.700049192179797     0.578770525349542     0.031896978330460
 260000899     0.788243948193303     0.859622284316744     0.252650858323306
 260000900     1.046888352725286     0.991190330083135     0.978927628904093
 260000901     0.205975170096026    -0.170017445808985     0.830874354827772
 260000902     0.236538981400835     0.136757477287889    -0.065101267826208
 260000903    -0.098604502618002     0.235303793782059     1.115159808019280
 260000904     0.523947296296245     0.128344034672669     0.671776535275245
 260000905     0.038446088705353    -0.094973815654301     0.245185019313035
 260000906     0.914592649300381     1.039062750192264     0.297185658810104
 260000907     0.586201095319750     0.689517699530070     0.956653663976411
 260000908     0.582693095335462     0.654133199507729     0.957233388436044
 260000909     0.268211820493332    -0.096764018620721     0.700349908046233
 260000910     0.334479003302854     0.369910305300547     1.147040360397429
 260000911     0.728813325019466     0.187910245769843     0.544619020332667
 260000912     0.528827039840980     0.300189471127204     1.097306080476087
 260000913     0.754795277678748     0.469856104726787     0.336188799648100
 260000914     0.053730518669860     1.136679301623851     0.607488668034339
 260000915     0.087873961743296     0.734054752975862     0.987682226090683
 260000916     0.817584444563986     0.244490193572559     0.275510660075609
 260000917     0.725733130924654     0.569340314968518     0.035010814099601
 260000918     1.002329253924774     0.157331053134883     0.969662410100419
 260000919     0.637764592244250     0.900147831818473     0.868091053498530
 260000920     0.338051193614652     1.151653399322767     0.777805426037046
 260000921     0.554095442406215     0.335038607912196     0.421611042465624
 260000922     0.799879179210935     1.146034106298963     0.207093072289407
 260000923     0.740936920419183    -0.156039567754553     0.091846005038313
 260000924     0.970900663762643     0.203553189480543    -0.063130030833860
 260000925     0.146235698326919     0.623046390358823     0.777150685388304
 260000926     0.737866118846916     0.324779053583813     0.497945205378790
 260000927     0.551624639698862    -0.157989709821602    -0.134108043105091
 260000928     0.343231989356773     0.014888981364776     1.008058598200327
 260000929     0.572748881955831     0.694043153598514     0.985914562316004
 260000930     1.005725175425677     1.087019660535627     0.554519032556317
 260000931     0.345168812057842     0.128246867800056     0.588421620995708
 260000932     0.933092975464054     0.322349030222642     0.296743242442513
 260000933     1.042961130757394     0.827006406994717    -0.056132193056477
 260000934     0.631787490849005     0.529950125543995     1.040706953637446
 260000935     0.778050384848167     0.628227284189646     0.405789901183561
 260000936     0.807516095389560     1.060772640752851     0.310131300402618
 260000937     0.293274187747877     0.743198545379793     0.567857733932418
 260000938     0.652327273681512     0.453076323851755     0.399987503526698
 260000939     0.689127157168194     0.900234139022259     0.288644718878181
 260000940     0.681991481642474     0.408332441103720     0.909100904688840
 260000941     0.597992011946528     0.700333250038687     0.948521682596596
 260000942     0.477902643418663     0.048112201888371    -0.293359507208820
 260000943     0.594982711264778     0.258425730857496     0.390483184973508
 260000944     0.594667326547310     0.445043555692741     0.513763400038423
 260000945     0.871319241152181     0.367468523958570     0.142702134730064
 260000946     0.069131179335808    -0.100923021852421     0.250967325146544
 260000947     0.465979258481241     0.204360936886523     0.532043996070662
 260000948     0.629146305319583     0.840550717470775     1.279806943633786
 260000949     0.471887429015281     0.203851459332581     1.077071336286649
 260000950     0.355249791749485     0.652209012802314     0.380091154458276
 260000951     0.557690932006417     0.109450511500751     0.595413880713496
 260000952     0.347233859012791     0.137961366973359     0.623857936880319
 260000953     0.632748853153060     1.053414769559336    -0.023106166331313
 260000954     0.324334414321396     0.143351106155886     0.017393997848326
 260000955     0.858119008135785     0.934904170631913     0.246204396475235
 260000956     0.140797368554957     0.655748077839360     0.782381856372873
 260000957     1.072022533245418     0.977714460627846     0.444636444014609
 260000958     0.666605080283117     0.072431578596953     1.084356498937719
 260000959     0.541567006936978     0.310195355363035    -0.255082415996093
 260000960     1.057466842646555     0.976049034587271     0.031318689797373
 260000961     0.270466653749487     0.074241341395921    -0.005299737463032
 260000962     0.960517387352659     0.527211318261333     1.055563106103745
 260000963     0.913350841076418     0.222458696312497     0.059306980664843
 260000964     0.618483838003465     0.445991616729032     0.363970823805964
 260000965     0.119383237785363     0.672047834777979     0.788324213434950
 260000966     0.608442083798902     0.178162669728984     0.911232535240003
 260000967     0.992448087174046     0.621371777706015     0.722363380307117
 260000968     0.653156311423262     0.321478200782919     0.376338616343573
 260000969     0.416360257645778     0.190039790372588     1.225703376059947
 260000970     1.009189100785341     0.549394146032266     1.023026686234318
 260000971     0.419222504531682    -0.004193137707432     0.875633336377577
 260000972    -0.000289892150234     0.815183516443792     0.374693661594664
 260000973     0.517936346333308     0.276230820871759     0.955068152639339
 260000974     0.580384489412401     0.638832020173713     0.223613779266544
 260000975     0.613430570278477     0.773314093466685     1.070232346353498
 260000976     0.593665770181585    -0.174373391653864    -0.007565376622470
 260000977     0.086769691038354     0.393566093370161     0.463870992363112
 260000978     0.441062487200100     1.135557459402005     0.017888734039150
 260000979     0.329597697817233     0.116904532585519     0.040406737905702
 260000980     0.153396939118140     0.639025174081452     0.801946694803708
 260000981    -0.017582325237237     0.160935938225656     1.145595067918897
 260000982     0.485469013534405     0.101322435449492     0.045574021615087
 260000983     0.665141666654597     0.780250125357068     0.925876773801994
 260000984     0.569686703035653     0.676532747281443     0.937549058056453
 260000985     0.586678507046516     0.694285764710314     0.937786810153132
 260000986     0.660078505050526     0.456712260041664     0.624259458950619
 260000987     0.495702440053714     0.119667374969674     0.518499330826554
 260000988     0.488947850637579     1.042848870347134     0.608778066983213
 260000989     0.171895307905746    -0.068044341629451    -0.039210385330280
 260000990     0.165195022154370     0.338868626876367     1.182578479045298
 260000991     0.929406281744575     0.302579404450282     0.388732673792073
 260000992     0.320023365436949     0.020103335589452     0.660639577035870
 260000993     0.693923585382656    -0.070802888830398     0.713508745555902
 260000994     0.335171222715563     0.290781242439430     0.919546110677174
 260000995     0.701272246820184     0.967067026570857     0.418220537787565
 260000996     0.781658031665091    -0.074129158031170     0.652995973571776
 260000997     0.289427116882365     0.024303163808190     1.169225376960698
 260000998     0.145846866288920     0.688452135330002     0.795922270113606
 260000999     1.004775808889980     0.522629901723799     1.011048679412508
 260001000    -0.029101279611668     0.796307538670656     1.187222533536736
