         1     0.731126040165406    -0.193079288469279    -0.092126356911076
         2     0.635578373261492     0.428290353197011     0.913574459638664
         3     0.911841072704788     0.540374602180986     0.764775470315607
         4     0.392725116112657     0.298010233770535     0.876603273336654
         5     0.811707626235392     0.864003927578729     0.776331462940205
         6     0.733851996568995     0.107283907137269     1.067927297939260
         7     0.261335672931892     0.740755964442772     0.689942461035781
         8     1.088287164789884     0.273209122757415     1.173227606173014
         9     0.146518926905367     0.680586895526285     0.813530757794248
        10     0.642259122040932     0.456526141106258     0.206002973254514
        11     0.318974846561545     0.188860313221999    -0.059830044280372
        12     0.534767912676264     0.729377215731423     1.141182821984024
        13     0.037304314610593     1.013334628181602     0.711788921100082
        14     0.030803116213413    -0.072011267213580     0.258754076147052
        15     0.047881479716436    -0.088368617211546     0.209759739130567
        16     0.562521891325341     0.712286922158650     0.955193076583700
        17     0.489227759228931     0.063619330609373     0.941756523814156
        18     0.360924249951857     0.136385145328720    -0.026423238866920
        19     0.296373789150482     0.082580897637632     0.023235804549102
        20     0.574726269316942     0.672197281233330     0.929882931191168
        21     0.298868026975222     0.161182627477688     0.548854249637506
        22     0.190927922107326     0.917145468067446     0.325622417987929
        23     0.215542905370167     0.497310776077556     0.425348342514650
        24     1.048616529967049     0.111174408800581     0.627188474202115
        25     0.907960825276985     0.044727646155967     0.835266807342707
        26     0.944196166666154     0.524177802734291     1.036925052362840
        27     0.058255394784522    -0.081853097789173     0.233211218006166
        28     0.784561897318533     0.760222366173313     0.749032041004764
        29     0.157173080979430     0.678129130642576     0.763236682059121
        30     0.370597299200662     0.210408237478085     0.621564898565180
        31     0.071328004127100     0.266977711880558    -0.043376336326567
        32     0.731315685240360     0.636952353826250     0.786713789355872
        33     0.068359528564000    -0.097432339702544     0.228919231584984
        34     0.483661021691092     0.185986091402985     1.048114456307243
        35     0.580071940550837     0.734547623454904     0.940673729154607
        36     1.088266083033606     1.132921750801592     0.277316399950908
        37     0.258666451365241     0.087318395186650     0.007654825156788
        38     0.906464962345509     1.099891371772280     0.121860870894166
        39     0.560282204237509     0.065480333046116     0.021790250929833
        40     0.392361831414070     0.096172771934854     0.634139513253431
        41     0.935443082553897     0.277449170016994     0.811105314833435
        42     0.002594733976685     0.791177898312354     0.647935423535972
        43     0.645849042071738     0.359737325613173     0.428315254116915
        44     0.894361509686501     0.825371487446611     1.074424814413221
        45     0.366514829984188     0.275704677477215     0.926679532490619
        46     0.773570118203193     0.692270218736248     0.858462164642348
        47    -0.068446991504090     0.209872216317702     0.015506724796539
        48     0.538215408124486    -0.185497084300911     0.423416939143985
        49     1.083341557777504     0.277278456269234     1.234866240251989
        50     0.444893646263708     0.671337550028839     0.428275588213196
        51     0.412076093551376     0.104398095745187     0.867061636491921
        52     0.570107979233474     1.039583383714046     0.313001155017607
        53     0.682655696855983     0.050713714148705     0.974065543421680
        54     0.879310502451074     0.369520975012818     1.083981088011366
        55     0.514498506873363     0.886979786406411     0.488576072229887
        56     0.428569503814896     0.791021713488730    -0.075268508305370
        57     0.403411860079753     0.079108428307788     0.407965745070424
        58     0.208807605498775     0.000025916357980     0.488082237382738
        59     0.750440080769854     1.026221482917684     0.539078245112240
        60     0.354871329907580     0.228024895410357    -0.008453100419981
        61     0.120476489177664     0.642238688993314     0.820099922415608
        62     0.978237082820598     0.325019656586833    -0.267941402372345
        63     0.321777928479985     0.046575564857996     0.382206108460171
        64     0.769333851051314     0.313873259735622     0.695283317847984
        65     0.495333015912672     0.197879223621321     0.655663011004943
        66     0.237877726511977     0.014011263636001     0.725031518015258
        67     0.086143825436982    -0.083697885257030     0.263308893279346
        68     0.489344309823489     0.107043288898438     0.919011241854114
        69     0.607566034770422     1.018867854105802    -0.238228650199617
        70    -0.043716604623807     1.055914882486574    -0.268406744226004
        71     1.076236147923025     0.656326501637603     0.640108154234345
        72     0.972104043383895     0.083105580394590    -0.279626944902911
        73     0.545981345621604     0.476169256206711     0.969996529861708
        74     0.334954279000898     0.077467209177145    -0.000435462229936
        75     0.119190028580548    -0.183434226163098     1.209948055045603
        76     0.396801126169628     0.113960276580895     0.715459466347250
        77     0.559676976530757     0.955799857741184     0.559743008840775
        78    -0.036197034282264     0.040050883708806     0.689854876047294
        79     0.992070351906416     0.799600122148968     0.884019201574928
        80     0.695911494722605     0.453906342917603     0.011156179303933
        81     0.351589172498201     0.126351962248756     1.019814739689418
        82     0.191729601658456     0.383269238464362     0.877249097877658
        83     0.571801746985744     0.011177227531661     0.575393216052357
        84     0.338479868153509     0.080527141475193     0.355345995379830
        85     0.796706722600554     0.943078334829629     0.346748258753982
        86     0.344622699001274     0.498606313131988     0.441469110083122
        87     0.630646781178617    -0.003217076085280     0.729360735146098
        88     0.893718632025848     0.566803462484718     1.031020178248466
        89     0.251027065937873     0.493786767587824     0.877806256245678
        90     0.915964408123449     0.527023653125560     1.085502396262328
        91     0.451235417544525    -0.179217997811335     0.242556421810998
        92     0.770445777361486     0.230855133260120     0.542310965437515
        93     0.462798807022976     0.218535845081431     0.980446452975772
        94     0.670285830254946     0.623519425058872     0.196525222712195
        95     0.008050507586052     0.445668543418476     0.122141541179176
        96     0.359580998823299     0.706069788014155     0.503541284684270
        97     0.812584846524830     0.085065496456643     1.081204363540455
        98     0.634779481816316     0.337954071786641     0.398135849434812
        99     0.259076535066635     0.003421961333686     0.529492751686040
       100     0.393275313813665    -0.068391978172459     0.677042833645993
       101     0.403488379955484     1.138382845176174     1.170764338358435
       102     0.953437236775060    -0.002895420642088    -0.231117865561571
       103     0.972817323429211     0.575601406504160     1.018276216958133
       104     0.983392229496997     0.860324785829215     0.562761538012544
       105     0.832339666152957     1.030621610716895     0.664382268880833
       106     0.492745117943931     0.338563544144433     0.782860038280690
       107     0.612543273185054     0.744744395256604     0.694765213237055
       108     0.201782109188427     0.374081267807988     1.230554645660213
       109     0.902460806943984     0.887566790509308     0.560613675603069
       110     0.732947548551894     0.640956383105534    -0.145842098799593
       111     0.427646242382655    -0.111787483274118     0.712244222712685
       112     0.694624947894740     0.300726797116186     0.286165446590311
       113     0.956966231278851     0.518899690671219     1.012971495596892
       114     0.570905138861357     0.698000998253895     0.992325706439117
       115     0.146633679284392     0.110160919005544    -0.085366674308642
       116     1.072470207490191    -0.196028924817694     0.490752913764644
       117     0.101082537333532     0.627042456421951     0.781092383475899
       118     0.893214965656349     1.155378871154251     0.143901746016983
       119     0.072068859903243    -0.112473421959761     0.262842735969467
       120     0.298251599751975     0.002882373571925     0.510262734960767
       121     0.775560663982238     0.774786329554763     0.554956469735712
       122     0.892111811615887    -0.194219593267951     0.059807083581018
       123     0.530325666841270     0.683024718668468     0.955274648849129
       124     0.829801019987771     0.453785482513014     1.261144381783368
       125     0.832688268016510     0.338754255449784     0.425123471023213
       126     0.790753985982229    -0.029690843189184     0.566364057422097
       127     0.891073943441729     0.940442016376620     0.128206651913653
       128     0.242932144951740     0.232739770503123     0.883682163039325
       129     0.193341951436103     0.002613355614871     0.848793063531362
       130     0.042439641936972    -0.022536489397233     0.158149042566081
       131     0.194569585309274     0.484784561190613    -0.252488742246695
       132     1.089805522154582     0.932111962301021     0.085213370803180
       133     0.497763180472027     0.435309510742444     0.813034592740344
       134     0.418966979359133     0.454676276634284     0.015850141876936
       135     0.955760645137652     0.581917695214907     1.058451599236716
       136     1.000321520424593     0.712010623696732     0.164313497764454
       137     0.713292221611300     0.423964677697282    -0.024667756188758
       138     0.742923989052293     0.390179740273530     0.999624050359941
       139     0.114215146508175    -0.095048178325342     0.216931498174549
       140     0.924448498820055     0.221950562370489     0.101874459139807
       141     0.974703636658884     0.415606795269183     0.425305145488975
       142     0.956199407678833     0.100618105512986     1.222937074208765
       143     0.032782995380451     1.140442215029447     0.735115880412203
       144     0.904573609001520     0.509959980724619     0.953030812878049
       145     0.567499541630084     0.161779898059609     0.632868239577356
       146     0.023074321244417     0.099926677581838     0.524263114486347
       147     0.487609967581857     0.585591761275865     0.670262756944075
       148     0.969207783211121     0.336427437154199     0.272469204665006
       149     0.395298537457454     0.726840393332339     0.106462488531837
       150     0.593885782045513     0.682304508183220     0.925299213473427
       151     0.518475613984461     0.806455329407414     0.160084057922376
       152     0.347025513407259     0.151780089983123     1.096052298120876
       153     0.090803918787260     0.342795906382913     0.666215941680794
       154     0.325666257394070     0.619379598297947     0.541164882961055
       155     0.882161908239355    -0.121134305880407     0.040348215971657
       156     0.271814392898225    -0.038953085190844     1.089061698561018
       157     0.168453235254399     0.620987761739498     0.776430616547382
       158     0.902373556908857     0.510666596610082     0.492821967880661
       159     0.679718971027298     0.907583418490695     0.549815443063815
       160     0.660119684787389     1.039855128560902     0.918074728044563
       161     0.935288112666355     0.215870052949031     1.272638720172380
       162     0.418180540303932     0.020772902252278     0.554155348332601
       163     0.750006393080024     0.145070892061059     1.141884016000767
       164     0.958475324822576     0.558501208053961     1.076482324331838
       165     0.632388675019059     0.705304028749809     0.214662660444458
       166    -0.005051123230289    -0.174610980181356     0.234525548141269
       167     0.416890119342360     0.005739417381030     0.827766863358271
       168     0.781588688755312     1.012152593951613     0.754542214083342
       169     0.226343146651177     1.107314529299519    -0.075678017371115
       170     0.162937413519946     0.808931967681723     0.417438808285403
       171     0.735294581096359     0.326302937264718     0.410592832321316
       172     0.335308949564441     0.048446798244698     0.693600578475750
       173     0.845781884848633     0.222088108818679     0.273073476505011
       174     0.586268178344034    -0.081695111612656     0.610120088855348
       175     0.786572001676829     1.184645960067430     0.175145591332117
       176     0.343724847244587     0.031597065425477     0.640422910473514
       177     0.288443515438631     0.807233212307783     0.863338492447973
       178     0.551599232434815     0.286893094820989     0.670891451074309
       179     0.279923447241545     0.152584027303972     0.035198417723938
       180     0.444737255937806     1.047522759283525    -0.050438752594434
       181     0.077550290388024    -0.096739878695924     0.266618314110519
       182     1.030486005098073     0.206665273432534     0.048869920582475
       183     1.011004286364399     0.674123913583451     0.781632576579238
       184     0.576212334316087     0.723453198995346     0.949434803686125
       185     1.015385735352981     0.538817327962656     1.012988368951695
       186     0.981800215088007     1.065923391891784     0.711579116319779
       187     0.621699756117366     1.120003718535228     0.202471160284368
       188     1.080742696380258     1.037870563361818     0.816726501647258
       189     0.874100523061075     0.337895020838787     0.719020996548510
       190     0.946279226428644     0.627543253981653     0.793661512754990
       191     0.815479672692174     0.261827522083877     0.362942251942861
       192     0.395167158000405     1.198291994802727     0.595707675458631
       193     0.764276998687094     0.281701045773286     0.370665659157050
       194     0.135913453077059     0.629707587840491     0.789858984634008
       195     0.982941974189207     1.088217118096345     0.532130538419079
       196     0.891791888737836     0.785017362858390     0.778181455209761
       197     0.594891958021061     0.836287241340386     0.810772389872513
       198     0.540997822395770     0.381069185449636     1.054533446367445
       199     0.060574542373843    -0.110665742784660     0.220372319430468
       200     0.391207430387294     0.017506018985233     0.807693572369101
       201     0.243723130253126     0.136176099607865    -0.071075113877489
       202     0.548347541007487     0.732928360853511     0.963086326306591
       203     0.937855326767261     1.068355487222157     0.032756541878484
       204     0.399608864739072    -0.166313430326515     1.145314736531275
       205     0.802700595410239     0.244515447783691     0.799730477890863
       206     0.756279195470641     0.273496439134456     0.422749265147597
       207     0.972596173115258     0.515182896480860     1.056385636044322
       208     1.095738226728836     0.252981532955456    -0.204240737956720
       209     0.130128467889651     0.682669281977995     0.801294438582502
       210     0.577053882559690     0.664338124733002    -0.125962096066266
       211     0.132808273256775    -0.022771682155415     0.905299231435688
       212     0.014259297678499     0.646777677835838    -0.157803088974911
       213     1.034903944347786     0.806884426865565     0.508281582610867
       214     0.947639291981492     1.159510113841491     0.233986258001030
       215     0.757645386777386     1.017858482826538    -0.040699098684244
       216     0.959142388064471     0.673607303552246    -0.243749795584726
       217     0.416868321888038     0.186833880751490    -0.210031136449785
       218     0.399379294162852    -0.002536669099674     1.045478876318061
       219     0.756059885247990     0.403296563971632     0.506038321764761
       220     0.948769020563438     0.541700429191403     1.104585901703196
       221     0.129728144941651     0.634894713027691     0.794482267492425
       222     0.010064529948550     0.951187344620041     0.397240868245841
       223     0.420587873809665    -0.035087722158000     1.127170624279374
       224     0.907802940933589     0.526801939983827     1.014452448201391
       225     0.830471750601772     1.120710803498771     0.396910645110637
       226     0.352365669650855     0.214027533264350    -0.029993661044165
       227     0.392253668847888     0.076579186927097     0.951958241838674
       228     0.729665146146874     1.131399551597478     0.429618599695589
       229     0.901498772118558     0.589397962576354     0.991531404757977
       230     0.013836039597353     0.153000749352575     0.956240241563225
       231     0.512386251497148     0.471830354105905     1.105076981062148
       232     0.907660780697894     0.920760855386568     0.370205537651290
       233     0.327937827116956     0.123473167060743    -0.002777955713733
       234     0.176918918000701     0.611493474782966     0.430333736126101
       235     1.003518961066427     0.895248547784509     0.294197394837103
       236     0.060122991188600    -0.095338007380853     0.241345849305370
       237     0.573442317318256     0.906889838372121     0.766040481306266
       238     0.613054568446035     0.658778927332529     0.722406384681383
       239     0.605639547051971     0.740814212285170     0.184742630505820
       240     0.011282279774926     0.829910237961922     0.262637197172448
       241     0.754260310304159     0.881279945625533     0.381164200944479
       242     0.504469933027524     0.846433479304898     1.037816561560130
       243     0.500509298150972     0.916676947774360     0.017359836630348
       244     0.338583420860507     0.954655957990555     1.159877769169327
       245     0.775831333307775     0.649897592069209     1.142888531635356
       246     0.980813296692335     0.231145079751061     1.269998893891538
       247     0.040203220871775    -0.168192964345759     0.633121793637569
       248     0.140234223439127     0.649590056300004     0.741302662287964
       249     0.995466013976231     0.767067210160509     0.126607701047889
       250     0.786218269375219     1.191137424740994     0.693016844554671
       251     0.378527302268001     0.101801042234396     1.013967350361333
       252     0.350397732780412     0.160599472074862     0.748212558649949
       253     0.743428452162077     0.417098777736087     0.672571049037862
       254     0.417493950378287     0.490604761522155    -0.124126211045176
       255     0.780161598851295     0.377718606816954     0.328512097072762
       256     1.092098540160843     0.516268571193704     0.971752474184744
       257     0.959009978131546     0.542199048595096     1.019748544361517
       258     0.466388513509329     0.791570154089110     0.421093505565382
       259     0.699647485201622     0.075215957382179     1.037354880530146
       260     0.871405542786864    -0.107044052311474     0.730511175083006
       261     0.122723114864047     0.995796229064410     0.885098919984698
       262     0.509181717243113     0.629193984092848     0.323398593539763
       263     0.714983151876155     0.707232206239383     1.050086560059007
       264     0.379318378124532     0.389074219318487     1.022599221918824
       265     0.495327132611490     0.760661122144987     0.543686141106013
       266     0.601523523872717     0.539096368996371     0.402580990428039
       267     0.131383525271258     0.644147482443932     0.786323437838188
       268     0.915523676445777     0.452575115643456     0.326014492318350
       269     0.381957725120173     0.794767094715014     0.300212933032334
       270     0.065364441710288     0.853787879083264    -0.037523404109155
       271     0.791254289513100    -0.060050319043472     0.885034748815501
       272     0.548340179470975     0.972204796769955     0.816655924976900
       273     0.368655891998806     0.085264766288730    -0.017397625383085
       274     0.128497465592728     0.650006891039204     0.796472343994621
       275     0.442054827046950     0.374223166714851    -0.139524102384011
       276     0.771069963212378     1.095959470411359     1.040682482861442
       277     0.595878874465055     1.080081487605688     0.384536345742270
       278     0.916297577266940    -0.034917492892493     0.816114680111969
       279     0.978044031900137     0.529946445284897     1.086043337214408
       280     0.981824651447558     0.158117786147541     0.867235377890421
       281     0.737988892644327     0.704566153437883    -0.219942398565655
       282     0.596476355960493     0.702547368227957     0.918346889886399
       283     0.574050733454962     0.232924583370849     1.143682693831614
       284     1.093807605501302     0.106150342870055     0.249352084026657
       285     0.554462144259564     1.069615980047410     0.163732823239025
       286     0.811907361964964     0.942606243159414     0.046379009180335
       287     0.900669200831913    -0.038962928816144     1.022908411779056
       288     0.493196141822579     1.058788685542740     0.826055586640145
       289     0.586695948344687    -0.041087479046600     0.635370968732567
       290     0.987952125385299     0.581799137757133     0.395028071243690
       291     0.687565545615237     0.790781565789164     0.491569748144640
       292     0.612527442000635     1.166736310124058     0.252048319417575
       293     0.613638404973856     0.591511293061677     0.363236691162042
       294     0.487149973477633    -0.015746750824392     0.350271343039534
       295     0.694641981377798     0.890532367847874     0.335575146574899
       296     0.915757990695828     0.210169561932471     0.666355927689230
       297     0.467049334693743    -0.159521146150147    -0.251100851694045
       298     0.572016855453731     0.504765779420371     0.784704316021181
       299    -0.032856759519013     0.485213243744719     0.171351695291746
       300     0.758284676401158     0.300090695250779     0.438528255333252
       301     0.203467891655937     0.124551132882478     0.029674238479310
       302     0.386293023649981     1.195827131474790    -0.051923170888207
       303     0.349808337493541     0.346905193100730     0.356569919244315
       304     0.573057524088027     0.671735301955015     1.084510245873998
       305     0.181975947199334     0.657066121451069     0.773546497516605
       306     0.285353045410681     0.014430384364826     0.797212076955021
       307     0.288185919000848     0.184599321286902     0.865191874746041
       308     0.345976834608131     0.227487345894920     0.788198275321848
       309     0.496966583968619     0.982318183792308     1.141198226468456
       310     0.625335553967953     0.672331044163338     0.960368239245685
       311     0.029623381893041     0.291731059872614    -0.284211090275197
       312     0.618033536499158    -0.159639555992625     0.141545923423102
       313     0.319453228397959     1.056060436177334     1.021857698723744
       314     0.658850348139479     0.767847655069406     1.015033924483339
       315     0.978159999925636     0.907219718859150     0.391986379567969
       316     0.593832499075278     0.062120159718226     0.585021365405052
       317     0.293501862719425     0.852944105919169    -0.244819345639952
       318     0.305754788487514     0.689027006666832     0.688975804327406
       319     1.091577590563088     0.454946899779131     1.030760435801355
       320     0.183938278460679    -0.038056251771047     0.585386389063266
       321    -0.003666398519714    -0.039078428166360     0.258619568064603
       322     0.443751229941039     0.748901836870401     0.390323064935952
       323     0.313032278122114     0.142537860216852    -0.059356952067771
       324     0.954868694578671     0.566336869693609     0.999667402847503
       325     0.546010379875369     0.690783275439946     0.927488123851874
       326     0.688243243443124     0.274449117890470     0.242641614177038
       327     0.587117140699210     0.273081363838531     0.716951901472598
       328     0.605164211277835     0.706635957574040     0.946750380570241
       329     0.861612546184715     0.070129125375234     0.924808386586350
       330     0.719782317455900     0.336889876990341     0.835127715928684
       331     0.682417545105528     0.718794057519229     0.538475514842802
       332    -0.059209501887142     0.654869368187529    -0.018434507039677
       333     0.393879836188024     0.023819115481160     0.843095219504121
       334     0.589822600190589     0.673209236597952     0.949526964302032
       335     0.288264441495300     0.035938403633883     0.696881767710867
       336     0.136006652405340     0.663443979669706     0.799556807191058
       337     0.387649476940603     0.025061474290207     1.016914965005642
       338     0.316606644004787     0.190569299012915     1.040389870912437
       339     0.979230767978199     0.514706607222281     1.043830720383609
       340     0.272462490801676     0.907820835462278     0.478366088161272
       341     0.749483460968539     0.142490746442471     0.189976606870886
       342     0.866060058201607     0.259175801295302     0.204247633279602
       343     0.298751603945175    -0.189804734510525     1.038858191638750
       344     0.093580235898350     0.697336409262635    -0.164940507003260
       345     0.896441783701644    -0.056875646595419     0.183457430921230
       346     0.429035898744343    -0.034944300857420     0.899819783733198
       347     0.546526535738759     0.154220315980588     0.781986358112784
       348     0.416601377678355    -0.024430677810982     0.939624433651182
       349     0.349192196572183     0.128949079070819     1.041331065762460
       350     0.435353601441907     0.077597379331137     0.913368828781768
       351     0.709905928698506     1.192763792525815     0.156661183503675
       352    -0.059050811058869     0.060377728007704    -0.087762775237139
       353     0.553243097445992     0.508497642048191     0.440977321099069
       354     0.515355295407143     0.180104089318140     0.200957465996643
       355     0.227423795457913     0.478988213697570    -0.228402327719796
       356     0.357535502662834     0.149453556394333     1.074006514563912
       357     0.746051888480945     0.599946845337270     0.773234897928452
       358     0.984222578212355     0.272724477220364     1.100778844437122
       359     0.813401904756882     0.995074022518527     0.184925758582811
       360     0.786493748607394     0.841046789048168    -0.014817693601965
       361     0.761061544052406     0.571083214801760     1.274166540945797
       362     0.070084455120051    -0.103452465131548     0.252753208877325
       363     0.452382517184618     1.187539960710840     1.272892779992303
       364     0.628934089425376     1.133129543749456     0.472466837179367
       365     0.142146880057312     0.644563190188572     0.755908274096137
       366    -0.041987087793978     0.236960327230281     0.543077177866342
       367     0.530131145425340     0.956852979587922     0.803051737788568
       368     1.067229979056630     1.147224367191997     0.085825834109987
       369     0.618067585766112     0.352131002610461     0.377553190539896
       370     0.216191388482351     0.694404870263207     0.368333248712048
       371    -0.031243960133102     1.043788125739843     0.539858581214302
       372     0.622181452289179     0.660251541497914     0.942701410544618
       373     0.354347072435774    -0.068100848696529     1.216230269847936
       374     0.361016788365232    -0.013913637802972     0.747281136134837
       375     0.049903506146095    -0.117283683886586     0.217204784545697
       376     0.720391926677777     0.260904677216853     0.397337849584989
       377     0.795720288429660    -0.140307326383197     0.339515071104802
       378    -0.032746522081719     0.452252162621544     0.448388703666086
       379    -0.021195270152297     0.739605813306902    -0.242838157215597
       380     0.432375832497968     0.126711230597686    -0.085153361785781
       381     1.021559777425464     0.380352605228771     0.422617870144299
       382     0.167793696988913     0.048387629279705    -0.033151409561331
       383     0.603623371231586    -0.027611439439350     1.068892765803343
       384     0.678048321017639     0.863319678850173     0.177103193437404
       385     0.835792275286074     0.035495973483434     0.308293735958906
       386    -0.005284649249363     0.865058320956173     0.223437474253609
       387     0.607292866593703     0.668996400054706     0.456003187141681
       388     0.890230761078327     0.758482602679898    -0.099750358509165
       389     0.319283491199039     0.488358131298440     0.018931360302863
       390     0.931994554694720     0.132260885037530     0.335092345124259
       391    -0.059950154942349     0.096110210946128     1.011248031493391
       392     0.799668342836045     0.153316997851581     0.423934228356753
       393     0.570768124746526     0.709174437653170     0.957737800423160
       394     0.358391296280824     0.101379958833987     0.444852436884082
       395     1.015835164178262     1.066174193291353    -0.026942431385459
       396     0.564738631727940     0.363355262759043     1.286446243737817
       397     0.936100905385816     0.614992800723088     0.864359279302818
       398     0.358273901182377     1.046904092016390     0.981646261545805
       399     0.969688668266512     0.335144927032335     0.643696463787939
       400     0.557458055018919     0.559144639545903     1.013180012891326
       401     0.398297876520407     0.036569930677091    -0.024626512477164
       402     0.217403454573544     0.133440846792667     0.651339017658919
       403     0.487173583420243     0.718817292576199     0.000703132032124
       404     0.324697263275921     0.847577933885101     0.595171328302121
       405     0.440530285566425    -0.005283470094080     1.236329016287698
       406     0.556938896137013     0.711119359786108     0.944722505332656
       407     0.335342971632555    -0.026027265375631     0.719278862045223
       408     0.738078449524567     0.441879347399891     1.234311430191737
       409     0.541344618406578     0.155056886608343     0.108392446742242
       410     0.983451282824954     0.220783931937423    -0.108332880900323
       411     0.486597674940774     0.037257282573944     0.966542320578420
       412     0.608830660626964     0.468468771552542     1.042744684068444
       413     0.316416088260159     0.169449914546128    -0.038260057338010
       414     0.076039384513695    -0.075667909968641     0.220122864964652
       415     0.848072024240400     0.964741833315335     0.992349403521532
       416     0.197539150123158    -0.127628467492084     0.709930102533872
       417     0.683293372226815     0.322295200819272     0.775933927534915
       418     0.141813992574080     0.645866252027972     0.776094501073780
       419     0.341921560579341     0.124333340334147     0.025440001772254
       420     0.757887297299757     0.077914362904297     0.826859585195410
       421     0.485851117987604     0.429643985809904     1.108561809347131
       422     0.528606602703919     0.865304490188811     0.457118045822923
       423     0.646684445148750     0.570131816332120     1.049660908064368
       424     0.859050413546170     1.086840098273789     1.292995645979027
       425     0.944998398361900     1.064315948317992     0.478569069343044
       426     0.647060087552604     0.382066801844748     0.514331338644373
       427     0.970753742499160     1.013286025396435     0.547490548482069
       428     0.377417674432004    -0.072252576771469     0.219524372729911
       429     1.098149494863637     0.994635706597957     1.125121116657770
       430     0.401912051786348     0.046176994904912     0.917089535686980
       431     0.658902387586875     0.764460394847661    -0.145128814419741
       432     0.504375715527010     0.230507135177129     0.396669006310090
       433     0.490255637804412     0.250555343986460     0.598542015515985
       434     0.694984264972894     0.695415808632179     0.507248581825304
       435     0.346854073185649     0.217101836659477     1.204268413349096
       436     0.834154370016180     0.256964636108057     0.498066842754150
       437     1.034176401385314     0.007562873189260     0.985614200382434
       438     0.580815341528334     0.695037574618846     0.936094450668283
       439     0.769184425691084     0.441090121425347     0.539642897972122
       440     0.130968237410194     0.671553829286193     0.736104922428909
       441     0.725932700424049     0.153848688237052     0.802353563019491
       442     0.994230540285080     0.118354428337350     0.881557979673022
       443     0.461700590077166     1.191512995313116     1.190773565412943
       444     0.996048261774319     0.731285474141495     1.090022832319607
       445     0.315881255733106     0.302938487491850     1.012727207816588
       446     0.170138202406123     0.658367497180397     0.804237439862944
       447     0.458298371974240     0.639910947431433    -0.115419460949757
       448     0.661220494567867     0.726966852783268     0.558331960866081
       449     0.615009044741781    -0.021813494344100     1.262369049197264
       450     0.686823466315629     0.138494923981305     1.030459373618652
       451     0.596826631222614    -0.011880030421386     0.765401626395011
       452     0.104087088557645     0.869398229546366     0.334423303610610
       453     0.473345860965096     0.054884552885298     0.962633753930235
       454     0.160015531948313     0.793140480895763     0.779609464072690
       455     0.958496440195760     0.484083714711657     1.015875656747484
       456     0.958348232071983     0.515729106990258     1.011109850512525
       457     0.278778403855029     0.177099060306078     0.002303293859723
       458     0.744345794198290     0.367929700629518     0.422543652746980
       459     0.905941442877441     0.721036743469750    -0.191446262811715
       460     0.109824356297425    -0.066035424865007     0.246558443140890
       461     0.614586003191505     0.681589888628039     0.985760424440995
       462     0.586421075203120     0.333638272284866     0.859738930584478
       463     0.635795388552737     0.437543041295283     0.344090554581245
       464     0.592699625372394     0.675911691933062     0.925965993921742
       465     0.376113536010198     0.146389843761282    -0.037599540794533
       466     0.026577813496185    -0.131067946036583     1.182895310060257
       467     0.636907374251298     0.883499660285608     0.711843615260668
       468     0.252003380192960     0.983457023734857     0.577052926213358
       469     0.334363921637847    -0.005466836348308     0.929215871782877
       470     0.849945991753902     1.120627099347461     0.253056254213935
       471     0.787749106356413    -0.030311030837958     0.261158798872601
       472     0.740040929183623     0.417971635257207     0.350282904134259
       473     0.670304628727211     0.555160494716729     0.592134890208844
       474     0.658896548469663     1.106964111153140     0.688247754334595
       475     0.585238460155054     0.726833286481348     0.906907267809676
       476     0.908193983531379     1.159902869860970     0.909997916482010
       477     0.531073369994435    -0.056601623351635     0.459338425604733
       478     0.227760107586209     0.138393369474681     0.821623050333698
       479     0.500942645735439    -0.003221714090947     0.719128945706879
       480     0.641164086006298    -0.150908601884606     0.127215279431257
       481     0.944671211437945     0.866231300302003     0.192962442758147
       482     0.678972229274364     0.515303760443239     0.415068638353447
       483     0.531464213703715     0.711088223819499     0.970794243496425
       484     0.568256467550180     0.736765582249564     0.949565211715332
       485     0.968223510592846     0.082915428291556     0.832539553297582
       486     0.309261157518787    -0.028755931405884     0.770736135086631
       487     0.912239470400991     0.305844301360565     0.655342190010932
       488     0.140429675106499     0.642551149728246     0.790980951404300
       489     0.828915888417480     0.572927888789478     0.856827480577925
       490     0.126163543939037     0.618114973069357     0.781479446394954
       491     0.435239181928392     0.063979027389174     0.789255013389525
       492     0.709959532256144     0.852269426833675     0.504947406802915
       493     0.854915135975791     1.152065383252910     0.375538696172154
       494     0.417686963907778     0.187274977232866     1.165032422469684
       495     0.702336433658478    -0.143300887279139    -0.090608737402365
       496     0.850066505544021     0.603155331775178     0.575875179393262
       497     0.561599671289876     0.690308820438243     0.998603613018017
       498     0.354609401632378     0.048877620250491     0.557139333700938
       499     0.614330140092381     0.718353526872850     0.927680468286942
       500     0.282373667039914     0.545484780073082     1.070938036269095
       501     0.570146360749433     0.579941895231750    -0.151196923030481
       502     0.742295183822460     0.729279728804304    -0.106239994926329
       503     0.870789548476135     1.067840803701087     1.021560088465830
       504     0.566308050950979     0.020530398025729     0.701341700559068
       505     1.048172397380492     0.557959248868645     1.024640070365717
       506     0.146530727172711     0.632339300808552     0.777443386155343
       507     0.338398591762505     0.024033004132090     0.967152307822926
       508     1.082535316738961     0.329053160876889     0.347140714032957
       509     1.044114348578618     0.911868462859512     0.364218800709118
       510     0.292194093057567     0.629435221248592     0.863230208766150
       511     0.340264909892677     0.068637634390544     1.013986832248745
       512     0.985823282342286     0.255193368751500     0.321419016929714
       513     0.723867860496301     1.182469327930471    -0.232100285530505
       514     0.797752655868219     0.376438453586947     0.254485200623477
       515     0.568893124959766     0.092600814728301     0.427964527387830
       516     0.065190675685927    -0.056770316877655     0.253431487845468
       517     0.753793521227497     0.380035506941100     0.542587888667830
       518     0.909753956508924     0.087464686571357     0.939293220450294
       519     0.557242322784381     0.647675189699903     0.388835522454720
       520     0.320620520433148     0.634364272132711     0.660031890104827
       521     0.903970306057880     0.570951636114452     1.029810346621564
       522     0.779356137837868    -0.175469511898025    -0.111792942030559
       523     0.627762988323862     0.348431824714564     0.276062318596041
       524     0.991407995742722     0.608506958618159     1.028013734945185
       525     0.513208146749764     1.139287788420641    -0.080977482042935
       526     0.069990073914065    -0.108966781025618     0.254856981008185
       527     0.868032066139566     0.541888776018239    -0.272060004638679
       528     1.034145289965403     0.495067833180605     0.953971848146525
       529     0.639277626769054     0.276059424230564     0.553146362592395
       530     0.527197850967609     0.747130660845758     0.423269917690965
       531     0.219494732260835     0.662401461255220     0.488005432646754
       532     0.079331579258397    -0.084259823007324     0.263731276936463
       533     0.411685570389655     0.714908489991825     1.115821767625332
       534     0.285782698699601     0.205073670175456    -0.097134560525829
       535     0.500211831511851     0.986509368219621     0.939542492701900
       536     0.641340011050647     0.401187481850828     1.100663852410256
       537     0.392546775585049     0.064564964369931     0.948704814424130
       538     0.847569466917081     0.960164147669562     0.021880788931586
       539     0.718401722402027     0.098850399768498     0.528592544377985
       540     0.179607258366078     0.404858377149426    -0.138444495626424
       541     0.246598483142348     1.035664256784211     1.136381914325979
       542     1.080022539090856    -0.070972387661760    -0.221820605647001
       543     0.332705772557858     0.088647689104360     0.745060958261618
       544     0.331425251730231    -0.054324541873422     0.941623713445434
       545     0.369930880853056    -0.088681317814049     0.634572484959922
       546     1.076505527487141     0.411100543961434     0.310996717772338
       547     0.539251477008697     1.180094989591835     0.769904072636566
       548     0.571523852618156     0.080842069927560     0.724805604934504
       549     0.061235868150161     1.024512175339063     0.356389523933929
       550     0.462599245893609     0.812024794215109     0.316594030376585
       551     0.962280636628872     0.559033872699869     0.784941516132097
       552     0.894640953660452     0.701631691721908     0.643193005554328
       553     0.705478180589390     0.228513311017708     0.539581742854589
       554     0.577302117053272    -0.031990392866478     0.806538576910595
       555     0.092839275539653    -0.082046638849549     0.228724118384646
       556     0.935213853199655     0.775660767312471    -0.154428471627160
       557     0.824294986296357     1.033832881289426     0.314105055523594
       558     0.683714322732076    -0.031057765004554     0.728236273495070
       559     0.518508505839129    -0.041346718513519     0.743087649021983
       560     0.926117125743358     0.730330351725678    -0.087452068165562
       561     0.715715255843514     0.876919052602010     0.620813968511403
       562     0.511185907265174     1.032707197899971     0.646999950426197
       563     0.030781775771996     1.114015087123466     1.248312748543443
       564     0.831616701894827     0.856230023472129    -0.288671085450565
       565     0.052241782509478     0.137254912183833     0.005520571889414
       566     1.033927216028969     0.502470590181076     0.305112665870998
       567     0.734147670502804     1.066054182161670     0.629215637758405
       568     0.560003894157454     0.082959044405252     1.236715470421251
       569     0.660938117962226     0.080908176894703     0.979302626780225
       570     0.701812632726783     0.551412201951945     0.714429266261975
       571     0.652228610612024     0.313659397056063     0.442380455048809
       572     0.614655394049874     0.598716509470333     0.112937531894097
       573     0.513566013813631     0.253015634378009     0.883893557509063
       574     0.876409616619486     0.718106865306511     0.914889453137857
       575     0.844657098503779     0.103723472555705    -0.102209623287682
       576     0.944982803384692     0.391916657068988     0.298634219764167
       577     0.909818374561524     0.869331295575396     0.464590894849111
       578    -0.033773838462262    -0.041434759808846     1.010628466250846
       579     0.054433030489501    -0.106202478285366     0.228386568040853
       580     0.966188895250147     0.534308456073180     1.083399821554059
       581     0.190676551565655     0.688238467830852     0.732799087133795
       582     0.055853520667028    -0.094027055517900     0.244789695268002
       583     0.174026361399154     0.145845140319448     0.626342825319670
       584     0.215370853756211    -0.051040596814717     1.211498551460714
       585    -0.045584193202139     1.138476003233894     0.874093509865986
       586     0.152695966044558     0.636392743026487     0.782709498320351
       587     0.609519330445652     0.365192759097076     0.613031368726834
       588     0.953857524328783     0.527376854538671     1.095405600428894
       589     0.328321335711461     0.117894043158460    -0.011056560946398
       590     0.152313387905170     0.637747760692359     0.789529344428561
       591     0.571421461411812     0.705680415910595     0.959655632780656
       592     0.934856417327627     0.266056658257327     0.705228974530720
       593     0.261549076874876    -0.131875034164525     0.958530384927355
       594     0.100542793922244     0.660600503727920     0.777006152943706
       595     0.171772688531981     0.693705255590758     0.761781993598522
       596     0.678241416948743     0.583850514108238     0.673598813502130
       597     0.386346100392061     0.139684717942159     0.983633228213119
       598     0.010421189911858     1.009815092089396     1.118809975479945
       599    -0.039697786530349     0.483031977305884     0.590932330920221
       600     1.013587061596099     0.944455258482363     0.122562522932887
       601     0.256076208420040    -0.156029787222823     0.588877475072145
       602     0.249739603060675     0.068834797281656    -0.034028392613350
       603     0.077505701559081    -0.096559652395523     0.223514505832677
       604     1.078236710208468     1.113685140526069    -0.247538068032658
       605     0.308392124919614     0.189720231166959     0.082689259222628
       606     0.884071308472970     0.545683694172420     0.402483000624603
       607     0.930356702327823     0.540524206821832     0.675794240417621
       608     0.562050139924614    -0.180100998012477     0.575318841634966
       609     0.755403456557060     0.488048080862323     0.709504681475953
       610     0.571488846990722     0.689944428257110     0.963634183367933
       611     0.684830757392978     0.476453795146002     0.421388695267682
       612     0.063837823384236    -0.095038803911708     0.240201791145025
       613     0.137624714897431     1.113516285453160     0.972424124812355
       614     0.375675097759934     0.057833179917946    -0.034445084056097
       615     0.301909728010192    -0.127991481020921     1.247414168169783
       616     0.225907021715918     0.281736873498010     0.633036518449899
       617     0.915486461535009    -0.055749464702609     0.146467115659221
       618     0.320620200551522    -0.188731544973898     0.817462438328245
       619    -0.002403633559009     0.634634427553411     1.293975702015718
       620     0.948061631776698     0.540795369293809     1.034093799217743
       621     0.476430175698825     0.445962524405620     0.975941322163556
       622     0.267652776456629    -0.081345756980677     0.663866593046486
       623     0.474863397943809     1.010339660953651     0.643421691987066
       624     0.907721161350861     0.380517761589239     0.363459951134566
       625     1.009378502937377     0.858920959844070    -0.085422823239447
       626     0.408604222738189    -0.072667170089155     0.532946680503680
       627     0.110952443022249     0.655501121414739     0.821809851226900
       628    -0.067240921865336    -0.046135559325438     0.615867976575905
       629     0.469175332317510     0.536152863448341     0.300652029642883
       630     0.839543558409138     0.452202449728319     0.499568066874715
       631     0.305571514392933     0.026358999736316     0.795709848804261
       632     0.115531352379512     0.673348292710628    -0.235095156314015
       633     0.716048346041822     0.341748823994767     0.399874706069341
       634     0.106912716035119     1.155549368342698     0.112727972815353
       635     0.421647145239176     0.715207267003550     0.809639800329336
       636     0.921896145407689     0.653250823261723     0.421563043951319
       637     0.059538378529129     1.127802835134976     0.421630553351776
       638     0.759929228650004     0.696000225645236     0.641707216703562
       639     0.666000558187421     0.843814461624634    -0.146325849031033
       640     0.741853593357424     0.967614754437207     0.379816216886989
       641     0.472834966731596     0.603525193841992     0.522101338469006
       642     0.525538766256505     0.742251632732008     0.500828132822696
       643     0.749328977177327     0.538572756532167    -0.073585243875706
       644     0.325219441931399     0.096262536541940     1.003761146660219
       645     0.840094329850408     0.325049518248621     0.403050256073319
       646     0.773856193945604     0.372624237841361     0.456736790424341
       647     1.075193900082402     0.453414328269748     0.841549503348948
       648     0.675576607692918     0.464802555201887     1.265248542108012
       649     0.322456485400374     0.000107436389356    -0.087688548546798
       650     0.590325032922703     0.339535577168688     1.245365150504424
       651     0.936980000992441     0.822782639948489     0.279502861924570
       652     0.638384015700175     0.385847680894685     0.503998013147840
       653     0.527536412186602     0.696031757775885     0.479167496093693
       654     0.409661116587199     0.292014933239680     1.069543603053767
       655     0.137080987236638     0.861509766210867     0.157729359777140
       656     0.608601447350720     0.689385198150039    -0.056122152774496
       657     0.544579313957624     1.190270867116805     0.311034789396457
       658     0.802226992716842     0.905619385606941     0.483790716056360
       659     0.189411443974642     0.220527734775259     1.278911206740974
       660     0.698727076715683     0.320930834150178     0.450226528848824
       661    -0.056065592614057     1.191213383900265     1.091031735244425
       662     0.311097370488242     1.055363899923700     0.491424571378494
       663     0.176180763901129     0.118757328449049     0.234784029201830
       664     0.552526943478590     0.021339050744066     0.960398452782836
       665     0.903937401468024     0.400983508771835     1.084218198479275
       666     0.875726162320626     0.060672264083239     0.915926960959625
       667     0.541491731854059     0.224798154761675     0.889699662865949
       668     0.573639263459812     1.082255367770789     0.489393828167648
       669     1.089077410931616    -0.118819943605610     1.136366715090785
       670     0.368589422563917     0.419163062042810     1.058268378113311
       671     1.053874119136103     0.951740338158644     1.238059436923831
       672     0.621820299155366     0.576550598541032     0.282198643029758
       673     0.365703824465799     0.254350093450234     1.039957505103720
       674     0.668883269272135     0.485818530635202     0.878938836798408
       675     0.470230291266992     1.172335527576257     0.958966376590417
       676     0.526132832172726     0.304427036495227     0.493203405014002
       677     0.688290639869410     1.161468868964930    -0.247671038291038
       678     1.042835041943666     0.859023357972553     0.319414214783147
       679     1.058783135805459     1.057639950454914     0.488996013617592
       680     0.781783424508400     0.377603932879430     0.394333307826426
       681     0.904097896143459     0.769365515960324    -0.077472390039801
       682     0.487010204579435     0.050945497032653     0.286632034533502
       683     0.492546172006490     0.343610660677910     0.392240315983847
       684     0.702297191811527     0.532475223957139     0.196047805234799
       685     0.814467048432205     0.312901071416774     0.947845376249566
       686     0.419398997613680     0.148108940764904     0.525639575679052
       687     0.527111146393418     0.966995413361759     0.364193335968966
       688     0.696332189492502     0.597347695572340     0.512181695048129
       689     0.805312775139733     0.788548283002879     1.237012202149059
       690     0.601967140704485     0.131512558877366     0.876676544812311
       691     0.959053896683205     0.496739570030195     1.121363672909349
       692     0.733116815413194     0.304103160883533     0.469271775658198
       693     0.893309570884317     0.568329627670313     0.852943647225158
       694     0.541665025028570     0.324392300661989     0.104923939629122
       695     0.332599342958217     0.049622000092969     0.677595863836703
       696     0.288260106914821     1.117217195119206    -0.215898965316473
       697     0.622610136542340     0.743234446949989     0.499366684960291
       698     1.048914077873701     1.055132770093539     0.201792439592562
       699     0.726387591375014     0.244687251805533     0.688648555499876
       700     0.254879035615606     1.115147752142261     0.199643570414243
       701     0.910497095227786     0.577713699352182     0.398405217041115
       702     0.446943263222854     0.763577862601661     0.554239522379279
       703     0.285682526208841     0.449111426778935     0.787424829251599
       704    -0.081114328565962    -0.110639544134760     0.566743246939243
       705     0.915505275950638     0.713842946098240     0.203552795600323
       706     0.795787786825355     0.327864471397859     0.279661812001734
       707     0.642251109355449     0.616830306064482     0.629853638314545
       708     0.265212900297204     0.643009579665590     0.420843629061744
       709     1.012993170036851     0.486979962109938     0.283933312786621
       710     0.260784739936104     0.219627745546401     1.055545588287601
       711     0.550957624322210     0.376802039229688     1.034940812490337
       712     0.882737798150206     0.692907516133100    -0.214822307059686
       713     0.303600116046710     0.240457105591540    -0.006815346935205
       714     0.347453917763357     0.756206469451277     1.151041364241772
       715     0.006717807267173     0.747978516633868     1.286236510772378
       716     1.096116409959239     1.007893688851987    -0.249129894492630
       717     0.076042025131502    -0.085823558600743     0.247616534492682
       718     0.913605598349077     1.034617372044875     0.017889476835911
       719     0.254127100336334    -0.013900532285296     1.067714342804185
       720     0.063889332462514    -0.073637450907755     0.244952409493241
       721     0.589625109252584     0.162958572217341     0.899419534826010
       722     0.712363792234701     0.328954771599376     0.413031099861097
       723     0.050280324064334    -0.130708013349025     0.235154158821844
       724     0.210426194111283    -0.019816246499016     0.823526304138370
       725     0.403228305319958     0.509806790797773    -0.141910919082093
       726     0.184445885219458     0.261891927547301     0.395878360835838
       727     0.342633824719863    -0.009959886250296     0.785349009131467
       728     0.997580672886644     0.903062024192789     0.149437796012359
       729     0.396756547938534    -0.071749602854788     0.474443433591361
       730     0.441215802237842     0.753522527384017     0.731881034704369
       731     0.196924577528042     0.094166802091642     0.765453286227870
       732     0.401783770927756     0.727229898930949     1.172443415213162
       733     0.538484776170469     0.434819201163855     0.095821990101159
       734     0.929960924748230     1.003718385471299     1.143299066500525
       735     0.562167160000186    -0.108282988829443     0.837750471384036
       736     0.284547920272772     1.121283449364440     0.414060161950845
       737     0.582468729102149     0.518250254351875    -0.038460214266784
       738     1.002528549731847     1.005794438959861    -0.043659925813591
       739     0.382080645902136     0.148968294554235     0.951485336608539
       740     0.812490683381411     0.330079749046039     0.319492520666853
       741     0.130979621555204     0.750882790670760     0.872528112705543
       742     0.090418445483628     0.639962351252331     0.479759120018435
       743     0.916602988450493     0.491140701484953     0.988905285835449
       744     0.666135287631820     0.455908847942333    -0.085059326680482
       745     0.595832981870678     1.027192811846673     0.037223248356850
       746     0.539819615032356     0.056469784982214     0.780881013878817
       747     0.597315058512372     0.743161723469626     0.569364334098830
       748     0.526068519706323     0.715734888300061     0.371947095772436
       749     0.297055483064989     0.045509916904363     0.631710445338266
       750     0.632609935000242     0.708384088494265     0.952376840273065
       751     0.581488280938739     0.685633681788731     0.997598271341743
       752     0.512552448712457     1.040829633928534     0.235635732761362
       753     0.122617113939977     0.668676250108842     0.789118065363913
       754     0.704013501866737     0.026276463187438     0.939121748536738
       755     0.001337163826039     0.260176019586271     1.019178734812045
       756     0.458588324238517     0.962084298193787     0.645841913956546
       757     0.598669963174069     0.665228089133496     0.973111961950812
       758     0.540369037403719    -0.016376854698537     0.382357709442426
       759     0.613255065483699     0.822025766231503     0.436613925722944
       760     0.123930978490376     0.629554320983134     0.912612767596796
       761     0.936624385597146     0.393726637007068     0.389030795468279
       762     0.773678157845164    -0.124604878327455     0.655889457792631
       763     0.726115822428030     0.236310403431607     0.621049976559115
       764     1.063903273397787     1.163750286741092     0.132778917656838
       765     0.799233838816743     0.088901609717581    -0.089166469706109
       766     0.489819795120996     0.153818761839418     0.968351519562012
       767     0.563371323092682     0.703198455905616     0.970381110270576
       768    -0.003251531810534     0.243868882271050    -0.270060719406455
       769    -0.069020999099093     0.496247533092671     0.007336582314046
       770     0.394596267086952    -0.053859850239833    -0.260023995109890
       771     0.921118131266727     0.921325467490468    -0.153686054408277
       772     0.911282586431908    -0.120760403569251     1.079163554005058
       773    -0.094033255112650     0.820672543503871    -0.299168546440257
       774     0.315118351854660     0.258782958536137    -0.203670526973434
       775     0.527186712749747     0.399016626675641     1.000335688081500
       776     0.734394447130465     0.893266491370688     0.962839460623042
       777     0.619929409085704     0.570360585152135     0.402753105438068
       778     0.990102239571533     0.050157193505136     0.086387439008297
       779     0.765370572303321     1.151627358113140     0.868407780686854
       780     0.255237748486674    -0.122236084161215     0.269401124924943
       781     0.699912629450468     1.145974382548555     1.077154402293809
       782     0.604125287472294     1.110440958971691     0.842407108212960
       783     1.065181400986739    -0.183890571906940    -0.071313095700695
       784     0.136401136234300     0.637589699710944     0.785282787715757
       785     0.829537722444587     0.414305871911533     0.727552382897342
       786     0.710142823972921     0.254238512746389     1.015560560806940
       787     0.363631797860049     0.077789752705171     0.682347368840890
       788     0.778650930067675     0.695701215450180     0.947239320603350
       789     1.033613264563325     1.082601691740211     0.397012007741971
       790     0.934809402735520     1.030586281095545     0.334380816171368
       791     0.768742419628719     0.257396115023452     0.305799976781476
       792     0.907941541447939     0.596578914335462     0.533364843900189
       793     0.785733700335204     0.725212300517502     0.169342075614569
       794     0.745530908048840     0.526304201357445    -0.126721975913073
       795     0.736095426652541     0.169164364228168     0.373871650822210
       796     0.333211683035135     0.173109403995195     0.020117157603008
       797     0.565317742763136     0.724184724995845     0.912012934595813
       798     0.461077480313232     0.938698070260077    -0.114389418839115
       799     0.638862930802743     0.451238716543768     0.169664007941679
       800     0.774252588450316     0.363403985031911     0.365585199719343
       801     0.688327691245960     0.347460804303028     0.196433244114424
       802     0.258621326735827     0.386349907966732     0.492202505180951
       803    -0.026608124872877     0.512704334712757     0.697026626447598
       804     0.977761102956228     0.586727893967427     1.052220562285241
       805     0.899409967346255     0.253485165532154     0.243400966999905
       806     0.432050611277793    -0.001062603024309     0.874108370608865
       807     0.555455085339427     0.696142035986884     0.921831254825808
       808     0.506675563110955     0.884043769048115     0.425495343150929
       809     0.479347965621805     0.830218530719122    -0.285008444563971
       810     0.770376345073819     1.139947412234338     0.046348279036641
       811     0.350711380613484     0.678972392770771     0.552114820187979
       812     0.382664756522859    -0.060034556597380     0.817532672115589
       813     1.076141445103858     0.940130426902765    -0.251670227843969
       814     0.126295962954296     1.025842987619471     1.140119738073390
       815     0.753988701248281     0.451165255972288    -0.256284446529073
       816     0.295698456793224     0.093065895681344     0.032307710997136
       817     0.710265736896858     0.288946316176935     0.653522622059187
       818     0.105506508954382    -0.128045823030015     0.239137758042483
       819     0.015351418726632     0.472371962231024     1.204080718724079
       820     0.597851677123023     0.499102991255266     0.473311057229201
       821     0.072177080920365    -0.077381808317321     0.220972892858081
       822     0.802068129341960     1.152687583260892     0.857851338305418
       823     0.319066500710184    -0.067309960395181     0.348582905585610
       824     0.919699205225892     0.684173322100340     0.586930403729382
       825     0.918418604218715    -0.026046795304037     0.722497542549035
       826     1.010581066855935     0.703527354162934     0.034376859736361
       827     0.474433284554327     0.776399040520771     0.500722833329290
       828    -0.009897729779995    -0.187896141981376     0.102187373033101
       829     0.240372227242673     1.011516183342002     0.186996376574041
       830     0.756262145109307     0.493960879569339     1.038001103891466
       831     1.029646204679679    -0.164399108788710     0.652185434924510
       832     0.990232527692490     1.199085302687948    -0.260047863745235
       833     0.364215561190045    -0.118509396829630    -0.172406764620723
       834     0.126549655062955     0.257551555905848     0.062335487141301
       835     0.784242617573983     0.407094812787125     0.875330000599468
       836     0.863860990014568     1.029617322008316     0.480197908316035
       837     0.313784717552993     0.162473018957727    -0.080511428256207
       838     0.917099895557383     0.489421992668174     0.886213053804901
       839     0.737804755562602     1.162600698295737     0.829544250373327
       840     0.877326515732574     0.396041362973449     0.348833554390520
       841     0.979759725472074     1.109050409793016     0.069729003698587
       842     0.337607642633005     0.407936419090287     0.016747178953440
       843     0.530130446822686     0.182003162544427     1.089157906127758
       844     0.053811963809370    -0.077037001009199     0.258010752081217
       845     0.926991407039887     0.582729169778899     0.222710147299440
       846     1.027784204971030     0.563640986570770     1.025421309166913
       847     0.734043472519509     0.914701838527637     0.702899264441200
       848     0.534187059740576    -0.135360375531554     0.922166698331930
       849     0.727799910812244     1.171814295813681     0.141115497151128
       850     0.961414267220101     0.617092552563284     1.072583157744124
       851     0.758334964377361     0.322968423052653     0.312491640808960
       852     0.472441223505618     0.283219295907267     0.501893553635684
       853     0.589829349087154     0.218040478000314     0.461650963742946
       854     0.061816050407732    -0.104192533130017     0.272675297212824
       855     0.406349044008328    -0.053786385953014    -0.269815554884599
       856     0.673754249386965     0.802235386847667     0.321314678513773
       857     0.532527294522663     0.009916348533421     0.534100864055547
       858     0.882085858464163     0.265537903440444     0.184240149451556
       859     0.031361308587495     0.539267535911181     1.295956392771871
       860     1.023608498931431     0.986915011572902     0.178285316108346
       861     0.358019373877481     0.181074516045240     0.943540727703832
       862    -0.014853979179178    -0.178858876831966     0.165988166976233
       863     0.511674535257856     0.153302597416005     1.080208645001043
       864     0.292259004137583     0.161334060447220     0.375663455787941
       865     0.376807031584756     0.318097782597626     0.031747588956174
       866     0.344223655869730     0.176169975251444    -0.094214185460940
       867     0.979136383598627     0.255206347209916     0.524351450407314
       868     0.275203021331717     0.099118334327666     0.087228020876286
       869     0.504595896483496     0.975197226124719    -0.276982013614276
       870     0.056361340396401    -0.086226059105182     0.271701217058337
       871     0.491549672300329     0.335418552429913     0.088091871068597
       872     0.208916305897186     0.653042436060566     0.086809758968265
       873     0.464752870098824     0.966528813422929     0.444977704238691
       874     0.898696150625095    -0.061323181972088     0.835013137263004
       875     0.957755625710811    -0.003161592507242     0.488089008295855
       876     0.768411718578489     0.834192659482997     0.314871991624387
       877     0.285280047928179     0.753398449951163     0.725612957592913
       878     0.562989079029648     0.691960132687498     0.428959384331743
       879     0.224199412530177     0.228694014672463     0.918648154277595
       880     0.045037216115428     0.065214283385699     0.580367643325581
       881     0.985956891525772     0.869946361773674     0.733899772995622
       882     0.636481327198794     0.425665744733753     0.679355967999012
       883     0.127401702948066     0.667018676791275     0.791249858884401
       884     0.569175715071722     0.009900876237432     0.671460365400455
       885     0.142860594665919     0.656189043282084     0.766764415547511
       886     0.189239220157394     0.649270099489947    -0.007515905413892
       887     0.650327775612238     0.396498606799241     0.463809785627735
       888     0.554823963953777     0.711603863747769     0.949122799077323
       889     0.119936527448898     0.030734713873663     0.846967481155348
       890     0.071120204468677    -0.085246497252776     0.270440363252541
       891     1.025735418674821     0.982464263077359     0.700862032850025
       892     0.410490824656824     0.126181994510930    -0.091466169418866
       893     0.604777448452310     0.684630270702833     0.945771433712330
       894     1.025336632704387     1.016625470948793    -0.084059105889222
       895     0.420422851244283     0.086014160405896     0.512244063855638
       896     1.056597423450511     0.568313793246867     1.079337924653010
       897     0.047549520003894    -0.092016615215422     0.225772470973339
       898     0.710960788782473     0.076558182497068     0.960566213241448
       899     0.462757277810461     0.408678814959643     1.004342452940137
       900     0.281094772109064     0.353001406316288     0.837175456997810
       901     0.726688731814951    -0.188994166438800     0.940314169744173
       902     1.067563231846025     0.819735747536756    -0.096855817378240
       903     0.950753880585598     0.544003664139091     1.015753428426756
       904     0.536083438915174     0.538752278658129    -0.265936784794631
       905     0.133391697185216     0.674888337852043     0.816312076147864
       906     0.392671640700570     0.319411548112148     0.887032895691170
       907     0.704125177071215     0.410356113454925     0.431415837834726
       908     0.178559709553483    -0.061998972917657     0.539503184849904
       909     0.335670484181897     0.268133627912406     0.757200026267373
       910     0.572198846605782     0.739164628377367     0.957659676315661
       911     0.072320418729122     0.594338347370999    -0.172029385808226
       912     0.813454140158810     0.947413785487484    -0.058835610905720
       913     0.126759109195001     0.917110886428573     1.216984248749213
       914     0.424690241499272     0.018320130835279     0.881837459912965
       915     0.276459818687707     0.546988455565715     1.031862859888771
       916     0.272967855763186     0.161827690057233     0.608746483071306
       917     0.267397219904330     0.059960486532995     0.353816988156268
       918     0.122089950353696     0.690373750403032     0.767124356246075
       919     0.464861514484836     0.151375667302308     0.680587346395006
       920     0.900080321800948     0.333541499108370     0.422950340338251
       921     0.063169651457868    -0.099574237078614     0.228512922421822
       922     0.134665636789019     0.673042463338706     0.773196882423883
       923     0.438744132425400     0.081689874481556     0.862667148318169
       924     0.849893478958081     0.987010438767641     0.075419637472673
       925     0.977117592409772     0.632865002264526     0.804551985408948
       926    -0.065324412817191     1.119986388461901     0.588819027659313
       927     0.722414094225342     0.005027738185996     0.738667574098463
       928     0.808003567165805     0.075021755807974     0.717238700124900
       929     0.606065947464999     0.182457730279184     0.843993616202842
       930     0.603093535449709     0.031254655234389     0.510195410865863
       931     1.031147732279134    -0.003630205940192     0.587211444749742
       932     0.939393594401472     0.518645083965560     1.071018195213939
       933     0.552986067155727     0.648810145677108    -0.055387110422726
       934     0.943192911312262    -0.030499165452242     0.460411522398502
       935     0.500471141737404     0.192128838103496     0.310745530070979
       936     0.323633795443121    -0.071322442283693     0.343083244566859
       937     0.590598698112303     0.693239996113635     0.929767936170156
       938     0.273061319426066     0.865623773830027     1.225367352357097
       939     0.780552066371853    -0.013097350814499     0.348759338565785
       940     0.522830944047689     1.124010870526387     0.110196088349911
       941     0.061240763574699    -0.032158606738669     0.942554647249169
       942     0.156214547235652     0.634581107454006     0.816056479502467
       943     0.712228183935680     0.319057705429353     0.498763653914066
       944     0.134929746037646     0.654061836373308     0.778241387657833
       945     0.648092261113462     0.067927652500223     0.875555728025187
       946    -0.089348262800141     0.051168169652576     0.240132901298820
       947     0.483662811776018    -0.066940618386711     0.745736378347537
       948     0.088840407784657    -0.121203404191220     0.238142705712339
       949     0.277839916275879    -0.156681132452264     0.485051867427750
       950     0.776227150301504     0.364932891905994     0.581623332802637
       951     0.847879209941327     0.885043943878739     0.221996657943672
       952     0.914309197101861    -0.067471559839179     0.588984497901763
       953     0.095909985129485    -0.091875812924687     0.228759786415970
       954     0.129150530162854     0.663809780427438     0.741627162696121
       955     0.603188587824920     1.019101375958007    -0.174916048474519
       956     0.195438650466651     0.753688712380433     0.297388881710085
       957     0.579128428930138     0.685067964047779     0.982502061391584
       958     0.154523424031686     0.807376623867296     0.101350682898609
       959     0.546303177384017     0.574003355671858     1.011174815593249
       960     0.686054504304321     0.149096340848112     0.509168412006593
       961     0.864740257433424     0.560331581454640     0.628392772026708
       962     0.608808359369901     0.691787948704712     0.934985731293625
       963     0.588210895073030     1.012038642798984     0.568584206368296
       964     0.106846147190687     0.841148992513373     1.259727516955568
       965     0.031684738356884     0.749596124754207     0.515584779269495
       966    -0.012240167643976     0.661949252966668     1.102318541994554
       967     0.454407614385294     0.094381979391510     0.981284406607898
       968     0.546375702108193     0.725984116612605     0.950342562884318
       969     0.906031619485372     0.821789180289286     0.572977053788180
       970     0.370796372769571     0.525857902179379     0.312615326489141
       971     0.673485517166320     0.101662370032774     0.304848230489087
       972     0.235552322779338     0.841865869705690     0.760292257925552
       973     0.279416887720580     0.573147095302684     1.032623361348738
       974     0.556738684173957     0.615097522167163     0.320555320289803
       975     0.477576476242730     0.246548542351456     0.901840701690512
       976    -0.006899661328334     0.630274349253112     0.827131246062365
       977    -0.081403525599140     0.620917742037024     1.082346282893561
       978     0.421894703758487     0.047892616558205     0.893755422932104
       979     0.547231523784127     0.034378788065184     0.982550864365127
       980     0.802068465674766     0.373010210897093     0.275185974701821
       981     0.636969368817246     0.519103332886742     1.111699413973094
       982     0.575208479424232     0.699450916914582     1.056977982134882
       983     0.624722735559547     0.192045854838349     0.848303081632208
       984     0.917215047693986     1.123955074070075     1.159080272333902
       985     0.135093340456537     0.039681414755951    -0.007721771330226
       986     0.060587710969714    -0.101800488605502     0.256271102151300
       987     0.855036131861111    -0.064294517041334     1.059122166338198
       988     0.947752625277078     0.819433440398487     0.580975425880115
       989     0.432216839373708     1.158135292848335     0.871677574317204
       990     0.837815980133308     0.005252896633554     0.805344500103274
       991     0.721558256863577     0.566289260251112     1.014296527844947
       992     1.025977286662826     1.158807357634206     0.194901812050103
       993     0.971297294221022    -0.191814431125769     0.151716471288171
       994     0.976540125225079     0.575887316938731     1.032136221067502
       995     0.487395784112998    -0.024011470996110     0.691360661844011
       996     0.670924800408725     0.324317084948880     0.500167978127214
       997    -0.039158486350437     1.187432656778758     0.459747696407985
       998     0.596555427600806     0.334411424267969     0.889125090729318
       999     0.728966086507280     1.078089577666125     1.045156172640628
      1000     0.693684452093443     0.614293742001225     1.221375661740119
