 240000001     0.460181073305414    -0.126648790283707    -0.159831037708785
 240000002     0.639800783779701     0.534674484502303     0.579146111996515
 240000003     0.492733499475099     0.523731019912767    -0.198308539291710
 240000004     0.796342526585105     1.052227061385567     0.574762577892242
 240000005     0.570847968162210     0.705948034702188     0.965932439050700
 240000006     0.308616400123493     0.382464785459017     0.459707145026025
 240000007     0.567332737965211     0.406338364428172     1.029910341838914
 240000008     0.818969496517624     0.839667096879496     0.595103588564232
 240000009     0.606049440069955     0.594298866611625     0.592883005762665
 240000010     0.042928924194026     0.679819648474113     0.607717843288599
 240000011     0.481310220496774     0.049043129738800     0.902132252870863
 240000012     0.979538290494709     0.514243932929669     1.040212376836852
 240000013     0.022826818752911    -0.102189383055696     0.605809476751713
 240000014     1.010285164546445     0.813537725959117     1.199306917014056
 240000015     0.156256692998569     0.635829617359091     0.794701169254778
 240000016     0.548643947230836     0.609263751221977     0.888049144632781
 240000017     0.741625023320684     0.683187114615201     0.369453145490349
 240000018     0.271938730027851    -0.064672415587492     0.317458745455304
 240000019     0.880203055473765     0.584836139626739     1.059155176944895
 240000020     1.047098451151476     0.365223171631716     0.403373411861008
 240000021     0.623989429484666     0.466881067377739     1.008582541117360
 240000022     0.942620528105114     0.573717228500483     1.075488095332175
 240000023     0.531230960889770    -0.075847592745365     0.506281247037470
 240000024     0.974460045282425     0.552099309364489     1.036206197978685
 240000025     0.059645776007166    -0.129163915296770     0.247320704053108
 240000026     0.603308309766753     0.670711163286299     0.987585381446409
 240000027     0.610908803570431     0.229727718665098     0.641538214932826
 240000028     0.075043494317526    -0.082189773709632     0.286162664857998
 240000029     0.288338434471970     0.392791998166220     0.872290623655980
 240000030     1.020518108798723     0.525934414337819     0.595178261810460
 240000031     0.834035379471043    -0.129477434567982     0.690141818464881
 240000032     0.156148789066887     0.677539799689423     0.798872060271467
 240000033     0.222545966705963     0.534407581969079     1.185037486360855
 240000034     0.925173379563450     0.557710100473023     0.994062988965602
 240000035     0.759615305743461     0.347920168516492     0.363615876129324
 240000036     1.036660470259777     0.987256192053417     0.421005550055353
 240000037     0.093192764084064    -0.109804894781303     0.267186654362039
 240000038     0.959812027946675     0.427116304674117     0.844019524410054
 240000039     1.001036771430206     0.457974853244917     1.138195557633455
 240000040     0.329574633391143     0.362932790970201     0.571912651365425
 240000041     0.094810028683561     0.087597806863641     0.656581778166744
 240000042     0.920095144671089    -0.047516466458265     0.696445153365169
 240000043     0.586595673941029    -0.115503391568118     0.582261483620233
 240000044     0.210914217994543     0.783563140625517    -0.194541785818463
 240000045     0.110621866712503     0.720951238732445     1.152858718765127
 240000046     0.384710694712694     0.206982998801595     0.768507857228220
 240000047     0.662763202784387     0.544754769645288     0.461678299671406
 240000048     0.617939001429597     0.693344039697035     0.944919972588831
 240000049     0.964118229552144     0.776050448705498     0.345930515876345
 240000050     0.768909049157214    -0.120801319684736     0.680565390286034
 240000051     0.961894946802748     0.332300444891451     0.429598273054661
 240000052     0.813365769328170     1.058967863175895     0.306679020877099
 240000053     0.011390987577556     0.541033668722261    -0.022265720883556
 240000054     0.230630987635041     0.465364750725331     0.997386031039853
 240000055     0.376887445701358     0.162252952609499     1.118845170725390
 240000056     0.046257245922790    -0.101023515518118     0.234237981048021
 240000057     0.479470517465299     0.944010979642018     1.202265194010458
 240000058     0.389096730906977     0.107392863511662     0.492148919070663
 240000059     0.977960769207603     0.454632167892403     1.052192693519763
 240000060     0.552702754741700     0.136972891040754     0.872589201341154
 240000061     0.726861386200391     0.504397878707721    -0.016315029836777
 240000062     0.055280832146464     0.546983908636821     1.252319731166041
 240000063     0.305090213759944     0.036657028925409     1.004166333687959
 240000064     0.855998774706645     0.662992484623077     0.156471177036816
 240000065     0.545852490030038     0.675747740466598     0.997566222499339
 240000066     0.134806172761570     0.684955487228620     0.774747320177640
 240000067     0.856596420292201    -0.064090161342291    -0.211552948793959
 240000068     0.385689268851408     0.035575982170164     0.565421156125700
 240000069     0.364355752690148     0.617183073030203     0.423856335491600
 240000070     0.373649210007105     0.037514132619648     0.775932147385938
 240000071     0.169114204478176     0.641339766458047     0.792693897663322
 240000072     0.367516058712588     0.805287130252931     0.334528494191639
 240000073     0.766065107072965     0.186948537126859    -0.209545881513636
 240000074     0.857668844115489     0.996533172425351     0.499613373397423
 240000075     0.843057099597251     0.284560092019753     0.349336679713389
 240000076     0.381551396808597     1.044110499369540     1.019233038847298
 240000077     0.527083655348008     0.539994105561255     0.548962613441291
 240000078     0.939659221139024    -0.006448607926887    -0.089258918242343
 240000079     0.752956117101069     0.278841178059069     0.972255907886140
 240000080     0.762165918224335     0.148009409842246     1.214729290241256
 240000081     0.988654520956894    -0.036810276341890     0.972399333895582
 240000082     0.731985655717282     0.996665329295142     0.677604643121946
 240000083     0.732349917212826     0.294415481045406     1.072450105376908
 240000084     0.656272298476275     0.440240341998748     0.450941430724992
 240000085    -0.006962693871883    -0.198393786823465    -0.038041514493184
 240000086     0.539739183442609     0.698338081629047     0.955692772222609
 240000087     0.488221398018635     0.058344454353184     0.980862066367231
 240000088     0.645765865518495     0.661115978612224     0.919593310483720
 240000089     0.034965691286926    -0.083715027868388     0.240176616669074
 240000090     0.730176536203609     0.031508320354363     0.467095769901006
 240000091     0.627144629923511     0.634348012303776     0.431986865711772
 240000092     0.536577796476500     0.172145591903810     0.978330968221086
 240000093     0.605497832181795     1.168964919957613     0.283177005213196
 240000094     0.142052670408418     0.646330983215225     0.795984937052503
 240000095     0.188310967381783     1.034948884458675     0.971339437561222
 240000096    -0.005840148503564     0.662728181415106     0.499730250959401
 240000097     0.566295078255519     0.699900269297773     0.903838006396188
 240000098     0.682235640940884     0.224936914268304     0.457982566143941
 240000099     0.936109535277645     0.082732325646419     0.737248044284547
 240000100     0.658778957904235     0.367650661947261     0.433399706570743
 240000101     0.435340152829775     0.912076865716651     0.819025651957562
 240000102     0.710500735740889     0.927106176415856     0.478267180253914
 240000103     1.013305568955148     0.194667736309443     1.090287769235303
 240000104     0.143592477704042     0.624893626267696     0.794285316260768
 240000105     0.643900131263596     0.383116138859229     0.599342147500154
 240000106     0.702766393441762     0.965695089555512     0.851787162113616
 240000107     1.040326501048818     0.738033158329264     0.876671684388308
 240000108     0.294010727574820     0.099442275361972     0.934648494689900
 240000109     0.814500598782744     1.171711228160392     0.327656659432896
 240000110     0.515467671071455     0.013488916516398     0.655039513313286
 240000111     0.985459928974766     1.013820634153923     0.804154683940928
 240000112     0.258611154093740     0.388590922897832     0.064645790382039
 240000113     0.132944239952355     0.655945508913010     0.816461333710872
 240000114     0.408285321354057     0.065709870496775     0.754441526905736
 240000115     0.738861719251259     0.985858990161818    -0.186514105470016
 240000116     0.149178751625753     0.034075456408879     0.738144305467063
 240000117     0.141997523712929     0.630213237250069     0.787114318157076
 240000118     0.557916832322238     0.659090109819665     0.549128399843072
 240000119     0.556847732469435     0.715589092270759     0.980776385158249
 240000120     0.907767412388611     0.136675796998540    -0.200703159332204
 240000121     0.947483451964912     1.010736840412554     0.813489940857593
 240000122     0.263513520366658     0.178638068722944    -0.056115340706807
 240000123     0.099165826418185     0.390871568423177     1.073979847015029
 240000124     0.839736023774066     0.374511394504310     0.405408402789799
 240000125     0.883172776880113     0.501641542983348     1.016855578603045
 240000126     0.708776027438897     0.295445053397006     0.499832220555969
 240000127     0.864813016846664     0.957766997189486     0.320974092242921
 240000128     0.827173266514869     0.994988428394673     0.489186408565808
 240000129     0.471270706808832     0.875401093071443     0.349086994661032
 240000130     0.410809187609775     0.650440479400053     0.530103704719084
 240000131     0.037175332653188     0.173912708798361     1.169264230482840
 240000132     0.531269827441424     0.744278680834408     0.646640660170929
 240000133     0.804491602131696     1.072712876043024     0.245399537237042
 240000134     0.409590735224448     1.150222720727115     0.456752135307187
 240000135    -0.004043304298612     0.237476624331227    -0.108479809690360
 240000136     0.559060274119385     0.691793019044240     0.933659132431429
 240000137     0.679923959957475     1.021853237387273    -0.229280744492953
 240000138     0.927008049057053     0.790948479403510     0.228218619935163
 240000139     0.063430663752382     0.818315588148703     0.288352861588857
 240000140     0.324820937659185     1.171367860486732     0.588078408522272
 240000141     0.693402510043410     0.672187029834397     0.502676230102243
 240000142     1.062855608488307     1.073797582876752     0.433570227399729
 240000143     0.323110091779055    -0.068792491949682     0.721123646409942
 240000144     0.374429924363302     0.208957107493230     0.054191297312382
 240000145    -0.063151718060491     0.638749358451034    -0.010675263619387
 240000146     0.238593676000563     0.095162357025967    -0.060794835356333
 240000147     0.623056870211853     0.189029983870251     0.095308920556691
 240000148     0.952980452161965     0.360791863666216     0.726030591041454
 240000149     0.216805264565646     0.905617424798249     0.999105897582571
 240000150     0.075124698257992    -0.110487387749199     0.237081028912801
 240000151    -0.016441284335102     0.516218817385858     0.104485311787329
 240000152     0.957261936972720     0.547527605929771     0.994235658407135
 240000153     0.574860194127017     0.808283961690948    -0.174147102825334
 240000154     0.939567694690221     1.199646704723124     0.254921005710266
 240000155     0.688175366291007     0.470341149030178     0.853718946976054
 240000156     0.827950669781134     0.672120025550274     0.159823339576674
 240000157     0.705580441585724     0.662985288708045     0.621218288414563
 240000158     0.259534542894738    -0.065215524965755     0.725893727308507
 240000159     0.477641395126565     0.069388037401929     1.073845481685214
 240000160     0.072858919506214    -0.067696131365772     0.270810002572472
 240000161     0.861146523714419     0.510836777555146     0.788762041496342
 240000162     0.925152447185534     0.394312086679496     0.942129598216404
 240000163     0.555373817350455     0.107120608456321     1.107276658877207
 240000164     0.453225755421870     0.384057543105303     0.142658706903545
 240000165     0.888823079906999     0.537947059089664     0.591864391063183
 240000166     0.908735282665407     1.117372855279906     0.009039478290073
 240000167     0.594121057686549     0.286868228128691     0.544344416293164
 240000168     0.302058423788229     0.897502211405591     1.058081576827997
 240000169     0.382399933800796     0.181500050099366     0.023235289386653
 240000170     0.804098721077451     0.039990164990704     0.694056864228530
 240000171     0.191319207940541    -0.084332899228285     0.089635238221402
 240000172     0.745594781544909     0.924714920776381     1.145744678759719
 240000173     0.880118858376653     0.740269589459585     0.280311340539315
 240000174     0.192358315088815     0.013276485440104     0.519218691160429
 240000175     0.352657327928688     1.023087253116235     0.247113404522942
 240000176     0.581988817166231     0.720490331325464     0.910803697327378
 240000177     0.968264506242397     0.492121953498622     1.048430743578346
 240000178     0.420042117695540     0.219582498616177     0.397599951548340
 240000179     0.085598026137726    -0.115510110486031     0.236268370355313
 240000180     0.483105222750482     1.007219806595254     0.678162298818565
 240000181     0.370555428358640     0.062298221855283     1.079670134836753
 240000182     0.864086624394382     1.179455828160731     0.042572903768955
 240000183     0.600060417601179     0.690545967747609     0.924656023675702
 240000184     0.446609079800905     1.154299045102799     0.248484107341461
 240000185     0.060401781395520     0.793833411737867     0.701758530896753
 240000186     0.693361161698436     0.412352141958312     0.384783744589092
 240000187     0.041916533209437    -0.087812797786320     0.276489127734748
 240000188     0.546507537905825     0.246555208318215     1.108718197283574
 240000189     0.510333842802537     0.438209395232437     1.107049800946340
 240000190     0.450212806790507     0.291066436581189     0.745291379940693
 240000191     0.130832851393605     0.792531998881553     1.274337042337545
 240000192     1.033349898966745     0.762840546841619     1.087907606654464
 240000193     0.991097587012288     0.582967777972401     1.040972674844933
 240000194     0.089337917756035    -0.098157716238528     0.233836883807576
 240000195     0.530282904517211     0.342241289090963     0.917438744244348
 240000196     1.081243509345608     0.313332560384361     0.515821551472553
 240000197     0.906381998531457     0.674680493397941     1.258686823042950
 240000198     0.960225456936984     0.289902521784247     0.318054426700519
 240000199     0.846206735585609    -0.047958481556908     0.067405550272658
 240000200     0.601829985452623     0.665323142229422     0.952575923344689
 240000201     0.826350187016247    -0.057014835552401    -0.237237686984001
 240000202     0.987658089287669     0.349286765894835    -0.245693861569996
 240000203     0.247513504656497     0.732131566004296     0.013243090532402
 240000204     0.464469174803235     0.929184957257091     0.373341012750468
 240000205     0.694497362838642     0.957100900504246     1.070827413332570
 240000206     0.261645459855645    -0.056390948113449     0.836050096618056
 240000207     0.973397196486115     0.517506427505152     1.039481522738149
 240000208     0.629648912189409     0.581708373162729     1.021147585737275
 240000209     0.325540381730122     0.063808858292579    -0.072011620115371
 240000210     0.181374533541484     0.166815895485893     0.945847970920115
 240000211     0.034088422609749     0.071774905594445     1.077145769383531
 240000212     0.258529875294546    -0.073936045912214     0.696932032768845
 240000213     0.787689456862277     0.659241313899280     0.825267629133549
 240000214     0.763512085358207     0.265973971450386    -0.064327966457023
 240000215     0.626478925662877     0.083829958523713     0.711708842658263
 240000216     0.243861745811970     0.040958073754587    -0.052864397044217
 240000217     0.443870055759333     0.082016388064169     0.958830218947777
 240000218     0.696038966597727     1.118547057769349     0.540388366013169
 240000219     0.787337444768201     0.318407774736882     0.448368651239467
 240000220     0.912143871258169     1.172446835031842    -0.227532635808520
 240000221     0.157662146940662     0.653829102957313     0.773337199556517
 240000222     0.404095134107769     0.928250718816273     0.315213592795587
 240000223     0.740829885649795     0.350199138034304     0.469263329755710
 240000224     0.773134275014129    -0.101660216564787     0.946971696271715
 240000225     0.892251320776411     0.996098161685196     0.092935931258325
 240000226     0.089955407474275    -0.095675078381362     0.234216969619843
 240000227     1.023895568875701     0.117153400738620     0.602823863983489
 240000228     0.644972149888936     0.302103839558473     1.050930335818215
 240000229     0.444741281400549    -0.041854914931633     1.173471068583143
 240000230     0.303327033848790    -0.032645418211793     0.251405567993425
 240000231     0.282894380080445     0.028049208758006    -0.018099456953570
 240000232     0.881170564122892    -0.038336589894061     0.479763890293994
 240000233     0.561629101535379     0.739996983701906     0.941638676691206
 240000234     0.921588868623191     0.488053527385906     1.064465750072491
 240000235     0.558071765229558     0.912421991192816     1.114781566042611
 240000236     0.085334885093752    -0.107753564871279     0.265037526423643
 240000237     0.862252749434249     0.055693526829187     1.073950206198292
 240000238     0.047463919673556     0.085371567988344     1.020394276789796
 240000239     0.396049173004253     0.674907407028388     0.496573680696553
 240000240     0.696901241226716     0.332771463082625     1.044593944491053
 240000241     0.801624314802208     0.235774275241959     0.963070348687651
 240000242     0.464315010402451     0.879475729774364     0.539231145380629
 240000243     1.058034667424780     0.675756333917312    -0.212789817126986
 240000244     0.744464452838334     0.304865608618853     0.283521566506921
 240000245     0.767794984179204    -0.153771298344106     0.549527273992337
 240000246    -0.018910471879318     0.083038660136551     0.771966039913957
 240000247     0.674125826121853    -0.002760050860691    -0.252548900437249
 240000248     0.520142293352640     0.868804241128088     0.407057578255907
 240000249     0.560491551793609    -0.057869284897899     0.630169963566065
 240000250     0.070696803805537    -0.075485522925140     0.246403893667140
 240000251     0.279058343261197     0.923479757571287     0.392455498289412
 240000252     0.766917899046529     0.514832015284131     1.086555827521211
 240000253     0.177288157591097     0.655799390523718     0.805080759779082
 240000254     0.100669879353629     0.141406303949348     0.005160015530306
 240000255     0.764556417967970     0.413019666185683    -0.286446984293431
 240000256     0.617040997361468     0.679002381730208     0.890359249986268
 240000257     0.555034895257734     0.908201815358991     0.395255828334423
 240000258     0.351402460927278     0.590060198539842     0.321724025856024
 240000259     0.340811216245321     0.134016664794804     0.304755482122087
 240000260     0.265171608126461     1.032058639267055    -0.180539146842130
 240000261     0.567948646571892     0.651698607834115     0.948451667900278
 240000262     0.487085831853813     0.598019758915828     0.728541455999387
 240000263     0.211783358575883     0.360294817004970     0.922282503599008
 240000264     0.504953691228931     0.698511334498473     0.980317412574441
 240000265     1.035523093795186     0.855922592642354    -0.285723564758652
 240000266     0.955789447700883     0.850378581803278     0.635387666955055
 240000267     0.796283722353012     0.237655797325334     0.411206975817440
 240000268     0.207345847927727     0.810209278966051    -0.220695198632835
 240000269     0.644383792707977     0.330903606428751     0.871233062610482
 240000270     0.627537125823709     0.342170236137853     0.326543596825542
 240000271     0.618914936659397     0.181684398581546     0.549517328100177
 240000272     0.587543712070660     0.588647123238127     0.183649167336490
 240000273     0.727383113603451     0.811524121800901     0.705057476808496
 240000274     0.584892229649621     0.773698665491736    -0.151435484097151
 240000275     0.575815870932196     0.470265226356212     0.079536345183984
 240000276     0.143790489719260     0.239589673251356     0.370970349786552
 240000277     0.528444407442348     0.584163881991579     0.201293941708893
 240000278     0.511818851376908     0.048177732646562     0.508343235673145
 240000279     0.978380025808229     0.533251082103481     1.022419555943876
 240000280     0.969907842683172     0.477627085408938     1.015056878302702
 240000281     0.386522573106567     1.000067718300394    -0.240211116267296
 240000282     1.080224017548427     0.634769228756548     0.050023764449617
 240000283     0.362663919140031     0.171069353280805     0.785783820700002
 240000284     0.301309173360480     0.329211133219769     0.014047123787432
 240000285     0.824953747758983     0.417669949426839     0.516263164901697
 240000286     0.286074175551999     0.104641653298215     0.887342825271608
 240000287     0.763824053669763     0.387447077088428     0.286225430147955
 240000288     0.950619995734660     0.909004284764561     0.677246711077335
 240000289     0.861767230628927     0.227583745534118     0.560934075772521
 240000290     0.794207911752160     0.093861986566586     1.137181591609322
 240000291     0.669023752473643     0.803048403888848     0.773737793963481
 240000292     0.727703614014811     0.324639368916408     0.411128163652132
 240000293     0.450103265151658     0.984542822975303     1.127653164638359
 240000294     0.893232051091009     0.845490819820464     0.254670645786404
 240000295     0.151433165556198     0.629768886197485     0.794620605320539
 240000296     0.120760303707690     1.043677027901784     1.124976210097124
 240000297     0.504164683734463     1.002023329049852     0.736723858112814
 240000298     0.140075763296921     0.072774746426421     0.975872948144636
 240000299     1.068005422684933     0.564655415615919     0.742061644198823
 240000300     0.490807671957512     0.897476058644167    -0.157748917369071
 240000301     0.174062029783509     1.096316480686494     0.416823832468207
 240000302     0.952537409862040     1.091324430773615     0.170409302784863
 240000303     0.610196249967464     0.224463246530189     0.934489362675018
 240000304     0.979549310948373     0.237870597082214     0.472070136232813
 240000305     0.139080248263611     0.632323782912113     0.760261539420378
 240000306     0.109187907389151     0.670678931049054     0.800040640731130
 240000307     0.780814505238746     0.792615099794498    -0.065381375907488
 240000308     0.659183020090189     0.261373122738049     0.663240800766671
 240000309     0.395402019900445     0.203967426836023     1.078234467448546
 240000310    -0.090921087107480     0.983014074220267     0.580168331072400
 240000311     0.423252400957619     0.061245461449111    -0.026089002935687
 240000312     0.268232470378764     0.073547714062809     1.072789819431786
 240000313     0.800198514236659     0.814652216717034     1.153869853853375
 240000314     0.765657134467407     0.416542027308138     0.852059302768133
 240000315     0.410539147948534     0.811603310483774     0.232813202725612
 240000316     0.946735239915271     0.451176686557012     0.918619075966254
 240000317     0.994227332169323     0.479325079174669     0.882166869975262
 240000318     0.571820112217375     0.694321156210952     0.930544980475159
 240000319     0.212883584405950     0.016035049937360     1.091651944554594
 240000320     1.008825939867566     0.952706769066060     0.578327665723607
 240000321     0.412992363525086     0.043281252822460     0.567558511203493
 240000322     0.417361539368247     0.068348874565824     1.135147595567187
 240000323     1.025396496337781     0.821542497859299     0.254683713306216
 240000324     0.157362004875765     0.644246876740743     0.772611938726328
 240000325     0.588987995807482     0.723386416052662     0.951903614685173
 240000326     0.814276580100437     0.833990521589229     0.680616359686108
 240000327     0.416696482970207     0.052595999497660     1.165080640363193
 240000328     0.762237615830779     0.348225624054192     0.383595344363455
 240000329     0.484918940749702     0.242855055763593     0.847608814367887
 240000330     0.602047712395269     0.171207265357484     1.151061149245831
 240000331     0.517673321910061    -0.070515767027660     0.413167150887194
 240000332     0.603232706937065     1.046948437853487     0.956231384702122
 240000333     0.879073879135094     0.291610605119698     0.460883116678846
 240000334     0.782640446572771     0.359314553282024     1.232294482999680
 240000335     0.501152662055492     0.340540186245505     0.930189034975073
 240000336     0.964043843675919     0.466260930417980     1.019963880457750
 240000337     1.019230527726055     0.529678678266709     1.004942429304059
 240000338     0.173646718118894     0.626548510626586     0.790598063037613
 240000339     0.458053889256645     0.303262397513072     0.313283191201535
 240000340     0.648631064115679     0.272512663614121     0.944253182317407
 240000341     0.376957126979586     0.915915202820562     0.584011425605731
 240000342     0.657525500394097     0.973578769400973     1.111641180437616
 240000343     0.777244399790157     1.193291729734698     0.159771529856654
 240000344     0.728218871158102    -0.046672138083781     0.921763270216394
 240000345     0.402162955803892    -0.191110833471731     0.491861268275313
 240000346     0.381121364426468    -0.120050002791800     0.882362736569698
 240000347     0.416089678605724    -0.113827533893366     0.197408669404077
 240000348     0.287127979114166     0.357052066065266     0.657830938348629
 240000349     0.579408139887950     0.519916725853346     0.627670498328540
 240000350     0.060244856037560    -0.128960649474137     0.241388085171495
 240000351     0.780910386032968     0.934207707750347     1.083602324904947
 240000352    -0.015717185907925     0.301555354658910     0.681970203256781
 240000353     0.496807619710704     0.566088655230137     0.532043493460081
 240000354     0.052656035457207    -0.078416290627758     0.208107355042567
 240000355     0.952638118428143     0.535629081982086     1.063968052410339
 240000356     0.148906190537390     0.981628236780693     0.290517273312156
 240000357     0.414877774477191    -0.117373504801058     0.339187043787019
 240000358     0.774063563488629     0.926962565457527     0.151143013888548
 240000359     0.473308617373568     0.489516160534752     0.586336030290998
 240000360     0.284549762280158     0.253296618826628     0.278439075926458
 240000361     0.522571086210763     0.311995114885454     0.408489244883608
 240000362     0.256194668735713     0.729045049511647     1.065204695201778
 240000363     1.092635247465166     0.189500653601518     0.327108466246895
 240000364     0.549987777674357     0.715704183106703     0.836048507725444
 240000365     0.177515053736733     1.018689544378010    -0.237049211364329
 240000366     0.257449903775837     0.134407730398407     0.912891721277006
 240000367     0.360787491361415     0.868676513844849    -0.141645386985726
 240000368     0.627781733509363     0.879113712056034     0.690823615390067
 240000369     0.368242495205011     0.268779101624442     0.282774109559882
 240000370     0.682206839906676     0.327979105121058     0.433680268621395
 240000371     0.673355846165589     0.322050927908665     0.831372169572798
 240000372     0.351006373770530     0.730507751396380     0.341113468500575
 240000373     0.539582611752677     0.725208726900320     0.947275105791417
 240000374     0.089797007235088    -0.081904202316207     0.236107216178872
 240000375     0.293362821224432     0.940678837494929     1.293625392556941
 240000376     0.469889344887235     0.089519044900986    -0.209746170745644
 240000377     0.423704878704413     0.050126567828492     1.148165136019235
 240000378     0.904512410799700     0.105537887404856     0.205067360900219
 240000379     0.574471365740855     0.700779923227014     0.922943897547868
 240000380     0.472179108894653     0.172368048656733    -0.135148204191998
 240000381     0.572298855930296     0.278679334074670     1.199987735003374
 240000382     0.385891302807253    -0.064769342755372    -0.054000940536420
 240000383     0.374686783732528     0.084993942233011     0.618186293862255
 240000384     0.242783465039646    -0.111077672335713     0.839974771683958
 240000385     0.377056803801935    -0.090898307790590     0.524340461140135
 240000386     0.660635363661956     0.019501953148651     0.825314340482789
 240000387     0.135444547031251     0.656240909980475     0.785551425490625
 240000388     0.869618595689072     0.084054717492947     0.270639253268334
 240000389     0.176738183843624     0.644164062701812     0.779339301601789
 240000390     1.015420193254191     0.665715623307246     1.059415052666348
 240000391     0.091173600624961     0.048162458832665     0.589558374585554
 240000392     0.941012587046111     0.547522055803583     1.033819856104192
 240000393     0.557843494035100     0.734631062653846     0.981936627276883
 240000394     0.716430197065112     0.274080473271885     0.892131898949557
 240000395     0.560143252177275     0.705906206374790     0.539172816294309
 240000396     0.408403457334281     0.446067343638477     0.294851099789408
 240000397     0.746756178722298     0.474467625743929     0.375228160041594
 240000398     0.802089546996180    -0.013621423707514     0.662927023778750
 240000399     0.984100040651725     0.486584153501862     1.064022983876981
 240000400     0.597918653927118     0.270603866860445     0.826748046534950
 240000401     0.435487837196293     0.207987543222089     0.797817180402598
 240000402     0.335322745287972     0.782738320383642     1.198407103092964
 240000403     0.713408658408173     0.173541243589864     0.124331837363871
 240000404     0.353539757880941     0.054818304058308     0.998471611847595
 240000405     0.344388631912824     0.209394409770751     1.120028414535014
 240000406     0.310825646844520     0.112266046536775     1.006816521302081
 240000407     0.504618728561028     0.776207747246008     0.494512301420588
 240000408     0.390268172200672     0.331903700614020     1.222606169178345
 240000409     0.546918668202038     0.923523068164760     1.043168525154670
 240000410     0.987757543442688    -0.133389257065266     1.155961568851462
 240000411     0.645907125234910     0.316696117005290     0.718596966301181
 240000412     0.666957013182529     0.388575144458964     0.331427033953123
 240000413     0.534058851068326     0.443815202363791     0.334803491142576
 240000414     0.798424322831062     0.565868964934610     0.658062413646229
 240000415     0.332589503776425     0.164463774633140     0.050298477844312
 240000416     0.301998944459218     0.078692039496146     0.892812655379782
 240000417     0.914474078929119     0.476971770092461     1.039648823292491
 240000418     1.041997728557286     0.534608762195678     0.981402861888905
 240000419     0.925446472716520     0.474712564554456     0.322699812736743
 240000420     0.005335671237132     0.677568232563457     0.124932635230093
 240000421     0.184667453830242     0.051386798785607     0.733168463575029
 240000422     0.575871618814782     0.651802042151265     0.976567853912123
 240000423     0.797938368865121    -0.009136632621656     0.767892486400154
 240000424     0.809266392035971     0.091859466149591    -0.098726852617865
 240000425     1.032014444262325     1.123662962214242     0.967792557519362
 240000426     0.507271292851615     0.289209011784726    -0.128938359819234
 240000427     0.707186960006251     0.638091313116965     0.351267106211010
 240000428     0.303293188389973     0.015245981624970     1.104001457071433
 240000429     0.507586175875999     0.043404649062789     1.034974081958545
 240000430     1.084017337764711     0.405407692929844     0.776249979009482
 240000431     0.714155856402930     1.109351743616610    -0.048603611714902
 240000432     0.574442247645581     0.211441636306860     0.958948413138275
 240000433     0.375441828014914     0.765036004524458    -0.167708580795286
 240000434     0.959536699172534     0.431499577820267     1.012052292243851
 240000435     0.460910806979745     1.154392967162324     0.532320915134471
 240000436     0.910764707659599     0.581981548603775     1.000741212425591
 240000437     0.902721197410252     1.154066455974140     1.003116596448945
 240000438     0.652596188291871     0.124110624627210     0.244842508289593
 240000439     0.646843876141123     0.307315929694861     0.766430277274612
 240000440     0.733104795600996     0.820978002147069     0.631592146577063
 240000441     0.800993834731569     0.291336301770544     0.279502930576479
 240000442     0.891175030980799     1.068133537826652     0.368780453283993
 240000443     0.594199948884935     0.108126317746757     0.883791766926967
 240000444     0.095114157867313     0.103394141447760     0.435684618405146
 240000445     0.965526469201696     0.563979430970398     1.045914402046324
 240000446     0.142602772560754     0.663849950464379     0.775905570120135
 240000447     0.263186663899441    -0.198861158269413     0.619654432044842
 240000448    -0.082386875279446     0.521406500032486     0.191189854116316
 240000449    -0.023712915995231     0.368270695357091     1.038085051985662
 240000450     0.286911296908887     0.921306222574081     0.495819088809760
 240000451     0.305756023818355     0.070592209737304     1.045366705286321
 240000452     0.980920514250326     0.938297944515349     0.089535915059200
 240000453     0.860218915790065     0.227749921721565     0.895938341057086
 240000454     0.385245662084775     0.231334211291486     1.016949590068135
 240000455     1.025680456424681     0.367268968675330     0.448232651574439
 240000456     0.499800269926022    -0.051872409250406     0.972986738257096
 240000457     0.612883000414632     0.733251590342639     0.966995830497654
 240000458     0.530284371832894     1.190576257145052    -0.090210834278835
 240000459     0.384706835082523    -0.050885442662744     0.758077385515319
 240000460     0.431117175706602     0.053402056934053     1.057052179381330
 240000461     0.648557611447498     1.098587278866703     0.931952425589007
 240000462     0.144562249856210     0.654995668975894     0.760527386354386
 240000463     1.074406703202147     0.661608280166912     1.209131910358675
 240000464     0.609940396450940     0.861201255716073    -0.047577528670434
 240000465     0.174782642790405     0.678125737603737     0.832732894139983
 240000466     0.894471964475283     1.098943020855919     0.481989097922899
 240000467     1.009202660251953     0.943614421218735     0.762107711467293
 240000468     0.438769410807665    -0.184725992987979     0.021550249064783
 240000469    -0.081237922813275     0.417721932147552     0.687612867813745
 240000470    -0.011121851742537     0.561308052384714     0.442902687065934
 240000471     1.004891460133432     0.725619733615682     0.401890378967557
 240000472     0.307180836703564     0.003293871879842     0.796955050691397
 240000473     0.939651082522993     0.210372140898579     0.940248198965643
 240000474     0.443866643893805    -0.142431866860112     1.108078714361448
 240000475     0.924809536706228     1.067904771948562     0.779874887696338
 240000476     0.935129332353016     0.517608119406195     0.965769492191063
 240000477     0.609777190422336     0.743874011637335     0.931844596163742
 240000478     0.990766479102136     0.501067468673700     0.998194578862325
 240000479     0.948268321450554     0.224690600617857     0.129517643591039
 240000480     0.587545678024789     0.910077188697402     0.211094096863504
 240000481     0.968506636445289    -0.096145278739818     0.409960991930331
 240000482     0.048353997675475     1.150608229077812     0.030717857427915
 240000483     0.725901163443160     0.226141551628479     0.685570696852262
 240000484    -0.026363130591940     0.306199245289463    -0.260550148841756
 240000485     0.380816352687626     0.146993047808022     0.942610051089679
 240000486     0.515663643036294     0.951185689408787     0.102212809054984
 240000487     0.246412573197460     0.987826042307326     0.804297948758105
 240000488    -0.088106275327393     1.136559953221924     1.292804174219117
 240000489     0.090784033942311     0.732228297837518     0.960868980541600
 240000490     0.446975898457650     0.847701175462294     1.124143062353582
 240000491     0.167182982158409     0.342230757617601     1.214882162604708
 240000492     0.479696571905168     1.005009445864584     0.163595155410877
 240000493     0.786386621415280    -0.099714703229445     1.053651509929600
 240000494     0.480844811010602     1.138787692057214     0.346357109112363
 240000495     0.714280867740987     0.435117015345092     0.343558594528694
 240000496     0.292453888191855    -0.197865712639782     0.860191272235781
 240000497     0.471154614177939     0.426488679631769    -0.167163559106797
 240000498     0.557817245039843    -0.029130058980697     1.113607158823142
 240000499     0.541506931616042     0.204053211852205     0.704041064080599
 240000500     0.275440218021788     0.935097934493135     0.673258491067493
 240000501     0.263379960643650     0.046156596363383     0.492537989048319
 240000502     0.312319460706744     0.160944764481630    -0.161105813491243
 240000503     0.068172789234281    -0.095108798834290     0.272075850772745
 240000504     1.020521598816388     1.073530756306242     0.797584207211165
 240000505     1.041674884688400     0.027096334867063     0.733259740601548
 240000506     0.305066979539733     0.230889607378572     0.765886481963630
 240000507     0.560528883630537     0.717518935553336     0.977304804953467
 240000508     0.945212329609458     0.484827697492405     1.104247810339975
 240000509     0.991175326200943     0.775574298370943     0.718690443377012
 240000510     0.184156545614776     0.671967216786578     0.880530361331183
 240000511     0.512817446218262     0.862531902899438     0.864824052553651
 240000512     0.955548292518236     1.104914411222310     0.357864791588683
 240000513     0.897450760540444     1.066387737089570     0.368934754776812
 240000514     0.827610610496297     0.273988250886375     1.000324765977318
 240000515     0.914402707723257     1.087370256985543     0.097308222374451
 240000516     0.206729768315371    -0.020757706653195     0.460034825538790
 240000517     0.234418160402918    -0.137479828981305     1.138329745034980
 240000518     0.142308420161310     0.640092430262194     0.817008636119646
 240000519     0.738249102646662     0.591299540671623     0.125744790405116
 240000520     0.335703984780920     0.209760191553438     0.767770612138890
 240000521     0.182973523024497     0.965252143939924     0.928515754494692
 240000522     0.544179264868411     0.538341880914926     1.096689499841918
 240000523     0.085643253358838    -0.072791491202529     0.231077368120319
 240000524     0.346762068844389    -0.153301417102161     0.362485446752893
 240000525     0.619128671063519     0.144214013513291     1.135658106263840
 240000526     0.155601185670227     0.868048732699324    -0.224778182341500
 240000527     0.819622711874392     0.097715258106794     0.775509794125089
 240000528     0.157400071365421     0.672973068676682     0.811315056370641
 240000529     0.846738590724347     0.869619844497027     0.769223842401670
 240000530     0.952012575001288     0.516566339674965     1.044068694154235
 240000531     0.352183013199038     0.208948478997597     1.105368932937931
 240000532     0.937750472601551     0.836018688720181     0.833596972335789
 240000533     0.699707125227496     0.171739552051145     0.568139461423847
 240000534     0.417318925702368     0.004775525320892     0.861439343892963
 240000535     0.531333819978969     0.985080665448777    -0.155075556517888
 240000536     0.470691008465691     0.720072073352094     0.593607132338774
 240000537     0.718873192172518     0.866629001461745     0.919534836122592
 240000538     1.083817819863327     0.245164691659393     0.668819927103307
 240000539     0.817400400830711     0.289547926907531     0.317784189588531
 240000540     0.522044095666146     0.250639191295959     0.867744744638130
 240000541     0.382933303161727     0.392572386021185    -0.262438551773630
 240000542     0.623327587756532    -0.031820129194428     1.214646850652408
 240000543     0.471251981818309     1.053553204836053     0.449712400243026
 240000544     0.828696444576212     0.715153363418452    -0.123767703007082
 240000545     0.031442903687438     0.523257368346396    -0.132282256593725
 240000546    -0.076849774753847     0.766720509001271     0.893316453432316
 240000547     0.562304349438305     0.668617663065603     0.980180585030383
 240000548     0.316026330777042     0.069145021166257     1.049152599790191
 240000549     0.963672072522881     0.165121921064164     0.858632087013151
 240000550     0.525161097311197     0.062428737863884     0.503529538098734
 240000551     0.178958689509495    -0.012804660231268     1.056528552325523
 240000552     0.196478949181869     0.156731774847711     0.786842735276325
 240000553     0.265302143683144     1.008114915156994     0.364757169085308
 240000554     0.771871772839789     0.033693161098608     1.266842382414474
 240000555     0.080919369242261     0.135391080301722    -0.073795381917149
 240000556     0.351652722154635     0.040566544281264     0.562563826107581
 240000557     0.339835927499751     0.038169633762067     0.681823246363758
 240000558     0.396535080648213     0.666385428033466     0.597029486447827
 240000559     0.302405854274787     0.102668304620647     1.158661678353587
 240000560     0.156106863056582    -0.186382617784589     0.164083288485649
 240000561     0.580780299199992     0.690083811159812     0.930316888028719
 240000562     0.363320696546667    -0.093417670637841     0.446686757783676
 240000563    -0.080459611757292     0.811589639241903    -0.215871068874892
 240000564     0.558544328296913     0.082609897480956     0.689201855026148
 240000565     0.724933013658537     0.763424248734065     1.058127948734845
 240000566     0.439469932616603     0.689531083258333     0.819704323514798
 240000567     0.256402468191106     0.141060541924990     0.855189390602566
 240000568     0.061654879465301     0.684872576931017     0.606120360838077
 240000569     0.333807890973331     0.146078504967889    -0.036967574099122
 240000570     0.585120961090662     0.735327330209647     0.688685662298301
 240000571     0.401840975133360    -0.180933333692844     0.859765677374053
 240000572     0.553838013954899     0.504947025320689     0.593081697869786
 240000573     0.285586296524079     0.476539268850986     0.188522341905233
 240000574     0.861701819406318     0.347209024130860     0.274240813217190
 240000575     0.725178569991911    -0.050640531923581     1.048039351282243
 240000576     0.001321911609982     0.074995108918417     0.181015464721443
 240000577     0.024218387836236     0.076185217043625     0.130702437198280
 240000578     0.501590697968634     0.683505083514058     0.226486008131155
 240000579     0.225133819695025     0.655463300766464    -0.024330813541972
 240000580     1.018346787959902     0.215201022249718    -0.071587933098028
 240000581     0.855733241551179     0.356813045530868     0.567984812831337
 240000582     0.435449458501461     0.227864638229101     0.917919885195422
 240000583     0.527652395885944     0.371661016831334     0.425872801619328
 240000584     0.455498229843853     0.174400687895524     0.594910131873911
 240000585     0.946417241723041     0.146306578113928     0.267853250974779
 240000586     0.789960268574254     1.137462333561070     0.112428001025368
 240000587     0.133737057395305     0.638562267490895     0.756495421748214
 240000588     0.096597223838566     0.169853494764113     0.643133302116660
 240000589     0.842147515892872     0.362357872815593    -0.244361173389040
 240000590     0.593276273919429     0.664516155886446     0.997347086688731
 240000591     0.815356327249048     0.606721423362800     0.110779894981274
 240000592     0.393705411542262     0.855959490357173     0.449665634962601
 240000593     0.172764387750782     0.433993399124463     0.995899581126971
 240000594     0.337040226212685    -0.143347613659908     0.978391000184835
 240000595     0.650038495316177    -0.170969102329968     0.223067133676803
 240000596     0.552321449603073     0.891242361603678     0.322430505064633
 240000597     0.894539563479020    -0.123669916221821     0.827203573021713
 240000598     0.075016611905528    -0.105134359703177     0.252942682019144
 240000599     0.677048587468990     0.954073470325642     0.466683606353216
 240000600     0.907185507872189     0.535911774492823     1.046074224128105
 240000601    -0.062781677702416     0.259863748737802     0.697115405577477
 240000602     1.092734572240094     0.018372766695122    -0.162174045609520
 240000603     0.593974660497847     0.723016183484959     0.983686156919935
 240000604    -0.094122600425031     0.159471621992610     1.170777144451749
 240000605     0.948488677975701    -0.090299383696992     0.562256924000486
 240000606     0.246525157250683     0.217772206397511     0.016042021172761
 240000607     0.843793404040204    -0.066775083586209     0.608078650488680
 240000608     0.925490906786802     0.559000540748242     1.052002084852087
 240000609     1.006824519385403     0.561949834091213     1.008038378423850
 240000610    -0.096441491105344    -0.154778642605752     0.520383448619025
 240000611     0.684084103221989     0.384135804875496     0.627697450900921
 240000612     0.210686582097198     0.181248944787478    -0.044257433585229
 240000613     0.065502409252254    -0.103634387759754     0.253120890938683
 240000614     0.692836040034218     0.118221332013167     1.279217787374004
 240000615     0.361046888820697     0.625851731754765     0.613902828133630
 240000616     0.158004719911793     0.644944717866172     0.844589734137292
 240000617     0.731877108034302     0.093859924235349     0.041624736426533
 240000618     0.565601322014330     0.721259091135880     0.926566093357732
 240000619     0.115220080417945     0.450943658517494     0.209212168993986
 240000620     0.634142468817035     0.506939258252841     0.902255429668661
 240000621     0.353919149472823     0.228517251105498     1.075930399567689
 240000622     0.470229748174065     0.725368671000100     0.490797585304985
 240000623     0.596762492424750     0.481135985368972     0.689007485851546
 240000624     0.397244235346170     0.130704495085444     1.043344570000180
 240000625     1.060610196034950     1.170428890911896     1.188874160377117
 240000626     0.697350065480495     0.285150130871055     0.244639299921926
 240000627     0.333612502208694    -0.138724786410961     0.976695655492178
 240000628     0.063075347172597     0.184282290074421     0.527000010866400
 240000629     0.077077496001429    -0.093428615560852     0.247215970607281
 240000630     0.985804182567582     0.121639739816907    -0.218450560170273
 240000631     0.335914805650197     0.036420860639507     0.750558818629589
 240000632     0.768696155384871     0.963623062446462     0.519483851551511
 240000633     0.012924604741816    -0.013130701001271     1.048596705244063
 240000634     0.894376753065388     0.976814518964682     0.419366752658804
 240000635     0.953338257457679     0.933664258739419     0.024903072275096
 240000636     0.601523132977435     0.466425474225457     0.506088513158967
 240000637     0.770763531694102     0.814001147925374     0.595483306527861
 240000638     0.146858022313249     0.597848903063970     1.019137442379805
 240000639     0.777373567140071     0.873680290831131     0.943501901196970
 240000640     0.833370616386602     1.058241112531757     0.254762305134252
 240000641     0.144462263446429     0.645035764923874     0.788121617155684
 240000642     0.571741873330414     0.565707399351136     0.580384464578131
 240000643     0.054645626036132    -0.107418708293036     0.248545956090474
 240000644     0.993832561551984     0.299864374944565     1.211317789553716
 240000645     0.467486385845672     0.726444475071566    -0.091106666215501
 240000646     0.137716453474591     0.671216843781285     0.785958257394030
 240000647     0.623167502311392     0.879120531311108     0.694454412964694
 240000648     0.531147108217804     0.579592194158907    -0.054094602669859
 240000649     0.373583732305357     0.197147278328292     1.037822001266473
 240000650     1.056542302030575     1.069031640557865     1.072253022399712
 240000651     0.929927647740932     0.564165502106866     1.089905647837382
 240000652     0.246468247324792     0.229064428024110     1.130488480676687
 240000653     0.329897906990491     0.253629430276365     1.068986073674706
 240000654     1.052162188015134     1.188387852923846    -0.299105060764787
 240000655     0.640132313290830     0.424994761760074     0.676371300724122
 240000656     0.287043972951104    -0.077882075971765     0.369867613725243
 240000657     0.535459079789925     0.158090094010781     1.223877610129952
 240000658     0.635400066913060     1.004124693725787     0.033740468458077
 240000659     0.162273107204887     0.672610653864659     0.798446413384346
 240000660     0.960326142808862     0.634235136318152     0.567305881177486
 240000661     1.076913666991498     0.739530730899020     0.160901575802248
 240000662     0.119496949638508     0.371011117844858     0.007949730713802
 240000663     0.975004558774061     0.513740624641991     1.026803394820530
 240000664     1.026527416520465     0.007167720567288    -0.017848630448328
 240000665     0.770070426926661     0.327470403267430     0.541150508066797
 240000666     1.004118798445624     0.534224560670630     1.071796075523316
 240000667     0.317170351598106     0.141767185932857     0.694033118506564
 240000668     0.448276213331113     0.391413493576023     0.698360520189758
 240000669     0.416455017631711     0.460527421447267     0.838511970349713
 240000670     0.354139461566437    -0.096544029233945     0.467549133535356
 240000671     0.826710571851014     0.354620916478991     0.633373707780458
 240000672     0.765750542729183     0.988026569284379     1.203694928991679
 240000673     0.883361159454553     0.486107862567006     1.261476696687937
 240000674     0.290695788994361    -0.051579921116521     0.616726402473974
 240000675     0.478704435003186     0.703736205777056     1.216033785094825
 240000676     0.548752996773452     0.714172302127548     0.957366392142962
 240000677     0.636467375911152     0.800883860515510     0.838127810624900
 240000678     0.421187625323389     0.555639952615672     0.580658277946061
 240000679     0.627409707734825     0.710922819869389     0.321220178491975
 240000680     0.839165313074539     0.168305761513290     1.080146866605290
 240000681     0.160184487681403     0.253103915668947     1.135702584636590
 240000682     0.840179365577227     0.639192056070900     0.099116660208740
 240000683     0.555957550313995     1.162819746855843     1.003061434725898
 240000684     0.610808845879658     0.720924771942097     0.944628831207524
 240000685     0.549751456438304     0.381640863856155     0.708860446758207
 240000686     0.374961086934498     0.220526946544227     1.009286474488698
 240000687     0.555241708221095     0.000182761057711     0.094655168190931
 240000688     0.572318155344149     0.710841580987619     0.922077851165662
 240000689     0.865662249497356    -0.154239099330242     1.245390718418379
 240000690     0.175279539865326     0.620747293780902     0.401169639867402
 240000691     0.378356025473717     0.268648951345452    -0.276382571937105
 240000692     0.102033200963073     0.790779483541980     0.987536681159954
 240000693     0.981840631082003     0.476442980875777     0.347151470427860
 240000694     0.600863620533268     0.527426790013052     1.285133455645868
 240000695     0.793024518068631     0.334003648633060     0.481867050035238
 240000696     0.111043546685272     0.500750359179550     0.871004956678831
 240000697     0.099956241070927     1.190109871648823     0.975946848087994
 240000698     0.642252104657812     0.648755541429502     1.048457588609654
 240000699     0.263301132857351     0.824107487978998     0.325483149653438
 240000700     0.454517160908176     0.761975016678506     0.544500252960974
 240000701     0.598343717403852     0.685963447798800     0.936713516386656
 240000702     0.153065652417220     0.831210311436732     0.292788317223113
 240000703     0.940969070098471     0.864781733344512     0.195444741519007
 240000704     0.684255772732727     0.379643126164519     1.073372296395461
 240000705     0.526147402094082     0.231163677822966     1.036943791467303
 240000706     0.732933817939088     0.046773938532203     0.746344842007694
 240000707     0.940479939440807     0.588583293665156     1.055679501004120
 240000708     0.736508504448325     0.193135053239458     0.555801382818625
 240000709     0.317017344559930     0.389448626933852     0.177854771160163
 240000710     0.590716104958356     0.687000420209098     0.955423314140413
 240000711     0.706993652110232    -0.097037966803800     1.214588158926017
 240000712     0.521907210307654     0.421202942757901     1.214902282118722
 240000713     0.123546986513331     0.859773749337961     0.566888437425933
 240000714     0.982884807695712     0.558235825540439     1.083365598637118
 240000715     0.915385292473281     0.072467698387373     0.843832728634006
 240000716     0.358214028338400     0.012029080910073     1.044229926886163
 240000717     0.389675843545875     1.130948895423998     0.147606633458902
 240000718     0.652012085621674     1.189531898664233     0.316813260349204
 240000719     0.189227496940215     0.643400348603476     0.819124901920420
 240000720     0.358992348385409     0.157522796475518     0.000540097606194
 240000721     0.591015457379205     0.933235661616263     0.128230275712319
 240000722     0.144510245799136     1.180339726203534     1.292519639120052
 240000723     0.755471697798494     0.163089119288540     0.374040399147634
 240000724     0.584612226014942     0.715166917378759     0.970637075119211
 240000725     0.623163214943571     0.715068948564624     1.090891255651981
 240000726     0.858253131640971     0.916199995749252    -0.175151448106264
 240000727     0.532534319880561     0.870194382094800     0.734412711998604
 240000728     0.898509137360582     0.200443069126662     0.621657713908995
 240000729     0.991645615083859     0.737643686285020     0.327143463587285
 240000730     0.899129715420488     1.115386060213936     0.426232562458078
 240000731     0.703459967539018     0.189923053973005     0.438632422629101
 240000732     0.486122823865714     1.186646460011182     0.679375928713710
 240000733     0.514658569068906     0.759821124645084     0.536692231359976
 240000734     1.002242258523379     0.464650192746618     1.027473007671264
 240000735     0.600320695609788     1.187071735774734     0.888458024654110
 240000736     0.834031533786682     1.140620436142744     0.271033684261394
 240000737     0.121828779003492     0.680078984853877     0.811181783045282
 240000738     0.256053801064209    -0.170384801893680     0.273057956503798
 240000739     0.539800625356726     0.687674930085189     0.938863442867010
 240000740     0.309664551060081     0.396502216119115     0.973335027479856
 240000741     0.725073157925506     1.018730518636297     0.227856738080754
 240000742     0.745533712844956     0.313227397033162     0.499282030241292
 240000743     0.966477570295620     0.284123700996335     0.402543403802530
 240000744     0.279639713701351     0.114968492311491    -0.012807999178188
 240000745     0.943922062016811     0.930657832498742     0.554128387415727
 240000746     0.561902216673069     0.743668600272318     0.941946238227407
 240000747     0.250520573648340     0.008101661785076     0.535810657963179
 240000748     0.688847885163634     0.399403033664205     0.528474707187021
 240000749     0.700443510842420     0.618642756930629     0.591945493422658
 240000750     0.423508954743650     0.187690427982177     1.037349664200049
 240000751     0.842248098652351     0.174503288124326    -0.255766944198646
 240000752     0.155560652936671     0.622498105250559     0.809364497132345
 240000753    -0.040951893807225     1.176115933391858    -0.020755814486503
 240000754     0.779742949299175     0.193572974725692     0.919651945525216
 240000755     0.526141598362419     0.241601852647999     0.907934782003360
 240000756     0.585747098113165     1.161379414067669     0.358311813848019
 240000757     0.341747128693524     0.980167509308161     0.176178474275280
 240000758     0.610367939471271     0.668135353298402     0.928593531953470
 240000759     0.109779435389806    -0.080655024390277     0.558750335508357
 240000760     1.000519728904496     0.619302778925647     1.033389923417963
 240000761     0.450700796416096    -0.193843020922104     0.763069600603962
 240000762     0.558207975401243     0.707024278193160     0.921961728180272
 240000763     0.198087864456936    -0.027595213659687     0.521460920477111
 240000764     0.566902315476947     0.674324780093800     0.964796416537884
 240000765     0.100066891740199    -0.109289205557766     0.236690378738590
 240000766     0.169380055992086     0.326414245499274     0.453867314335537
 240000767     0.255000986914245     0.236320348166035     0.000352201767572
 240000768     0.925551330536543     0.479148553766324    -0.140086557844614
 240000769     0.331617078136296     1.099161584619627     0.905612617537872
 240000770     0.448451761408807     0.441512687042140     0.542685618879567
 240000771     0.057034405326612    -0.104915674359926     0.248782058252111
 240000772     0.752721512261613     0.056521078594190     0.449191689010605
 240000773     0.327828321577355     0.073416090160973     0.946752548388491
 240000774     0.912421275858440     0.529977344181634     1.039567935490364
 240000775     0.167347126683768     0.666220007728693     0.789542662919572
 240000776     0.209345219651188     0.154135300973391     0.979078033675804
 240000777     1.046592811337255     0.457790139203757     0.330210737084264
 240000778     0.588909358651926     0.758133866796970     0.897180701766912
 240000779     1.069145623348939     0.287013433489638     0.653233389496987
 240000780     0.845091160996533     0.211027907708510     0.964502133798862
 240000781     0.854122536687504     0.501415435248016     0.968979698719374
 240000782    -0.031957668579935     1.100582958327585    -0.033862265741659
 240000783     0.117173966432750     0.241186336273320    -0.043817637232502
 240000784     0.398606637949742     0.699324121389411     0.542974571221072
 240000785     0.494707676636160     0.081939983182212     0.926961692835875
 240000786     0.648548815426183     0.655805254676494     1.147612250902911
 240000787     0.376703566654622     0.659828272957977     0.396466395259381
 240000788     0.869243826507433     0.211026156302030    -0.276769412715378
 240000789    -0.081690250275897    -0.051211786234580    -0.210082989979505
 240000790     0.988700110566769     0.505090937965367     1.045386773795845
 240000791     0.366585545095997     0.166430842795926     1.031294203156257
 240000792     0.770647157639232     0.045538133455100     0.685045340740354
 240000793     0.563012135090648     0.278969190660988     0.894789833028162
 240000794     0.089691548052212     0.192977610615326     0.736877448362342
 240000795     0.168861567427114     0.650168210734951     0.802158492315446
 240000796     0.115031496616099     0.673384967118082     0.811577616938205
 240000797     0.191935817927900     0.278344229000198    -0.270482458895661
 240000798     0.034868993950379     0.568496639475678     0.557727060933098
 240000799     0.333120183505417    -0.167364518215578     0.719144913145965
 240000800     0.977617684581741     0.336604085759388     0.364961460927318
 240000801     0.407647873775961    -0.121943215038279     0.941475836780817
 240000802     0.263176531524532     0.074893245014815     0.618925142576193
 240000803     0.464017510188457     0.832952858813256    -0.069878572828768
 240000804     0.803251093589333     0.143388683671766     0.059803191398163
 240000805     0.328838373726693     0.880577142959519     1.181903081639214
 240000806     0.387129159469196     0.011535872764585     0.815479219411775
 240000807     0.565535540410315     0.695379318540759     0.942956358318814
 240000808     0.678085686137516     1.182140500560567     0.690230535273366
 240000809     0.016783213207994     0.232181206008643    -0.230390553326812
 240000810     0.442865463292151     0.527668492211027     0.308811963700984
 240000811     0.910447395222812     0.950215370184959     0.551123409138740
 240000812     0.643216902752164     0.583568394253420     0.840861608348965
 240000813     0.793321894588642     1.047334823843016     1.053412370063410
 240000814     0.920870431626309     0.530463449665362     1.003145505142882
 240000815     0.640666632412311     0.036199058918957     0.378885294044650
 240000816     0.877918126654205     0.961296051213525     0.758250987406628
 240000817     0.270870839328939     0.495411729926558     0.329566764880569
 240000818     0.587193737445351     0.111266172747955     1.260252806949553
 240000819     0.308960401389271     0.148297423579237    -0.076875728336490
 240000820     0.805721648241937    -0.110276011741065     0.441957148439474
 240000821     0.759328533741332     0.974291068999215     0.808885032523389
 240000822     0.147132882435993     0.655688300110867     0.769244117130521
 240000823     0.671214963637235     0.080866118990049     0.870515569826751
 240000824     0.555557858248828     0.978775901960724     0.662856707866597
 240000825     0.723725866783542     0.258762339797431     1.117019447086904
 240000826     0.934831258198945     0.586580018404877     0.996825173685988
 240000827     0.146724948981865     0.644682804214843     0.789358933075183
 240000828     0.661872034722934     0.441313813470739     1.045303797915064
 240000829     1.035374611511799     0.374348079169532     0.709819288214866
 240000830     1.094419065727114     1.036752359988429     0.415928804827824
 240000831     0.563244105186011     0.699100540913095     0.925541467774838
 240000832     0.480678068558499     0.616615688688541     0.328805342474347
 240000833     0.237766759419882     0.097430474093163     0.741659571508609
 240000834     0.863218145706903     0.711243554944122     0.378190257100137
 240000835     0.009547862470534     1.001143384316939     0.488406479221122
 240000836     0.080336269691939     0.708322775396448     0.264867979840480
 240000837     0.255496572026384     0.217364584263847     0.973850860351057
 240000838     0.589188215023873     0.709704920116988     0.943369495123345
 240000839     0.871002416110750     0.314132409263627     0.220665309876065
 240000840     0.873005997401905     0.223185511705260     0.401743822665898
 240000841     0.585304712864570     0.021379689757932     1.106535934619919
 240000842     0.164015341734360    -0.004787986178019     0.749073150370525
 240000843     0.242998603557028     0.264843308447044    -0.182145517917043
 240000844     0.739542355631948     0.382337544829166     0.589856406754393
 240000845     0.365781314114415     0.710870879963549     0.443213823948066
 240000846     0.913980222831353     1.036615613441359     0.524924277115494
 240000847     0.661551964770346    -0.182587869818057     0.358329020792940
 240000848     0.531560609007695     0.697240837471402     0.236876318657515
 240000849     0.325890674756794     0.381450251449791     1.009529498128008
 240000850     0.237295995029657     0.208118449793092     0.974140410427968
 240000851     0.216661343392976     0.248607283804925     0.888625026943179
 240000852     0.140450496802746     0.663167593551198     0.775466673901361
 240000853     0.142337404559594     0.676291066226843    -0.080272540053360
 240000854     1.007041700029794     1.181192372563814    -0.209252287743763
 240000855     1.099069630893886     0.853647857829007     0.781489482389946
 240000856     0.452310704758652     0.873772609736205     0.770913331098869
 240000857     0.777427980661006     0.425132393050956     0.631339785711587
 240000858     0.469286194606987     0.033368705895338     0.650799707920870
 240000859     0.682495513470263    -0.159922665868813     1.083995050140931
 240000860     0.414459322480735    -0.030717454030118     0.507878887621562
 240000861     1.097142472407780     0.032074864856467     0.358877614825349
 240000862     0.485429615214517     0.477410505179261     0.515764453955838
 240000863     0.752045723923658     0.272541629185639     1.115035720583151
 240000864     0.024011584811033     0.190128354834710     0.987377172317031
 240000865     0.212592911527078     0.925522210325716     1.298156285741145
 240000866     0.062769639438555     1.021526627804840     0.418513297175165
 240000867     0.956677263843236     0.830610258809536    -0.149271298590380
 240000868     0.556392190531783     1.062946807933511     0.542851432486257
 240000869     0.299838561204976     0.054529681795742    -0.007378502793003
 240000870     0.536481832962408     0.429113425293832     0.627814300202307
 240000871     0.247628318994419     0.559027221235380     0.548288826776780
 240000872    -0.051598786289636     1.059071804026778     0.460402365560555
 240000873     0.628037656463849     0.609697749805635     0.599183457966440
 240000874     0.395035063533897     0.361997385002166     0.591825435051423
 240000875     1.062346744284101     1.065955925383824    -0.036025890134041
 240000876     0.598727036835127     0.718570161409507     0.936232353271767
 240000877     0.355266417301146     0.010217953148349     0.508179352420867
 240000878     0.591075204188660     0.682576235214732     0.941012182001104
 240000879     0.705267204400069     0.531724392508328    -0.177510809338249
 240000880     0.619810674702968     0.820549288950915     1.168398665552257
 240000881     0.804324620524560     0.014546813207124     0.024684051643609
 240000882     0.566850903449735     0.177533409497653     0.312755489858017
 240000883     0.044377730749491     0.439071073906194     0.715287454233729
 240000884     0.642933969414367     0.564127242118412     0.474008371162477
 240000885     0.362931320808003     0.170235723612208     1.029407225880740
 240000886    -0.055105131868627     1.136724446381935     0.220036528447121
 240000887     0.375785191984622     0.057766561324490     0.965044867510317
 240000888     0.134709286772194     0.157757971005683     0.666080109659788
 240000889     0.849686211577195     0.549499942124800     0.915837581795597
 240000890     0.285930247226263    -0.127170293435702     0.651452507879508
 240000891     0.763483813552728     1.030697778210836     0.109671514226710
 240000892     0.805822008003908     0.486575346393837     0.327689711367277
 240000893     0.273743355101929     0.134204027800895    -0.073530518150978
 240000894     0.911503671825210     0.709298144732066     0.922390961874801
 240000895     0.920985172005876     0.371712345619161     0.403382148383602
 240000896     0.283384659917315     0.124994373307807     1.098072350935512
 240000897     0.987073195423623    -0.050198021553541    -0.149671406303916
 240000898     0.499536572453359     0.504368962718466     0.871356389935312
 240000899     0.373078542455858    -0.098302138483802     0.859377614348756
 240000900     0.733082344211140     0.315367168913139     0.557394956182090
 240000901     0.491156205458700     0.125243120652597     0.712748295482712
 240000902     0.344129800171581    -0.118490357225014     0.680020359498142
 240000903     0.994328868443676     0.202474721170173    -0.287986027085884
 240000904     0.322932910014543     0.067820035170527     1.166077990235306
 240000905     0.071824045666662     0.080309322232237     1.073106388752063
 240000906     0.320968545929520     0.271376873129429     0.650087008122707
 240000907     0.332497967780803    -0.134838346700584    -0.288068795869264
 240000908     0.382776391800829     1.112496082283938    -0.041747211800311
 240000909     0.723483843886967     0.802007258656956     0.573737094725008
 240000910     0.548123785851676     0.285270073879845     0.793562286167541
 240000911     1.000919128385026     0.644715926925461     1.085087298339113
 240000912     0.809134067887033     0.493066091900661     0.451525110702633
 240000913     0.205627082759659    -0.169896937619718    -0.299846051192515
 240000914     0.757056927607245     0.325399527216472     1.142498712541182
 240000915     0.641655459350213     0.894681822334859     0.261497160616769
 240000916     0.058516311807489    -0.088862552801226     0.263425469894859
 240000917     0.577533648610920     0.309246274308555     0.850677664443624
 240000918     0.599073585733197     0.360846332109391     0.339890709410941
 240000919     0.536306557957955    -0.182440290526495     0.665955005084689
 240000920     0.725636816216887     0.143423496643356     0.431887858984484
 240000921     0.892567745867929     0.239669648032900    -0.266810784243162
 240000922     0.453011692407320     0.495464165885076    -0.017331709217745
 240000923     0.820743375742448     0.948083856448834     0.209471196382642
 240000924     0.535700158315643     0.700986949889244     0.938698037006237
 240000925     0.248113434711742     0.898582805648516     1.152443802291327
 240000926     0.068463308637188    -0.119456715342855     0.232480553535022
 240000927     0.825321388623263    -0.170716242682266     0.398092667622007
 240000928     0.623679992202325     0.279521746884551     1.104234063742695
 240000929     0.105449459519464     1.132411112166598     1.018424926703579
 240000930     0.915482077055163     0.475603267030043     1.047472657251902
 240000931     0.155283540003265     0.660220370247560     0.817691200093987
 240000932     0.553993574773424     1.090558750852120     0.044470747119589
 240000933     0.327072275669196     0.127057423587738     1.118590131349465
 240000934    -0.079380340842167     0.476063967327163     0.157699357958972
 240000935     0.657607506729011     0.357034431278249     0.925817818620081
 240000936     0.359062595160681     0.124912310050819    -0.078072331361145
 240000937     0.595741493021961     0.720535675278430     0.920395963962157
 240000938    -0.008206135239728     0.200821712322608     1.028910589185599
 240000939     0.325269135833569     0.335886241555426     0.846347152068359
 240000940     0.409387445896561    -0.037742410205938     1.051071210025993
 240000941     0.636872669742532     0.633126142657761     0.675843690018200
 240000942     0.359071541193573     0.438585237542175    -0.196567909103714
 240000943     0.740958194332207     0.080036952570991     0.344930184275044
 240000944    -0.003738483362394    -0.182273144191218     0.463785509159842
 240000945     1.058258034008823     0.666892582458947     0.590757936674042
 240000946     0.464244461189592     0.939374043545212     0.823648456591102
 240000947     0.070485559253432    -0.099561425047497     0.254071452428596
 240000948     0.643398892873647     0.347740599735007     1.201137350096398
 240000949     0.825058460751623     0.705401431657572    -0.067092787499754
 240000950     0.978243015531522     0.545766969985829     1.030875926393046
 240000951     0.801487841212324     0.226108083584259     1.222378493230592
 240000952     0.966717554076410     0.614837889854998     1.238057817542927
 240000953     0.780138549021757     0.993191766808493     0.297553171738397
 240000954     1.070233934092777     0.106380139405144     0.178923048765415
 240000955     0.562137876288804     0.729528223362587     0.947958712512084
 240000956     0.908707809351777     0.753354200954476     0.050001935192796
 240000957     0.032149853784628     0.394244055814212     0.592569361036151
 240000958     0.972010817094504     0.252110708042862     0.536672149153206
 240000959     0.958083998376883     0.478075913265397    -0.117750452473994
 240000960     0.949085390486121     0.607850441541581     0.884644087402234
 240000961     0.353162784593883     0.411264468950577     0.585544413070923
 240000962     0.698281582169926     0.812787371749617     0.867344917980408
 240000963     0.797030044062989     0.978189062205463     0.000825464066441
 240000964     0.310908967132117     0.154333680408588     0.970683262164519
 240000965     0.555368512266363     0.676807066155312     0.905252809768670
 240000966     0.341261202076434     0.112435806574357    -0.001019504138386
 240000967     0.432977575670698     0.627150731531013     0.581494458075950
 240000968     0.907488020147750     1.101772430111900     0.056817681775161
 240000969     0.378086809600134     0.257908051618200     0.010782946456111
 240000970     0.524502757998111    -0.016380511357691     1.118404511619651
 240000971     1.072198497452192     0.921050128173478    -0.049786579980095
 240000972     0.323683186837093     0.860326972048561     1.251528023685841
 240000973     0.066956979224251    -0.092693372895294     0.252518270555558
 240000974     0.313552749898283     0.123567528998601     0.563698655550153
 240000975     0.940501668798302     0.149429946039404     0.316482246625300
 240000976     0.653821673658950     0.406470478897065     0.243280846272042
 240000977    -0.047525924009265     0.782826028505833    -0.266501775542934
 240000978     0.210598385293013     0.578229397708655     0.238252600495570
 240000979     0.204863481358535     0.582528085794230     0.943855055937308
 240000980     0.628667487933661     0.361671427502072     0.830085548105507
 240000981     0.182440349542427     0.413049203740227    -0.272193345207384
 240000982     0.594066547391685     0.681943952482819     0.973811634306486
 240000983    -0.093447708936469    -0.010921709413626     0.986034819086086
 240000984     0.935070506059093     0.514339793135574     0.993078023430197
 240000985     0.308641114630041    -0.015662685960729     0.432106718695624
 240000986     0.377443842317962     0.571241074250808     0.394110489417830
 240000987     0.217808915911230     0.812050755242191     0.152019141275493
 240000988     0.154177817206018     0.606881978886720     0.768472084211336
 240000989    -0.041801153059965     1.174253266695237     1.149482742651982
 240000990     0.536622857254054     0.356999419468951     0.397916168728325
 240000991     0.038590073260332     0.934877143771531     0.680752655538537
 240000992     0.259315705934163     0.711319171586246     1.289211451984249
 240000993     0.132055835370595     0.620040011110352     0.760999889159333
 240000994     0.355800937710383     0.149372808485578     0.447702595250208
 240000995     0.565356005870490     0.953893808490542     1.126387172985435
 240000996     0.555978929937910     0.135417535063230     0.440641994831130
 240000997     0.802909778974353     0.366652413406882     0.542318875317280
 240000998     0.296466816783389     0.085894418604945     1.261243215892242
 240000999     0.384995511766905     0.722488009443511     0.864287015861082
 240001000     0.738279350732872    -0.178041734938007     0.167958293329213
