 140000001     0.771389785982587    -0.083926469787040     0.096126853579035
 140000002     0.476292672216029     0.656531104525817     0.621195385498224
 140000003     1.034756754193423    -0.016822252183134     0.458470020569765
 140000004     0.766413478355231    -0.022614395338069     0.763722356564116
 140000005     0.867725408112076     0.167120337203625     0.445522339165291
 140000006     0.985884801583569     0.829397975937060     0.514893660800571
 140000007    -0.083969552561416    -0.046028979481950     0.727790419094867
 140000008     0.583153802004086     0.682680856380509     0.968068552671757
 140000009     0.584421925420667     0.446412550723207     0.289924864436883
 140000010     0.694585723017742     0.901230914613078    -0.082397382810557
 140000011     0.329310359834641     0.068831258067090     0.780417410084188
 140000012     0.604259605847704     0.714591641502792     0.954038752825645
 140000013     0.211496298784327     0.534984536511013     1.294492178557649
 140000014     0.222540552181170     0.635329427512847     0.220523228992037
 140000015     0.370559623399639    -0.021542392077233     1.046102591815428
 140000016     0.854927160010479     1.173090887118289     0.209230253278405
 140000017     0.592577335891642     0.295945643333705     0.773578630778545
 140000018     0.361565817340020     0.160731877761591     0.930738468615431
 140000019     0.704334526353764     0.220965435753227     0.483406710529024
 140000020     0.554680386123436     0.298027005786735     1.212665445028404
 140000021     0.676429492399929    -0.108805736333930     0.674880640967403
 140000022     0.916331436611862     0.453032776651836    -0.094086689747522
 140000023     0.124235652879812     0.750666358805013     0.710853228641813
 140000024     0.536874582156880     0.915987489177076     0.708527622437263
 140000025     0.350197430556728    -0.131113557675278     0.654680758252493
 140000026     0.463626858504274     1.173711735277586    -0.179213114146121
 140000027     0.679333912369973    -0.052396376925905    -0.109518849006684
 140000028     0.264185302842562     0.117880134715181     0.900338287367173
 140000029     0.564657591043634     0.204140215364885     0.946730784063937
 140000030    -0.037436219758828     0.321125511051095     1.025545443056443
 140000031     0.369774067768640     0.672915999863539     0.022486192269913
 140000032     0.595771076896202     0.682642101284494     0.976439028526298
 140000033     0.693932702496722     0.448855054547533     0.277136089828595
 140000034     0.959575345920458     0.536366427163186     1.050302561670267
 140000035     0.165630827177190     0.648943777939022     0.786182858698336
 140000036     0.596959420876163     0.715708711847070     0.954873886585041
 140000037     0.360921110025676    -0.194528840209429     0.617543928498934
 140000038     0.553433680258749     0.729247647822992     0.971404554310093
 140000039     0.559420023959921     0.689262077008239     0.954305831994329
 140000040     0.475865515645620     0.050090177330957     1.200319462634677
 140000041     0.639290022798695     1.063598526010830     0.117055258321322
 140000042     0.387828863968233     0.129507081145554     0.915195312757338
 140000043    -0.015497990391615     0.966248442668558     1.171008785212857
 140000044     0.059528847995889     0.526014175572807     0.369897652925200
 140000045     0.787674424248070     0.415373651985086     0.483824697326326
 140000046     0.324244317986048    -0.003029881755120     0.989379171879261
 140000047     0.226987017328188    -0.039757561166878     0.742949919449342
 140000048     0.032154299350526     0.317279134026736     0.085246119782974
 140000049     0.381329766942741    -0.002657415070760     0.661934516984754
 140000050     0.643474648993627     0.726770163053614     0.934892963855488
 140000051     0.365384786005268    -0.054283462815015     0.880581053693907
 140000052     0.499080049293821     0.554879040986626    -0.082399102695117
 140000053     0.122305480755644     1.148063784187443     0.556423076638198
 140000054     0.295697846441884     0.014221613106821     0.579680992619319
 140000055     0.564279958454862     0.031779652596495     0.924773747297271
 140000056     0.372356580576254     0.191475336000347    -0.223187125167184
 140000057     0.656383078969608     1.092395066304131     0.006504917861471
 140000058     0.510726351654610     0.952249574753227     0.606233993801166
 140000059     0.826491985995338     0.561990894050320     0.663248498718738
 140000060     0.687229201286760     0.453269816124297     0.523395500430095
 140000061     0.128818780462106     0.651420482385914     0.806327547289595
 140000062     0.427375990605124     0.019743180920394     0.651386051743082
 140000063     0.898675205811776     0.402106057898342    -0.003095935150931
 140000064     0.148858744838385     0.287106048222270     0.612126268684944
 140000065     0.631076399998817     0.611338215134556     0.959584435146918
 140000066     0.326889295619996     0.014507788558974     0.508838134526978
 140000067     0.325735103572811    -0.196483344083396     0.983203246711569
 140000068     1.043471420646608     0.877769573435843     0.501414297195828
 140000069     0.600999115042268    -0.156027666333078     0.599864490964212
 140000070     0.263093615325306     0.030132941777393     0.591567767898306
 140000071     0.641456872593192     0.932764937091891     0.924521550393203
 140000072     0.841523481841694     0.334586879604471     0.806843955442644
 140000073     0.868123035516403     1.164999949421151     0.096010730840152
 140000074     0.406962685190192     1.134392809063791     0.791714462909799
 140000075     0.042147656300729    -0.086293235968327     0.244415610098042
 140000076     0.297925184015840     0.458854031538284     0.810588908655985
 140000077     0.235522904976140    -0.006825024863805     0.784941466786237
 140000078     0.378314732203736     0.023899032449925     0.589814107395869
 140000079     1.049674457102103    -0.098462995790739     1.088189510949982
 140000080     0.901288647165852     0.914077999839790     0.027526827266406
 140000081     0.613103609305502    -0.129240378894855     0.610992687703196
 140000082     0.280706154880336     0.164428224000435    -0.009301093021158
 140000083     0.639002374147605     0.447413639443307     0.494191902024523
 140000084     1.094568478392328     1.154470578175760    -0.123248804384087
 140000085     0.617669809538250     0.702935415439557     0.909269016622625
 140000086     0.352242992647320     0.172457664188150     1.176911430195693
 140000087     0.657541782117801     0.357094127826851     0.844883334189162
 140000088     0.476895521792161     0.094390421148797     1.096122854901675
 140000089     0.082203788214567    -0.082392662361060     0.277515395303700
 140000090     0.428113658621968     0.161490102815849     0.408914853728771
 140000091     0.936655387577475     0.561140867672321     1.075973181284580
 140000092     0.111094559697083     0.670147080713577     0.805154699593145
 140000093     0.348526171834814     1.108738838330388     0.942574669064389
 140000094     0.832014845565795    -0.010807592335728     0.304676218516881
 140000095     0.782338192979259     0.538027476051015     1.133349071591958
 140000096     1.078886510897146     0.877650395138295     0.843575283444071
 140000097     0.734620050782102     0.330855877181191     0.470017747406537
 140000098     0.854700083733757     0.976999215494541     0.612821439835335
 140000099     0.428943747250661     0.170611290511422     0.853970117305557
 140000100     0.959481807490075     1.143534056253212     0.395256119804841
 140000101     0.988188810103374     0.493021416431373     1.018221116244658
 140000102     0.107499863479014    -0.091093948445363     0.256313402854885
 140000103     0.156712469997363     0.633218591504573     0.806605262810677
 140000104     1.042822529746738     0.993199063536511     0.866833067968316
 140000105     0.335378914676830     0.139043844567210     1.045930780220574
 140000106     0.933338678437887     0.470425492347863     0.468667756440352
 140000107     0.707776299194706     0.275349836152675     0.961846341464974
 140000108     0.753567910003042     0.199433618004130     0.552991269476752
 140000109     0.553295098993819     0.479911709901952     0.959236581521652
 140000110     0.586545863221210     0.728046188004087     0.964572777310899
 140000111     0.533252683263783     0.394489340171586     1.015330671800075
 140000112     1.017876184363848     0.575221279407776     1.074180383906864
 140000113     0.384530343775824     0.120748997085314    -0.013345498401158
 140000114     0.910192100191628     0.746990358760002     0.332398306858885
 140000115     0.149370062714913     0.892410132970409     0.016400457100488
 140000116     0.958256758309013     1.050552769132203    -0.133327881368701
 140000117     0.140042425884526     0.630935285396207     0.778464947220146
 140000118     0.413014966372606     0.425150543553782     0.909856448328409
 140000119     0.547081183077329     0.906227105626634    -0.163548550839128
 140000120     0.005616260440107     0.735089785609637     0.729757974132401
 140000121     0.510760687738557     0.779155637024986    -0.224319704227417
 140000122     0.322058371113091     0.203698108277830    -0.030935179069623
 140000123     0.430428086079801     0.399160173225132     0.688126721673728
 140000124     0.974140995308251     0.512131127301562     1.012583130949672
 140000125     0.279645641219014     0.326310016916329     0.155056748745877
 140000126     0.637878961433776     0.375223724349433     0.976573807083644
 140000127     0.557428992138580     0.250890637383499    -0.181472588481122
 140000128     0.126212818467275    -0.007959771310278     0.552881055654639
 140000129     0.743226763268962    -0.080595130535163    -0.151740628352520
 140000130     0.923719622331339     0.840721148453262     0.801096630072673
 140000131     0.225376983136380    -0.037856099164718     0.483463802772236
 140000132     0.497721417654088     0.488863852448262     0.969754653692883
 140000133     0.812879665511032     0.741928852500490     0.440954347684325
 140000134     0.780891775950205     0.412033919200692     0.372469384579259
 140000135     0.383976754531057    -0.176585159689778     0.436866311354344
 140000136     0.472521266041384    -0.003213908478037     0.630998148151964
 140000137     0.885755770031470     0.368885398100992     0.322068658729042
 140000138     0.546373629427076     0.122644307849955     0.993404628369292
 140000139     0.806825748854490     0.918817203902203    -0.035478148226372
 140000140     0.244260036996794     0.073256621503524    -0.058823466689538
 140000141     0.064431781583542    -0.117749510196348     0.238799817274463
 140000142     0.065258187069280     0.757854455759281     0.163859227711635
 140000143     0.298477764647006     0.097514184240351    -0.007053395897150
 140000144     0.742223465287499     0.235354622264422     1.024760264815829
 140000145     0.496588818401561     0.050984668508214     0.957330263060255
 140000146    -0.051240543730295     1.098712534211769     0.375979646406331
 140000147     0.531002072880478     0.330077098976616     0.787768948760205
 140000148     0.648116699914348     0.533438853875140     0.633597712749443
 140000149     0.022719384642288     0.595597670182678     0.428734168257453
 140000150     0.087505143446187     0.886357540412465    -0.239625089761793
 140000151     0.720850816457692     0.333486743066073     0.186530393561028
 140000152     0.568878522966204     1.175644753744132     0.027252008641005
 140000153     0.093399762099489     0.834351856150783     1.116671494229714
 140000154     0.604022993103656     0.271771261646159     0.967815127510713
 140000155     0.353131448280196    -0.060904222480624     0.221979731648049
 140000156     0.992242476655968     0.496042661345123     1.243854560040381
 140000157     0.136113018301685     0.650928312415453     0.793109931393624
 140000158     0.430511723578233     0.038332299634280     0.610251098871997
 140000159     0.712614360551657     1.132222432949404     0.364005598834189
 140000160     0.329860984283539     0.294511709061345     0.737379013733488
 140000161     0.365058272710353     0.468792750609167     0.133045873556793
 140000162     0.729432520849016     0.448307676721002     0.390436401434392
 140000163     0.795983649062192     0.365642139471152     0.591403885285908
 140000164     0.621105981807735     0.918592579947120     0.689779253166666
 140000165     0.828864833123324     0.614553253948368     0.677046455214262
 140000166     0.352100497852052     1.010870733244461     0.110094812985872
 140000167     0.904900361752788     1.188991176737685     0.287475944561733
 140000168     0.398811257930883     0.699994508274547     0.087335037489313
 140000169     0.968996661026327     0.521930628857749     1.050524047558923
 140000170     0.659170334233045     0.490607041336115     0.432680535169270
 140000171     0.367362718915190     0.394265220646347     0.320565351891665
 140000172     0.558941420081763     0.607058348351060     0.450409785773510
 140000173     0.044025302163789    -0.090476106325883     0.237141239503920
 140000174     1.088779149355414     1.002846332192693    -0.069638447332050
 140000175     0.460512039151134     0.021285773614558     0.940593052674137
 140000176     0.755468773358343    -0.001167407691688     0.538950646825201
 140000177     0.659719456926482     0.732157176286057     0.455105770054128
 140000178     0.127761584284882     0.158745494805146     1.172207016238103
 140000179     0.076245832977289    -0.072141563485090     0.246697618958161
 140000180     0.457494822481937     0.777156179162292     0.926975646676057
 140000181     0.508608054391865     0.630962355100550     1.205595717907739
 140000182     0.499023079957150     0.329194448655016     1.114647293847986
 140000183     0.007780399273314    -0.144566080852331     0.703621289295913
 140000184     0.115864300270937     0.677697546416733     0.798657104100762
 140000185     0.224716474158482     0.169886182281162     1.060028957563567
 140000186     0.416850008189570     0.928801544130558     0.297489769462688
 140000187     1.014749575141738     0.474849120074323     0.560863620675782
 140000188     1.077517158276757     0.955177073250362    -0.033054162499741
 140000189     0.449771661287310     0.004332066316209     0.890270380039236
 140000190     0.063710534366349    -0.094955996161240     0.261372696679294
 140000191     0.998713642070711     0.459394286392710     1.008069355172382
 140000192     0.811851649689494     0.100394914302074     1.012662466581055
 140000193     0.250736930166778     0.072026277286561     0.333199340592506
 140000194     0.060351250807390    -0.080086777905392     0.235179568379934
 140000195     0.839761971472350    -0.026268114545761     0.783781988517760
 140000196     0.972581449609717     0.290720404287649     0.360737603070156
 140000197     0.034504662357479     0.843743718593603     0.071720297703783
 140000198     0.276108785181059    -0.062420805448669     0.541881838330785
 140000199     0.810760111054208     0.825115848298832     0.332192866771824
 140000200     0.348828485244089     0.522259058874367     0.079467494035558
 140000201     0.687339305069653     0.398257561999667     0.248893135885779
 140000202     1.001795431905498     0.423976972665532     0.967739603300840
 140000203     0.120863730427950     0.505376118423933     0.781942980925201
 140000204     0.960861797769194     0.856803712365751     0.649941011787936
 140000205     0.222378015189041    -0.077500219139086     1.271115605319439
 140000206     0.257998598657238     0.645030474949678    -0.099123553747707
 140000207     0.946631834736859     0.506539247975306     1.019852400198354
 140000208     0.935001951066014     0.075698158501853     0.965835693811343
 140000209     1.089831717030806     0.211083582843666    -0.044456404160909
 140000210     0.499317429930910     0.065701578207124     1.058703289442753
 140000211    -0.061373023800783     0.094177017603784     0.051887787979790
 140000212     0.484189744697653     0.565937321145606     0.504864917415071
 140000213     1.080611558203970     0.384797368707952     0.641890965897212
 140000214     0.913412285599838     1.161758440971837     0.006021934339551
 140000215     0.637290494138159     0.790868202589844     0.981208056306246
 140000216     0.664222343137301     0.625088828999269     0.663434031268142
 140000217     0.405851138535552     0.200836638576228    -0.003978363173469
 140000218     0.309495954686665     0.129848872426318    -0.027144801115127
 140000219     0.665433907587793     0.553568444109984    -0.002139047600744
 140000220     0.072961707440725    -0.092200928651330     0.219172124876267
 140000221     0.366190106732300     0.158855564001042     1.028784912501322
 140000222     0.287306399714381     0.260475507193827     1.103149019352636
 140000223     0.649617058582122     0.714991894964796     0.367299242990017
 140000224     0.507012870164183     0.753383857917013    -0.134057604626412
 140000225     0.517628272347175     0.487272260439497     0.628766716075351
 140000226     0.657505587427813     0.346826892782035     0.583391764168812
 140000227     0.648426318557340     0.125317227489221     0.931105443706438
 140000228     0.654964560139777     0.174567115478160     0.257013898064223
 140000229     0.715758518730079     0.183495377839735     0.674958367408340
 140000230     0.308690594160066     0.237154017112886     1.091191132253961
 140000231     0.585994360066581     0.710078390695619     0.951141036547246
 140000232     0.353354824830760     0.091717963577740     0.012683723789618
 140000233     0.719115378706231     0.509496505731659     0.607243335329695
 140000234     0.372363836586320     0.528412864157804     0.654940969340847
 140000235     0.523682777821444     0.507456271214780     0.349350221385056
 140000236     0.765646275657033     0.887270283741978     0.726461703038428
 140000237     0.146981730653900     0.025543228324031    -0.038496926247149
 140000238     1.038750438492514    -0.168976363095134    -0.159663960706428
 140000239     0.558783954912910     0.734069409512214     0.931304338166948
 140000240     0.566778971722706     0.672253328948574     0.951359292122305
 140000241     0.553836633101527     0.707679175769104     0.847768556122106
 140000242     0.582223270072009     0.702126132285502     0.376700971798875
 140000243     0.121930082818696    -0.102407735612207     0.707951971031802
 140000244    -0.008863364306660     0.178907985174390     0.977337961028638
 140000245     1.060252189316740     0.254048979043275    -0.054822094259591
 140000246     0.486123726915458     0.061141897966093     0.728135169307379
 140000247     0.572671158394225     0.354072913938704     0.695485018263116
 140000248     0.514420611848118     0.825157531939505     1.184427099533541
 140000249     0.600976792293307     0.516103575748317     0.543765658065723
 140000250     0.942935556775667     1.097956447407363     1.200013514080360
 140000251     0.346490098052680     0.830722252476163    -0.126514003710850
 140000252     1.051203649367104    -0.199091459916154     0.539634662400306
 140000253     0.416167940351569     0.164036826101289     0.572620390662285
 140000254     0.212197252381793     0.156860112078689    -0.120953565957330
 140000255     0.190837003183470     0.209311914646216     0.880833547896976
 140000256     0.071939817664097    -0.106500362645719     0.245991309219213
 140000257     0.511636191399008     0.503894925406500     0.294582979848744
 140000258     0.311076935374344     0.849915607921322     0.369768636680744
 140000259     0.803387299206214     1.027025213980870     0.157260938286939
 140000260     0.662343069445869     0.834670310570462     0.991617087693451
 140000261     0.083290510979871    -0.081439596322603     0.224994392445941
 140000262     1.086709732635335     0.665729968261201     0.120789482634239
 140000263     0.385818613338218     0.120313003567665    -0.023806519542726
 140000264     0.803925789177403     0.343766145345931     0.356929238674512
 140000265     0.933807191467502     0.526618168849230     1.021369850364016
 140000266     0.239686159174446     0.264887141642987     1.090386409321502
 140000267     0.369835845132877     0.089231223193372     1.037319356162224
 140000268     0.806054539786672     0.608651482910690     0.968086370153001
 140000269     0.621517334473178     0.660602683256891     0.459248277956407
 140000270     0.693235999196381     0.611234214602150     0.279092783148367
 140000271     0.283484092876968     0.228473466804929     0.871879848452466
 140000272     0.902665716432382     0.507678419951442     0.544610030912295
 140000273     0.652680328927656    -0.059043893701769     0.163392872373364
 140000274    -0.018471399437667     0.782437962832903     1.213974542478292
 140000275     0.388699547444889     0.283896064690044     0.995127411340565
 140000276     0.667910501646466     0.125790406503586     0.340943068590728
 140000277     0.641987578308659     1.059905662924329     0.403237076915752
 140000278     0.754814124635986     0.428647602074016     0.462824336520250
 140000279     0.121518603163015     0.649253192741129     0.797309563227296
 140000280     0.388032226629423     0.784770140638434     0.558952743677181
 140000281     0.843938837850957     1.060170216586666    -0.008311210397737
 140000282     0.156839337285555     0.663439533993020     0.802963101585983
 140000283     0.301252618523056     0.071360629287065     0.810834516864412
 140000284     0.691828859350614     1.081020524272309     0.183498187101515
 140000285     0.807638488494370     0.805793614240313     0.480159220384191
 140000286     0.234069409673130     0.002158863719121     1.218285972355934
 140000287     0.569374677542685     0.695360132437783     0.936370472254660
 140000288     0.714047624496592     0.144141827623501     0.210158301151232
 140000289     0.928548380709948     0.524465049728498     1.012807508132270
 140000290     0.712343081468584     0.235700637086390     0.298022911122163
 140000291     0.444060797587122     0.042302930459937     0.774731493712190
 140000292     0.978872212846514     0.200684520507494     0.171749760089542
 140000293     0.936179590456480     0.487466884271412     0.956075948050627
 140000294     0.464053961164162     0.272392655772209     1.074962031571114
 140000295     0.707119993412100     0.201390534755977     0.957394561110202
 140000296     0.598668541877326     0.560551569001996     0.321641291871335
 140000297     0.401645224140241     0.229936407465528    -0.024690918776945
 140000298     0.378874871836691     0.465895937914191     0.207616893605253
 140000299     0.221497322524780     0.359810055908690     0.220457362355290
 140000300     0.830088133178873     0.204664603563437     0.812437896793971
 140000301     0.466043433616365     0.964211516715171     1.188756923436604
 140000302     0.761055400527605    -0.167690041041959     0.684422206370450
 140000303     0.751194766928996     0.744689399192016     0.702383450076068
 140000304     0.867473771399605     0.466793508537631     0.437636272964396
 140000305     1.047766110655941     0.373994675888699     1.154172589663963
 140000306    -0.019751299303197    -0.034645359920354     0.473612189922505
 140000307     0.965674034841723     0.556602988182576     1.112314014674946
 140000308     1.008688255387481     0.916525497136218    -0.038964901134528
 140000309     0.902512683293777     0.184811823892389     0.429099136451898
 140000310     0.908909223529111     0.632917847433565     0.112402945680403
 140000311     0.769367038180278     0.811704943711553     0.450604877918938
 140000312     0.187406950411195     0.071231972306200     0.940155580413689
 140000313     0.436828925043436     0.639758889101225     0.872805778642449
 140000314     1.097146218035088    -0.070898522480380    -0.217323844623767
 140000315     0.602158892665334     0.703432521783012     0.930816373630016
 140000316     1.079749052016699     0.754565085578368     1.207938402153335
 140000317     0.175947758035831     0.916430237825499     0.781509719564231
 140000318     0.754504561412464     0.854644028811241     0.393689706814292
 140000319     1.091642342341072     0.843724847613220     1.209904463961248
 140000320     0.767232658315462     1.041852448442832     0.289628488343429
 140000321     0.621969568453388     0.759646216409915     0.064190883417865
 140000322     0.553788401801747     0.864661073017142     0.656050795444824
 140000323     0.579107452026086     0.178470294105016    -0.144120937207382
 140000324     0.621977809091897     0.466540170761859     1.202192022386265
 140000325     0.546783952077485     0.658390898179339     0.661125148657643
 140000326    -0.010699216035372     0.531301668089927    -0.078874634416659
 140000327     0.819488357832288     0.213485053276751     0.279894430073615
 140000328     0.930571174407602     0.765813801978306     0.589122637035207
 140000329     0.244527762349872    -0.004752970433434     0.754968865932314
 140000330     0.505360275348376     0.312773671896341     0.922661825746747
 140000331     0.942299668384091     0.683824682667546     0.579011451252161
 140000332     0.444016790061059     0.563375708069790     0.200324370114886
 140000333     0.140812691361370     0.609225483076739     0.775374225696033
 140000334     0.486120921058773    -0.060786866395004     0.762441182425111
 140000335    -0.083285973484688     1.054170749321922    -0.230423672962205
 140000336     0.274292707659066     0.258192777800737     0.497542903796282
 140000337     0.943854105597007     1.056872529102651     0.030282530530229
 140000338     0.788041134729371     0.240397343410658     0.433281193824116
 140000339    -0.057099274468895     0.823899659325355     0.969207772623385
 140000340     0.786884197047540     0.246077321316525     0.415365562315532
 140000341     0.576385087126898     0.696815941375061     0.977001645473259
 140000342     0.524927144526829     0.283331899142536     0.504276789608837
 140000343     0.230334059524737     0.089091765570700     0.526579988123468
 140000344    -0.031110785655850     0.545905285438076     0.658897773473520
 140000345     0.124447763917834     0.198577200798919     0.685656712061339
 140000346     0.996536076636019     0.533093808840927     1.011905731448999
 140000347     0.054685166747172    -0.110433792039639     0.220636345208767
 140000348     0.620457000774876     0.662147258605757     0.448784509015525
 140000349     0.455338513852607     0.004418233771877     1.003969525350828
 140000350    -0.008679616419557     1.133614338656396     1.025442959341802
 140000351     0.570319532888716     0.698850549920016     0.937479589086117
 140000352     0.493664128568600     0.376151752208398     1.078858589987809
 140000353     1.087282166013512     0.818636080236492     0.268542394835783
 140000354     0.880714667752984     0.458290562434203     0.492217762597186
 140000355     0.783007760913082     0.208811650648324     1.035401578169131
 140000356     0.088697597025934     0.782204475185636     1.289525604454402
 140000357     0.503353199393805     0.089052562956681     1.036372700350422
 140000358     0.400765472390770     0.620858289227327     0.263692103480619
 140000359     0.363070709977001     0.473551983279606     0.219726706033348
 140000360     0.531784630361907     1.023993881970616     1.211995945757174
 140000361     0.271559500690034    -0.075182581653808     0.971126650599785
 140000362     0.518872547506394     0.658036854337978     0.262350536632181
 140000363     0.998477852584848     0.489858955385478     0.047561764517984
 140000364     0.453145425859986     0.148848884665113     1.141923159232310
 140000365     0.154515899270745     0.025932508259962     0.841458249461681
 140000366     0.759996076762121     0.207887682599497     0.869646780827571
 140000367     0.724541741980947     0.084997700488560     1.158162851968615
 140000368     0.291737223246377     0.089024242406509     0.674438534599522
 140000369     0.195274456035854     0.135875465312546    -0.004032475876684
 140000370     1.084598978181685     0.338332667986045     0.623699207887427
 140000371     0.077233608658839    -0.111152732481766     0.241092536645243
 140000372     0.211830843728116     0.504791213298544     0.928961460729941
 140000373     0.303043340854173    -0.051287290103370     0.736321195980779
 140000374     0.946446032286093     0.850789073646260     0.663943060031861
 140000375     0.468753315166812     0.453192823234656    -0.068731194203722
 140000376     0.057163515303921    -0.077484273950201     0.226682186216018
 140000377     0.341884572730779     0.219581025651059     1.083884245780218
 140000378     0.600650656219406     0.442654840635203     0.923851356111414
 140000379     0.614692372821810     0.470795484273610     1.138124156975157
 140000380     0.575149022742113     0.749695921013740     0.899919264258964
 140000381     0.136160435328812     0.642861819273853     0.760938358031198
 140000382     0.891644744995057     0.091379830507185     1.079470162483519
 140000383     0.499962472712677     0.695806271028850     0.454549975157400
 140000384     0.508092912714568     0.534976077445378     0.298938577072217
 140000385     0.902984867413347     0.729996117946145    -0.225497488734556
 140000386     0.484123952309235     0.377540739270137     0.280641948107570
 140000387     0.073146735346592     0.862765791782253     0.712163954718087
 140000388     0.263325853007370     0.077529979471578     1.047329617536571
 140000389     0.450899923101785    -0.126881189358423     0.786622394901477
 140000390     0.407239205971662     0.758113639591459     0.624466957568685
 140000391     0.596843991484246     0.532790754407453    -0.184747210100283
 140000392     0.355339478693733     0.227332511029825     0.561471348860561
 140000393     0.505093039019180     0.547794639062459     0.380554111652645
 140000394     0.922577598237897     0.556901505286661     1.009024348502162
 140000395     0.473951957172759     1.068729500623260     0.154898953064136
 140000396     0.228834577755877    -0.030159665622606     0.824930422267544
 140000397     0.306499270934989     0.587528180187530     0.400987529016190
 140000398     0.381985658508393     0.627303245646037     0.212408158680740
 140000399     0.020277881567640     0.242666542777165     0.956283414665652
 140000400     0.350319674728722     0.968832396904054     0.837481268065359
 140000401     0.737125966217137     0.960227810020646     0.040150407934465
 140000402     0.925072041377827     1.086572951413888     0.992941306726855
 140000403     1.037387915486061    -0.159313364004446    -0.172766650199675
 140000404     0.488172006544131     0.217108577373450     0.484218535379553
 140000405     0.133569520761531     0.658596629779876     0.781890198248029
 140000406     0.096636840052677     0.657723653954947     0.672302417463591
 140000407     0.860084209099403     0.122903120246260     1.172573666048511
 140000408     0.571576187971488     0.692209753052054     0.945530733392803
 140000409     0.411929463984477     0.940244826812406     0.197924316259178
 140000410     0.451995975212118     0.202590166222646     1.163045089146183
 140000411     0.764794651007351     0.208694606933621     0.687598603934191
 140000412     0.688669189743015     0.817955821381628     0.618240852908740
 140000413     0.569873892744308     0.128003555101284     0.778761552228732
 140000414     0.814793725106322     0.287818790910335     0.406079097253447
 140000415     0.064574651661275    -0.078800793995372     0.226051538518868
 140000416     0.886708679182336     0.467077436106523     0.556627378415476
 140000417     0.619030810427569     1.121254901538524    -0.177881711458046
 140000418     0.672694889391666     0.124303806391833     0.615912021554099
 140000419     0.222496285906805    -0.091321248799950     0.853705066914615
 140000420    -0.070540333568948    -0.096929451753524    -0.204232389087711
 140000421     0.704640986966652     1.121181882069671     1.080095853289241
 140000422    -0.040238713609818     0.373558528068313    -0.080743651935962
 140000423     1.033616833929086     0.363349530192324     0.257916301529034
 140000424     0.314554519531255     0.181255908995379     1.153711848117472
 140000425     0.005482775154905     0.126655783632785    -0.089917438850681
 140000426     0.507527713279390     0.422181480897745     0.230072247561318
 140000427     0.740456329685845     0.499755884418491    -0.006489562410268
 140000428     0.317351336909182     0.062942048818277     1.112384783450151
 140000429     1.053742219797037     0.878802339956632    -0.153273377804414
 140000430     0.088430119122941    -0.098848700818210     0.261513308966724
 140000431     0.498306164335457     0.510647867183707     0.935029686473720
 140000432     0.967789298109363     0.548786674689475     1.042994023602938
 140000433     0.070326417399998     0.289183776580755     0.119035997040235
 140000434     0.792779816588827    -0.193411707751780     0.511445349701105
 140000435     1.044790881438041     0.597344197628607     1.008213740561747
 140000436     0.297837903672730    -0.158969709858074     0.680171737648764
 140000437     0.904624794555864     0.856944071776683     0.831172398620696
 140000438    -0.029133813120082     0.677491186877440    -0.248757633669917
 140000439     0.738911357303712     0.316901106332791     0.248895077434345
 140000440     0.548902990885716    -0.058246891588419     0.561694478305012
 140000441     0.975032536525681     0.513183744531431     1.038970856824482
 140000442     0.554025337533758     0.688382100694538     0.980197526189383
 140000443     0.478332328399448     0.390151909888592     1.196760042205855
 140000444     0.804704059802485     0.791364065232238     0.824102672237112
 140000445     0.552049141436760     0.672352470596845     0.979082594228214
 140000446     0.932826891353423     0.842072065936001    -0.009479055862522
 140000447     0.725973513026672     0.825964255238105     0.694319405569509
 140000448     0.525070065062001     1.126642687172591     0.208967640068121
 140000449     0.077409979754722    -0.077012714600354     0.238813236519886
 140000450     0.043866782764321     0.130835075619359     0.036838593533467
 140000451     0.935515634992317     1.106244412265616     0.084731664276214
 140000452     0.854548693411240     0.945758272229220     0.102560900795600
 140000453     0.475289886198618     0.074112965450158     0.770200274907250
 140000454     0.776573885705402     0.732766285347833    -0.141539092217558
 140000455     0.585846795619852     0.326376739106247     0.867448327149008
 140000456     0.950773435530751     0.951620192691334     0.555985845164736
 140000457     0.031152401544334     0.726885042122280     0.643443334020922
 140000458     0.410076917237634    -0.157776132197264     0.349116441039305
 140000459     0.735442632490498     0.221645651069942     0.348970259509003
 140000460     0.071849874820404    -0.078170897535068     0.250019714717129
 140000461     0.489250402553685     0.768428585219867     0.791694178498405
 140000462     0.145026843276088     0.694541232085563     0.789291594352781
 140000463     1.089457328863431     0.216818267126598     0.694891729887536
 140000464     0.403822196620217     0.113763843077368     1.106027090317547
 140000465     0.682053142420303     0.925590442495157     0.357304867030173
 140000466     0.550008022473748     0.088472616839823     1.058917842404861
 140000467     0.058851132384559    -0.049327873984113     0.235978244891978
 140000468     0.524583001692093     0.688796472049478     0.407358972360219
 140000469     0.156468602038585     0.677238118558586     0.754071351454655
 140000470    -0.010643442651235     0.726927482373106     0.848706725264680
 140000471     0.508164356087654     0.629102041251005     0.618863944352045
 140000472     0.718019821920633     0.166586735428286     0.999806275914100
 140000473     0.681619826809524     0.835207870142766     0.848846903054810
 140000474     0.170332300585924     0.036526246948983     0.320804730127085
 140000475     0.159997908055639     0.268267820826701     0.763283165776500
 140000476     0.525171398570032     0.838355786904787     0.345701458173137
 140000477     0.020449445999358     1.094904628821225     1.070256460090736
 140000478     0.403152805193442     0.528275646815052    -0.233109041380770
 140000479     0.681188683934547     0.289443591459369     0.252686073823474
 140000480     0.611116957487388     0.744817627443482     0.359052955933755
 140000481     0.261814051671172     0.260906393757385     0.598038679324306
 140000482     0.638832620201009     0.421097256342667     0.793918740988732
 140000483     0.257815707582626    -0.186014720720132     0.877054433711112
 140000484     0.561815691756014     0.751951612563065     1.026225576371975
 140000485     0.935034225153064     1.009391311692049     0.435721888790210
 140000486     0.670373478621827     0.720617493791211     0.781209097380797
 140000487     1.005522302310813     0.163246101455233     0.308669256369761
 140000488     0.825869516801761     0.149094567729646     0.516700692341250
 140000489    -0.086986960832947     0.644072840330642    -0.289544471927799
 140000490     0.530262266566029     0.976244815624893     0.732088600371705
 140000491     0.143063018907756     0.643251790989874     0.760957717237794
 140000492     0.715982416183418     0.175934458606051     0.986041498042243
 140000493     0.137667581351966     0.827667529998475     0.954215221388230
 140000494     0.514175009931453     0.202467363876826     0.729220392514497
 140000495     0.307863488485834     0.203306504195407     0.968584267001427
 140000496     0.718025790017004     0.343629966308543     1.064369023467229
 140000497     0.347293206037320     0.050055207768706     1.010381445093811
 140000498     0.580687731138042     0.738908610418420     0.963279792879075
 140000499     0.739868441174866     0.389145298994805     0.441731966429767
 140000500     0.403263103487788     0.792715222137759     0.281036794493428
 140000501     0.661199237875806     0.139435396527839     0.357298584753520
 140000502     0.074141001391845    -0.182554481951023     1.231767948466765
 140000503     0.104280937156388     0.894434074554459     1.007923240437822
 140000504     0.525202429148145     1.002599005464558     0.367355483493362
 140000505     0.880471606057439     0.361484844601899     0.192702120889964
 140000506     0.558187168586073     0.936527215940564     0.706392597194014
 140000507     0.625616383652139     0.700579076056094     0.966425525548901
 140000508     0.154488465601404     0.633406380435084     0.791714047180331
 140000509     0.494131679173770     0.677597726969217     0.636791408300198
 140000510     1.026726883425376     0.317229279345154     1.193342074850875
 140000511     0.317552973909725     0.260264587690154     0.483112486227080
 140000512     1.026983220344920     0.593421023041381     1.021733309873454
 140000513     0.113584418679435     0.661795230636291     0.824094663640464
 140000514     0.069951295360687     0.661550562543143     0.829619485526267
 140000515     0.053419563328664     0.623997180285332     1.137645955447300
 140000516     0.261253300708866     0.078937377633628     0.879086439072559
 140000517     0.562397426148792     0.710563726758408     0.999012053474820
 140000518     0.793360063986393     0.534319370437370    -0.270680771827241
 140000519     0.523581749041573     0.042923432542536     0.862541010351772
 140000520     0.886768174308768     0.150984178822452     0.508198416311811
 140000521     0.883120515718033     0.371248880702608     0.725103772858398
 140000522     0.936139066275800     0.722145313169478     0.480501801731054
 140000523     0.559448525427432    -0.095641767952705     0.619435829773735
 140000524     0.382689334912613     0.052566673227384     0.837766100061301
 140000525     0.582852505328265     0.738318118412486     0.971167563938997
 140000526     0.320934795573937     0.049502236601091     0.042819348391230
 140000527     0.608942002584473     0.077790171663932     0.127686256215367
 140000528     0.743206992158674     1.058045794001784     0.614529591185656
 140000529    -0.086958839082678     0.510971643143364    -0.118882487374767
 140000530     0.328336383786312     0.122440063606644     0.732002921346733
 140000531     0.392822054465691     0.079855339305705     1.130811407928278
 140000532     0.691050046966327     0.793732743168625     0.444939100077776
 140000533     0.599226989617979     0.723049279115659     0.901435391863243
 140000534     0.753804509054890     0.374303212086751     0.298142029798980
 140000535    -0.007791806233803     0.834274076532870    -0.014990648625040
 140000536     0.959918130934590     0.463988535950615     1.035444323997776
 140000537     0.947129777544870     0.037516092541661     0.147248004952551
 140000538     0.648166309807555     1.042057188817224     0.509651846005641
 140000539     0.516570962196280     0.678512888824904     1.242765122361520
 140000540     0.153573899007888     0.634598315292181     0.773290153097363
 140000541     0.072775467395027    -0.084748000899583     0.236163193067628
 140000542     0.802622969065720     0.453558226602508     1.168117136135870
 140000543     1.009560655697779    -0.181286375591215    -0.157810090090561
 140000544     0.336070763577215     0.078761318504919    -0.033741082915551
 140000545     0.302070469656788    -0.015838606681386     0.561761650538851
 140000546     0.620614564930614     1.082251976104614    -0.056950434314460
 140000547     0.974404183521759     0.961460994388098    -0.043183430729364
 140000548     1.035408286978467     1.065652026831202     0.657444116177666
 140000549     1.090592474993109     0.843662029362880     0.527153049361065
 140000550     0.596820806504429     0.283012001671935     0.456567406523819
 140000551     0.460979171224553    -0.171073758458865    -0.061750303716133
 140000552     0.946462948842664     0.176080751067681     0.338358779719873
 140000553     0.822082399899686     1.076360518558514     1.166577986938053
 140000554     0.063696410321288    -0.085540651780429     0.285973011728435
 140000555     0.170135254083079    -0.155314576460163     0.603257325489839
 140000556     0.568376138426700     0.711542191181339     0.924140029448273
 140000557     0.105454378165125     0.581617652405800     1.087294637394512
 140000558    -0.052247641860815     0.364651129992531     1.099871926381850
 140000559     0.249639605102977     0.150244546818772    -0.025816686072595
 140000560     0.974846212219509     0.509989969283762     0.952916941938242
 140000561     0.582873702226186     1.139564648564058     0.466273008347943
 140000562     0.532895072875115     0.736410833301336    -0.096441304745966
 140000563     1.032246756254340     0.318163101103400     0.775886185540751
 140000564     0.911514695993241     0.812003524286395     0.366618837757587
 140000565     0.137924943676671     1.011152646235129    -0.158035383901235
 140000566     0.076087438630762    -0.087560269661395     0.225068794194453
 140000567     0.825345488482804     1.123806730389774     0.984954445906928
 140000568     0.331722671274630     0.319698945752183     0.737493840702523
 140000569     0.033430564199242     0.825897730126837     0.331260670615398
 140000570     1.082868072640664     1.147004246681208     0.545451428823497
 140000571     0.955853384842837     0.560738080949457     1.029994115598200
 140000572     0.604430128917668    -0.060226057839097     0.954578582628224
 140000573     0.180208030219392     0.634796682870107     0.781835039093305
 140000574     0.419712456793302     0.394171907240347     0.013127487975101
 140000575     0.281244447577144     0.942763182728104     0.058346236980315
 140000576     0.064533515368741    -0.069112581351642     0.231268630315790
 140000577     0.195907836871256    -0.022166874340804     0.404043940653935
 140000578     0.765446088646568     0.379859237255696     0.463941285629633
 140000579     0.282111801036983     0.188393301175366    -0.077035804780638
 140000580     0.731699387498573     0.531083926642927     0.431300046390621
 140000581     0.328540548926205     0.137114309544967    -0.033824331217871
 140000582     0.936065109601598     0.827692934126057     0.033661927324859
 140000583     0.159804750057753     0.649755165897930     0.809327208513056
 140000584     0.230926708334340    -0.004037119238756     0.487221975878550
 140000585     0.162152766713889     0.380991770844489     0.350339999127090
 140000586     0.791351103269672     0.279798371536026     0.459685741783145
 140000587     1.000360994871899     0.985192388190506     0.588635515168656
 140000588     0.618997891919880     0.761423221141925     0.950852201104504
 140000589     0.135513505387116     0.831831029269938    -0.060543465049949
 140000590     0.155131277052301     0.323611065920822    -0.238621680343227
 140000591     0.074955261755528    -0.110458444703503     0.265769943635341
 140000592     0.142063477004779     0.211420697966241     0.489240973694251
 140000593     0.357400076411727     0.032580763290534     0.887831234018751
 140000594     0.040385292268024    -0.094843505568094     0.222037003882401
 140000595     0.392821504759922     0.834551631843469     1.032112341606161
 140000596     0.730994851038593    -0.173730285321385     0.408132172673499
 140000597     0.375054380938658     0.349628727803682     0.285262986348421
 140000598     0.353003898317440    -0.058053161827083     0.429013245817109
 140000599     0.818130892829121    -0.038323876723479     0.679886976464586
 140000600     0.609420779130366     0.690890505940497    -0.134236644594834
 140000601     0.386843583552267     0.184212150609706     1.046935697453328
 140000602     0.963807051424562     0.493447062243295     0.816277912914493
 140000603     0.999822796585311     0.537080374978309     1.071457665689447
 140000604     0.848205667714358    -0.116795434278468     0.148692335003816
 140000605     0.414654654058180     0.014176428796783     0.150553900050043
 140000606     0.005929344559579     0.285786869769517     0.765223503916025
 140000607     0.237356029050154     0.112812093314707     1.084016277572367
 140000608     0.071643799086020    -0.089171738794275     0.233006142243734
 140000609     0.145765305257766     0.658646134976826     0.838242215500240
 140000610     0.628652711590850     0.908089268812341     1.116961096053329
 140000611     0.337862712732452    -0.190804773829847     0.594148363858523
 140000612     0.516048235766468     0.307170309076850     0.972535358911043
 140000613     0.939687163175855     0.546477304305124     1.019503104744072
 140000614     0.949809457702930     1.182367399974659    -0.076746945527111
 140000615     0.904022977430268     0.258778985920743     0.341122496379205
 140000616     0.886164051862206     0.364957239413932     0.155050389905827
 140000617     0.346254130875312     0.119612958159243     0.726637567046507
 140000618     1.002411512834373     0.459726098621943     0.871587640375552
 140000619     0.694771679520421     0.653513480819903    -0.180217498720285
 140000620     0.764141995632858     0.426928726603552     0.397746605739323
 140000621     0.758825256028856     0.615462870099156     0.809913377953555
 140000622     0.353219408200253    -0.082079424604082     0.732138583256696
 140000623     0.282050764271243     0.061224693985629     0.007636806895198
 140000624     0.116531412687028     0.056732079317180     0.638719216487341
 140000625     0.348070232598938     0.094680247176110     0.556448140700726
 140000626     0.303286175544111    -0.052674049981059     0.690061091478227
 140000627     0.684461017326856     0.468358503440335     0.920196987523719
 140000628     0.487148658500735     0.491443180308495     0.088444419973926
 140000629     0.328240298355209     0.919705987751789    -0.011932647226708
 140000630     0.867498692201141     0.816781615227294     0.734443785716757
 140000631     0.285033836783143     0.176221826529594    -0.185136149790292
 140000632     0.566763577340568     0.690217106800995     0.965928448641154
 140000633     0.404367579868761    -0.024423940797131     0.820814004624229
 140000634     0.829401870883149     0.623261985172533     1.078811662008035
 140000635     0.254070031040831     0.115248499995586    -0.036900282890401
 140000636     0.895667464583266     0.256332969337009     1.065304462155044
 140000637     0.647672296119550     0.618334967976836     0.598439730718829
 140000638     0.111607019618857     0.631600553892499     0.377486185076368
 140000639     1.018734471119898     0.311892206337383     0.299843060600509
 140000640     0.444812306843269     0.578960703025814     0.464949787943372
 140000641     0.633070010501524     0.216013345728278     1.264159819520093
 140000642     0.070228633002244    -0.071346771313165     0.236030914726156
 140000643     0.955876515861938     0.260175746613777     0.448839099109928
 140000644     0.819188399953418     0.882881790355192     0.365040005182676
 140000645     0.161185351876056     0.650849518625103     0.791060327326090
 140000646    -0.095681930732739     0.978398635080639     0.813571896216892
 140000647     0.830937207179653     0.013333935003176     0.628498960748158
 140000648     0.916636963719224     0.283202547776919     0.371988883211346
 140000649     0.448954267534628     0.206791033198822     1.030319142248691
 140000650     0.483757982383207     0.151394025997976     1.094999344553636
 140000651     0.409259414339091    -0.184587458327445     1.140404588742445
 140000652     0.522652398668483     0.162460457978095     0.386652787996396
 140000653     0.737142275657748     0.908153362595092     0.585696783843222
 140000654     0.082835938728863    -0.083470988245938     0.230278743361267
 140000655     0.602318296389472     0.722792798807456     0.962009223608910
 140000656     0.256655144444072     0.785005222042509     1.247890333911055
 140000657     0.887940844844638     0.961252129209523     0.129932796221766
 140000658     0.365312865229091     0.862056457433690     1.207927775758519
 140000659     0.860538776112679     0.355178658918616     0.374658002204786
 140000660     0.632532701865199     0.717254309436269     0.441797887196950
 140000661     0.240835714722682     0.098051007231004     1.190091793907029
 140000662     0.858008381561346     0.369414836463522     0.616883327317074
 140000663     0.175249999466317     0.687494535963764     0.787474215783177
 140000664     0.331010530747971     0.013441306539652     0.472303561398847
 140000665     0.210109773140051     0.699687297338598    -0.200135627016874
 140000666     0.053397920536468     0.295206172723416     1.174385501913876
 140000667     0.335449918331180     1.190317916934687    -0.168998064560461
 140000668     0.144822122138707     0.634320366223369     0.778034694566147
 140000669     0.576945528923999     1.066442987080682     1.213377814708829
 140000670     0.240064747089200    -0.158214371440654    -0.029243726593907
 140000671     0.714159891293931     0.478759836225764     0.391103204359050
 140000672     0.598424455342666     0.695776072981392     0.918261432923851
 140000673     0.094160536093568     0.648725934298313     0.239489292554118
 140000674     0.055476833996981    -0.109241426629103     0.245131201853902
 140000675     0.822447835996072    -0.124398727269656     1.131905126680848
 140000676     0.269840928310253     0.482803661086736     1.155845835080731
 140000677     0.293920432355028     0.170742210741703    -0.026118647008610
 140000678     0.498385568496563     0.213041264700772     0.919096811039716
 140000679     0.364719304043647     0.189324091324968     0.928055673771784
 140000680     0.761892882478524     0.302497933664643     1.022665134250737
 140000681    -0.040624639297934    -0.182523638212414     0.407437763042216
 140000682     0.145817070945389     0.543808619134599     0.625039553096457
 140000683     0.698648057075300     0.220719628186684     0.453174332727845
 140000684     0.467098587599532     0.798865754488113     0.518474166216071
 140000685     0.253381404785759     0.045624867171295     0.063035508671567
 140000686     0.835658835706854     1.024229091693306     0.023280141803738
 140000687     1.029226785068226     0.170632817561338     0.291141529684571
 140000688     0.361967751202609     0.652303308395290     0.673786305978836
 140000689     0.149407024057026     1.037884331401181    -0.244269218238453
 140000690     0.888243212075286     0.771058144229317     1.176722026546217
 140000691     0.567914260430617    -0.099971153537271     0.777192032156793
 140000692     0.263377457912875     0.105983692779331     0.764714885332744
 140000693     0.575270484675404     0.716800289031056     0.954897359018017
 140000694     1.059013793554853     0.543841535230370     0.687008444226218
 140000695     0.936344725641750     0.346713950394733     0.853078551873178
 140000696     0.159244119724157     0.647670614160280     0.768517627040896
 140000697    -0.036286632466871     0.304555766481419     0.555198045622604
 140000698     0.793665411556829     0.819280005725466     0.740029461859789
 140000699     0.422059394991330     0.011656009732762     0.438693178371020
 140000700     0.461101707189774     0.602132422578378     0.291808347975028
 140000701     0.582700064454496     0.734060823782088     0.951145586044517
 140000702     0.771601982109417     0.004100447386944     0.457100927412644
 140000703     0.314187601644692    -0.196276415654539     0.416208705226482
 140000704     0.266343104307944    -0.042012925807853     0.583416905368138
 140000705     0.557719548025705     0.647262977226681     0.966786030237927
 140000706     0.066331800125732    -0.101541905292608     0.228818729306892
 140000707     0.867751536410438     0.456344638587973     0.722349257272224
 140000708     0.095138674140095    -0.067185371136051     0.238641978100736
 140000709     0.452098043002393    -0.003716322026421     0.613605927853061
 140000710     0.408381867883070     0.570841418564215     0.309305187346921
 140000711     0.450511015042695     0.105580953979241     0.933893038596319
 140000712     0.941059827314017     0.504298112838965     0.972361207256969
 140000713     0.303143792115109     0.216222070855725     0.465002281986481
 140000714     0.412756769344121     0.106027152584933     1.043006146729292
 140000715     0.536831268665342     0.042284580840620     0.637573079052521
 140000716     0.370153938776301    -0.054318897536994     0.381584496170349
 140000717     0.638956575235001     0.547637542836505     0.638101849594293
 140000718     0.470212347580711    -0.195925251195541     0.989782458890864
 140000719     0.970106995367333     0.479788068637179     1.051534486488709
 140000720     0.430067794647151     0.071046340736000    -0.226828958009955
 140000721     0.253918743467889     0.290297072279691    -0.250976647101686
 140000722     0.760121301277575     0.724230641778589    -0.249462054966387
 140000723     0.807392465351569     0.894979961962529     0.889914430464187
 140000724     0.512353679883963     0.723788756500790     0.539456518962873
 140000725     0.884064834872312     0.845512350706921     0.121502425917388
 140000726     0.916153027835835     0.362155515395719     1.087502516629915
 140000727     0.439641340302074     0.151743812043712     0.880844559762856
 140000728     0.950211560209964    -0.107086085497683    -0.168957783550277
 140000729     0.073975384693538    -0.088100931949172     0.234714879137683
 140000730     0.937801395052673     0.559387054838539     1.035389906492838
 140000731     0.938983054370903     0.901917202025070     0.574502610367102
 140000732     0.231802733207299     0.745915098082534     0.366182513892334
 140000733     0.404057545142293     0.328009217531427     1.148410532298151
 140000734     0.626378234240435     0.683103501471289     0.954944609093469
 140000735     0.806859780120702     0.924655484992855     0.698351844067046
 140000736    -0.038829449435254     0.233531948595950     0.596633654989832
 140000737     0.588124627190543     1.103025533515046     1.055694776506152
 140000738     0.687197647644700     1.103974086966836    -0.135075183889153
 140000739     0.195884117880153     0.152614103390618     0.523101039085057
 140000740     0.505498274527770     0.033882392629062     0.680485166808144
 140000741     0.067868238840481    -0.105386645820993     0.226407640655517
 140000742     0.119265687382411     0.095160615173049     1.274194600716062
 140000743     0.874589644446714     0.178023441565441     1.299735247596165
 140000744     0.649295867049253     0.502971806437020     0.960013906009291
 140000745     0.830831596051239     0.214818054870198     0.333720025891528
 140000746     0.554703151789509     0.220023915246892     0.939945532586506
 140000747     0.586949550867106     0.679707772483515     0.239584569312226
 140000748     0.251266189374964     0.158422831503543     0.468991557614974
 140000749     1.099843038379250     0.985181747480200     0.265951713701503
 140000750     0.933175792264938     0.333820097044874    -0.228562396030612
 140000751     0.573693559678788     0.680029367306341     0.954613908980587
 140000752     0.958479459886767     0.577237522601574     1.019704487606796
 140000753     0.672255396367849    -0.122785093091824     0.702565602308657
 140000754     0.937234203895890     0.880029615470459     0.376552070234392
 140000755     0.047521501793871    -0.113803516464193     0.237213182860895
 140000756     0.138285532114728     0.610108005274660     0.777066677832277
 140000757     0.950080700774899     1.135909146449749     0.514840638584026
 140000758     0.637900226653764     0.542273314614401     0.630845182136727
 140000759     0.072272136116615    -0.087877632589707     0.242652578525661
 140000760     0.924422934845898     0.636723202263208     0.714187828041018
 140000761     0.165811018059685     0.410448907958062     0.898163919328033
 140000762     0.790414133561652     0.298298852789299     0.374406343049140
 140000763     0.485954501352524     0.521571491461469     0.454084502534088
 140000764    -0.026105996332560     1.039204396178071     1.276167992605500
 140000765     1.005714872631144     1.167089152772677     1.132168953802588
 140000766    -0.033174542056582    -0.190748818976016     1.224408541934972
 140000767    -0.006112524246232     0.419954480145006     0.177495196176462
 140000768     0.896462926766215     0.617659426797973     0.321278658831321
 140000769     1.045804416321441     0.474543798315382     0.928400245558437
 140000770     0.577856631313939     0.683148768765835     0.937929591210398
 140000771     0.086443785436825     0.128472153917265     0.551787958262883
 140000772     0.596396708144569     1.051101666324562     0.827945328260465
 140000773    -0.020676197912974     0.106421271148094     0.731809596395869
 140000774     0.984761990365513     1.103048638097068     0.093414217245768
 140000775     0.219511539970922     0.592167713287903     1.049370471653483
 140000776     0.603335072807970     0.714932979659331     0.955504435100243
 140000777     0.121518848575351     0.662921753408888     0.800595267159937
 140000778     0.810597313641661     0.226761886970663     0.658765945285919
 140000779     0.055285024846946    -0.101409087939675     0.250847843248098
 140000780     0.065113355199481     0.696202840632707     0.034399905980276
 140000781     0.904206892908567     0.003302827428097     0.159692464205225
 140000782     0.116167619860207     0.671755822503288     0.785870233389641
 140000783     0.295195680938797     0.222628402825942     0.140184800324868
 140000784     0.062824811849528    -0.092182697681024     0.249443168731436
 140000785     0.448452706333897     0.470391090193053     0.012835695002754
 140000786     0.715648492228626     0.328573319461870     0.444283695349377
 140000787     0.239397048281371     0.830615339237828     0.309763425261596
 140000788     0.674874932835463    -0.149470537528547    -0.234576478682358
 140000789     0.370172290334509     0.937400517757450     0.815491004229523
 140000790     0.656700810538784     0.426342187321295     0.836217482976457
 140000791     0.575954199338507     0.686910117634231     0.966026591762874
 140000792     0.478902469619417     1.020369675538953    -0.094019719317037
 140000793     0.969277738461638     0.288218777723463     0.477148139046203
 140000794     1.093736375646207     0.275266022698453     0.536710371444411
 140000795     1.045993479225306     0.835733295000038    -0.098322324453391
 140000796     0.539559374948860    -0.186049902463418    -0.148104425387465
 140000797     0.844551962428390     0.587653582222750    -0.051042451340336
 140000798     0.894866250836723     0.773348484748348    -0.095879194049861
 140000799     1.021253432114386     0.448476710118324     1.073431551826408
 140000800     1.081245089460425     1.146621244491784     0.548946051463129
 140000801     0.475514442528021     0.072349915861075     0.673304341621314
 140000802     0.473439840114374     0.364594227838183     0.930359852477517
 140000803     0.059490505447870    -0.113489545562432     0.264290703253523
 140000804     0.834235128154981     1.151417580357531     0.409491013996732
 140000805     0.377431246913085     0.408971774622827    -0.264967755363019
 140000806     0.873531591133923     0.192187781440758     0.096858864596775
 140000807     0.370967702691724     0.612535756521661     0.567423387606193
 140000808     0.340222968863211     0.000033189179113     0.901076691177269
 140000809     0.613134916587229     0.383101554564845     0.716420411333218
 140000810     0.478460058886210    -0.195533030943676     0.829967093116026
 140000811     0.614993437818989     0.647730154443347     0.677217974217780
 140000812     0.231446877975768    -0.059602153925644     0.429643470642059
 140000813     0.533139810311039     0.116131609914985     1.078080278751035
 140000814     0.969517501254371     0.906199878274655     0.057216165475254
 140000815     0.214832345052376     0.369860875611621     0.409297281023942
 140000816     0.576621755927604     0.723393062522722     0.961723076893026
 140000817     0.321830038483063    -0.104369939327602     1.087310612305040
 140000818     0.603754924930595     0.335432888233372    -0.065545883439521
 140000819     0.805144392624841     0.354160478338717     0.406269818542899
 140000820     0.759462666104145     0.914499847073747     0.324402152936592
 140000821     0.365483388986101     0.274086531300370     0.325062482333880
 140000822     0.338935924493476     0.031400851192692     0.426035915972452
 140000823     0.954224978654452     0.422036043632839     0.249264992148973
 140000824     0.010127428003636     1.055157294276837     0.953731539683737
 140000825     0.002555436356393    -0.091095072750822    -0.015393552471334
 140000826     0.568215095581378     0.517629479087753     0.639765058127156
 140000827     0.711164832168147     0.147411021803332     0.782411743908484
 140000828     0.736892234692826     0.768578682813016    -0.287001637836284
 140000829     0.259265004628135     1.098538416111544     0.150687458336165
 140000830     0.331696654537309     0.000045968542396     0.860005193283737
 140000831     0.953986200955114     0.243242793948412     0.418140172751554
 140000832     0.581729319902086     0.723096421893207     0.948645078686121
 140000833     0.890278786517402     0.721694141840322    -0.181554736696607
 140000834     1.018363245229588     0.073416262989862    -0.182341528849953
 140000835     0.551399924580777     0.172493768758029     1.033024704133696
 140000836     0.666171386888290     0.447207168209184     0.197312361383253
 140000837     0.302669524971146    -0.077037912614559     0.222566027264869
 140000838     0.915727122025287     0.486007870686166     1.064961627141475
 140000839     0.123893239699750     0.831197433122561    -0.174598341869788
 140000840     0.809629593732233     0.591582191890538     0.724565626923480
 140000841     0.010730506426003     0.679612034057453     0.216374016541098
 140000842     0.302670335656274     0.065695100777581     0.498114467100096
 140000843     0.355615465467814     0.979926158086357     1.126039816896303
 140000844     0.093413324901411    -0.091567741708246     0.256743178674343
 140000845     0.681789728492078    -0.067442629887162     0.262205805276121
 140000846     0.464078678577618    -0.004610184713501     0.512740455633199
 140000847     0.602007014449582     0.283890561248766     0.508673037523374
 140000848     0.351452274265217    -0.072050718851733     0.626365815137060
 140000849     1.078134041442632     1.052764609544586     0.042870165811152
 140000850     0.803209495088820     0.291896313071803     0.385856221208507
 140000851     0.958765403471386     0.230279528281406     1.097773992365763
 140000852     0.953411740678095     0.479166680476757     0.494485583131277
 140000853     0.290764308316666     0.615915425932401    -0.283182999769350
 140000854     0.826782585688196     0.339120050846591     0.437275205333156
 140000855     0.725467535308431     0.301911802430327    -0.066793557274151
 140000856     0.362340722846410     0.761580630917020     0.103240457128652
 140000857     0.310839795499952     0.210867675401443    -0.011224537144175
 140000858     0.835217718535296     1.084560013957576     0.250013922248150
 140000859     0.398012225546536     1.019646376296315     0.279812147786644
 140000860     0.500096045472657     0.008804332012158     1.038506293452963
 140000861     0.146251530905567     0.657682968333923     0.769210739528448
 140000862     0.364832311805039     0.204226806584289    -0.060988908973989
 140000863     0.189496139699562     0.976963200132910     0.265947877539078
 140000864     0.744213739551943     0.206561548070646     0.485045693443954
 140000865     0.615007481003087     0.371656289722781     0.380102760727620
 140000866     0.573089180592998     0.983100920187283     0.238571891937144
 140000867     0.859568007525403     1.091395489249205     0.025038760202162
 140000868    -0.009858793902385    -0.089175130804180     0.063234230467341
 140000869     0.393419361557867     0.398136926250844     0.166849031095890
 140000870     0.546697859083960     0.880195931001781     0.563514564877072
 140000871     0.490720362569277     0.030416206008496     0.653236458744388
 140000872     0.931087920943815     0.542469861033700     1.035009208432771
 140000873    -0.064286942293011     1.152559045672385     1.122405961236820
 140000874     0.560718251119670    -0.165877866017216     0.997338360099863
 140000875     0.853007721740799     1.172723028821157    -0.138442649425140
 140000876     0.046466935594577    -0.113438558147410     0.248148450559294
 140000877     0.786419365702577     0.327431997326318     0.269089509669219
 140000878     0.483775397150633     0.190691439502865     0.277832923567518
 140000879     0.362667455348073    -0.051667128168889     1.035932186879591
 140000880    -0.032443941262422     0.756826015597563     0.680151013466711
 140000881     1.036728062130925     1.196414658277459     0.101776498192568
 140000882     0.262628765000066     0.129619967876437     0.123804720239403
 140000883     0.726310566781451     0.484030590746957     0.612943729702753
 140000884     0.866572072869754     0.382582970222584     0.289249297106640
 140000885     0.514403348306536     0.151762652043079     0.351205277914641
 140000886     0.578234368832003     0.847060744907898     0.712580794844236
 140000887     0.755724051837192     0.283532972547956     0.502650448429217
 140000888     0.976433841641950     0.158986860118467     1.075680089428814
 140000889     0.736918470482268     1.033639129658497    -0.035518954446994
 140000890     0.539177001526581     0.670359745669825     0.956031018026543
 140000891     0.387209731863032    -0.129197876269256     0.580358091931927
 140000892     1.011580781094203     0.239654377586565     0.498666743088933
 140000893     1.076274251829413     0.423448048368152     0.102638921154280
 140000894     0.124760722289713     0.682287781386534     0.783858884489129
 140000895     0.719847294828767     0.850926052479755     0.845216333695052
 140000896     0.953189582205848     0.552122268369297     0.968532094989710
 140000897     0.136665254138087     0.677693368521302     0.788135311484706
 140000898     0.270016704438805     0.453991891039275     1.131727488327687
 140000899     0.873761484518151     0.351811450796279     0.538743045689773
 140000900     0.619266559270376    -0.080150013496945     0.519907711069242
 140000901     1.096675196139741     0.891954742832869    -0.111737725301104
 140000902     0.822544471480717     0.753337449834396     0.320398195356148
 140000903     0.578933519180797     1.073914100549821     0.131721256861453
 140000904     0.584039974741416    -0.164256753283972     0.643892771000504
 140000905     0.218161731879511     0.963296695979458     0.349289738555983
 140000906     1.036673037527489     1.040023104510147     0.426256294334957
 140000907     0.105338831924942    -0.172830696080264    -0.223117246718062
 140000908     0.500557278676745     0.146103718267673     0.959673590315786
 140000909     0.414760051332435     0.051222371886100     0.776237347126214
 140000910     0.913985621147366     0.720542550266751     0.154048474571807
 140000911     0.326669552804331    -0.127116974893093     0.955813848186326
 140000912     0.080505441396750     0.112731673748928     0.775587596785286
 140000913     0.494976944532733    -0.141420222213940     0.484010930994937
 140000914     0.465620722706555    -0.015826642853852    -0.055949436176378
 140000915     0.012587030620110     0.475098380648354    -0.216361800517565
 140000916     0.557071707243444     0.737947527831951     0.934839541258955
 140000917     1.039688918930193     1.124482748001489    -0.031503737499721
 140000918     0.948569091736034     0.529343276701168     0.961948925885998
 140000919     0.580695495101880     0.714612769783359     0.932460320582083
 140000920     0.160164699771373     0.661201637587188     0.783583432222105
 140000921     0.610673099845190     0.673596290436979     0.959463883704008
 140000922     0.451676449548906     0.991080194253085     0.388808765942766
 140000923     0.382200346501320     0.679160762103002     0.257834356617618
 140000924     0.350461349313706     0.355105609512116    -0.145724406643418
 140000925     0.768755416106567     0.242578944948969    -0.022208466444033
 140000926     0.525112792794379     0.029009129455006     0.818139404028134
 140000927     0.423806677315796    -0.011756923445256     0.114484602657965
 140000928     0.598279059884424     0.653288214720459     0.949060353152451
 140000929     0.381537570522577     0.151042216749136     0.017385136413742
 140000930     0.707709194247225     0.049403692365803     1.104177079374799
 140000931     0.045447940385796     1.165419070173097     0.052177428766951
 140000932     0.270441669052866    -0.024082127333305     0.833930182460017
 140000933     0.319954766701201     0.143495299635525    -0.088648561761177
 140000934     0.571990493803899     0.665127291459973     0.992614610656392
 140000935     0.737611699349930     1.007453668928163     1.008979086468650
 140000936     0.565865224633357     0.711485840069396     0.487154451660285
 140000937     0.845401695397707     0.156909771366610     0.370542141222249
 140000938     0.008723331358923     0.567878727753341     0.527134578255464
 140000939     0.582522949170104     0.701125451901334     0.976181498427890
 140000940     0.572653495756589     0.247010918878147     0.662567714106479
 140000941     0.614783978455436     0.274748287399227     0.382169294801689
 140000942     0.583945300921407    -0.072281682788361     0.848353428386172
 140000943     0.784903765349758     1.026904332130140     0.988203186038188
 140000944     0.179087509082450     0.649120347694406     0.794470641916590
 140000945     1.044446454006159     0.073642099882128    -0.105052923740058
 140000946     0.822414658395657     0.181310504975737     1.290102312491675
 140000947     0.900120621102640     0.061099282091160     1.229670528255148
 140000948     0.539942616662751    -0.018760538614183     1.130180518320046
 140000949    -0.027230557828748     0.545558858448047     1.024154777005474
 140000950     0.241500876562319     1.127050199217976     0.636666974056717
 140000951    -0.007864645123931     0.036527504612048     0.386880368980571
 140000952     0.505192163857046     0.319676809871048     0.953375869626580
 140000953     0.697158893470754     0.266950568953272     0.357969327340850
 140000954     0.436367768030044    -0.036678118457916     0.610258079389084
 140000955     0.999668732979647     0.456491433909775     0.381345228925839
 140000956     0.631060765176524     0.069768213211589     0.692059460702915
 140000957     0.561907861726688     0.940213987510453     0.439926742992183
 140000958     0.574859137374703     0.704501546418035     0.987834636350471
 140000959     0.651351237099809     0.564455633343475     1.278701621863977
 140000960     0.828151330483593     0.699459406058925     0.371255786546483
 140000961     0.401520185109299     0.480827015823601     0.506768980408470
 140000962     0.455452869380351     0.230135469426301     0.955640458942587
 140000963     0.508800135904563     0.621630436108876     0.439278051260218
 140000964     0.475015529587325     0.298997660518471     1.029393598725246
 140000965     0.924440131667874     0.517330260424248     1.036785324408677
 140000966     0.374361019725127     0.719547410989566     0.156063672798429
 140000967     0.241495106826672     0.199554063289538     0.623402429955856
 140000968     0.931405879754667     0.942129431862294     0.437826367726331
 140000969     1.090452303679512     0.180818795656775     0.288823690902100
 140000970     0.810069643966276     0.651009966375205     1.009139300664064
 140000971     0.153818959719806     0.673384829478269     0.800314276333606
 140000972     0.919298838096691     1.144726268345496    -0.075972579505780
 140000973     0.698365729256721     0.568976407244092     0.061339601407279
 140000974     0.569705028676798     0.713281685483413     0.975536658610361
 140000975     0.921714400218149     0.740884917066474     1.082582512179063
 140000976     0.972159949674351     0.862957917952722     0.438918766525345
 140000977     0.915611406809021     0.884578879186609     0.874002923993467
 140000978     0.272780909321565     0.110077659275968    -0.002741068491283
 140000979     1.042803356908308     0.888511126104095     0.175305879720242
 140000980     0.949594136121918     0.165565800589153     0.435031600602392
 140000981     0.373990699175445     0.148508821869728    -0.068095243525339
 140000982     0.592666002339364     0.780806533318339     1.018707808214378
 140000983     1.037401494394504     0.608383525773152    -0.186862507166018
 140000984     0.239445123037054     0.206960975144383     1.095164279803398
 140000985     0.270389103869947    -0.023942522672746     0.550095749801471
 140000986     0.802715404501339     0.264530069780484     0.344048571926918
 140000987     0.124401662745788     0.661697175891134     0.791245994091660
 140000988     0.673424728486824     0.261211019290580     0.184883435408686
 140000989     0.222727368940296     0.825946519420276     0.356378873211165
 140000990     0.500417077460956    -0.080395779816287     0.908248676856665
 140000991     0.753627256750283    -0.177606492350881    -0.094708865685744
 140000992     0.716163138975593     0.320713808134073     0.465429176886189
 140000993    -0.065204932559399     0.653405780437645     0.896463743208791
 140000994     0.566409929272169     0.366884801499086     0.437317156451509
 140000995     0.799929449068224     0.509164064230697     0.431020874155436
 140000996     0.188230745292200     0.189443907379882     0.506500238611768
 140000997     0.279267533681665     0.317671267624144     0.857356056128592
 140000998    -0.030074543487802     0.402715514493561     0.463697812668764
 140000999     0.557059566190984     1.189554067610830     0.955031730289679
 140001000     0.599200741308598    -0.011835746245362     0.664300561967087
