 320000001     0.342954797136218     0.278045439340183     1.031043090029879
 320000002     0.613457714875947     0.754926507888734     0.523494151296756
 320000003     0.592806613538695     0.643295696979895     1.271836035955451
 320000004    -0.030230631005069     0.907331520632741     0.471233922761504
 320000005     1.059492619939103     0.702117665500436     0.610161044881237
 320000006     0.081630878841739     0.893946872637460     0.624971004847203
 320000007     0.193476450753056     0.189328467039166     1.186516550181101
 320000008     0.516772608723281     0.091530229266114     1.155533458082261
 320000009     0.341719874534415     0.095006709706264     0.523069376941256
 320000010     0.316535788734327     0.161831368753931     1.062348977939124
 320000011     0.477610021225101     0.856220315435778     0.010206296684417
 320000012     0.736364978007409     0.868006205073419     0.489408154357951
 320000013     0.320400727628050     0.877438540594534     0.693346535077926
 320000014     0.607988041278192     0.761366019126123     0.960896702680003
 320000015     0.791156953286441     0.852284991568974     0.459707929850336
 320000016     0.201107873484156    -0.068065780646110     0.909289291910304
 320000017     1.014436847701851     0.879850991161750     0.584729604914233
 320000018     0.483344056066142     0.076844230500095     1.262307106118149
 320000019     0.576587877227817     0.127348501501788     0.762686058818759
 320000020    -0.062245175368839     0.743234707425694     0.604672083262739
 320000021     0.798766035664396     0.414365971363622     0.976419421698406
 320000022     1.031208743344142     0.870100134535719    -0.018441327428618
 320000023     0.059068993502367    -0.079496207526350     0.234884747755314
 320000024     0.604837158196123     0.683034706320642     0.950168315809451
 320000025     1.007489317926667     1.066136461757752    -0.167379271956987
 320000026     0.923160151732877     0.102964675449895     1.230985285286586
 320000027     0.552170573567674     0.262367322953670     0.612963845380696
 320000028     0.056989247952943    -0.192820881901080     0.658446191051147
 320000029     0.892477968718140     0.048494878927492     0.815192047398221
 320000030     0.168185605055750     0.459578648227955     1.211071837284099
 320000031     1.019340160565171     0.097645165784746     0.814946238095861
 320000032     0.836836071746123     0.443037112863024     0.486817803096441
 320000033     0.486563666851644     0.357250442798751     1.011015268140947
 320000034     0.115077788273377     0.529497014732098     0.608632835683560
 320000035     0.723056036021465     0.446869709766853     1.109740788933629
 320000036     0.661810169479327     0.140286387263561    -0.041270363236788
 320000037     0.973888924058610     0.860941887562465     1.066682977066088
 320000038     0.425659994247761     1.052688588254410     0.959811310067282
 320000039     0.353843048201746     0.208264227190022     0.010030776840415
 320000040     0.920482375319567     0.518874609951067     1.021196405425639
 320000041     0.884934644777815     1.148532586667034     0.379466443812032
 320000042     0.208196274974643     1.056845000523080     1.096270882520723
 320000043     0.387695652814396     0.175582458224290     1.053596779717014
 320000044     0.355643506034599     0.126245620106412     0.020564805330472
 320000045     0.506891417724195     0.797993960233517    -0.128350357416237
 320000046     0.306012336474634     0.927219373016548     0.428927915873011
 320000047     0.716658046907033     0.326272492160823     0.985291911694872
 320000048     0.824477345512788     0.305702437544708     0.524355125814202
 320000049     1.052386885966714    -0.048734183901450    -0.009114759290587
 320000050    -0.038035318053014     0.847045879455862     0.749577313069278
 320000051     0.486785831078611     0.158732588053176    -0.222024181838461
 320000052     0.912597951650718    -0.145311055583790     1.203316527828960
 320000053     0.490656070853528     0.843589280535394     0.046710023246944
 320000054     0.350205911422424     0.404855453338255    -0.053325375031523
 320000055     0.160282511068498     0.233071833553446     1.136470115392320
 320000056     0.406607541364153     0.834826243399643     1.169200786854549
 320000057     0.629576619658168     0.438168679696408     0.722869331631713
 320000058     0.853498032705330     1.180777412026217     0.271046322623001
 320000059     0.110275966177557     0.658391035945078     0.781502549222260
 320000060     0.278931543228907     0.161622524219925     1.088555336357043
 320000061     0.566014277593592     0.641251441607227     0.889879124643586
 320000062     0.755072617031360     1.136927403022943     0.098737135328389
 320000063     0.337671684582517     0.691772622928846     0.594086769168723
 320000064     0.836691889734179     1.079320366185342     0.084742299980018
 320000065     0.727179234082916     0.286587747384696     0.299591238032316
 320000066     0.576726450257026     0.657066260584475     0.970340080810651
 320000067     0.594259886655010     0.510695266905153     0.820550681710521
 320000068     0.856519404757773     1.054727509523506     0.104009629997537
 320000069     0.312416674330497     0.309191295476662     1.259891387911842
 320000070     0.930476168725439     0.558402904365902     1.015074098394185
 320000071     0.532294110216712     0.345981695377377    -0.170458747630269
 320000072     0.148817331921847     0.616571938280447     0.765772281298216
 320000073    -0.019638216386958     0.910762594103304     1.275169020099671
 320000074     0.096606142268551     0.696558168647165    -0.119016691912488
 320000075     0.091193233761235    -0.111374681724764     0.241857925194874
 320000076     0.782355495889442     0.197299849046705     1.031936084639443
 320000077     0.986980142496302     0.513132557988291     1.031673473908264
 320000078     0.326465331535889    -0.149532786674400     0.740700412689080
 320000079     0.047742695444718     0.151112786231364     0.924428699497206
 320000080     0.059373135257385    -0.075797389615268     0.252140168482731
 320000081     0.052333659174440    -0.080436296423309     0.268556615134490
 320000082     0.380266312265015     0.176210039589213     1.095593700847151
 320000083     1.009655480329603     0.127124824122714    -0.101108165353439
 320000084     0.227943191773656     0.237278364049317     0.615566143078841
 320000085     0.707561029722732     0.288423932073264     0.446676486365622
 320000086     1.015018014601533     0.795800030182382    -0.260306074073869
 320000087     0.058996246431070     1.094124056498452     0.011006903427172
 320000088     0.873678035854878     0.887822444770323     0.648142399224793
 320000089     0.626643767162256     0.602226403195807     0.000181692681648
 320000090     0.022855287344245     0.495277047235846     0.095526448010889
 320000091     0.619157249516724     0.668056018326371     0.616343046773627
 320000092     0.542219825404379     0.975095661875126     1.136794115114782
 320000093     0.766250126824228     0.360500032999337     0.434159742610831
 320000094     0.784029641926477     0.165921831725257     1.217102659230892
 320000095     0.908298902315538     0.590331239991809     0.266863617335846
 320000096     0.816571426765721     1.172162906240111     0.128208241630198
 320000097     0.084549148409739    -0.115297406771398     0.248387474007822
 320000098     0.328988216134808    -0.116009085675989     1.239287644689860
 320000099     0.114341967624929     1.125272315528357     0.687162751143513
 320000100     0.395674233943238     0.022359668562020     0.538114245431760
 320000101     0.249147370625005    -0.094734758923201     0.662954819784177
 320000102     0.783787795317730     1.013819861599890     0.902354881571004
 320000103    -0.028367196215149     0.304351829363109     0.661926510460205
 320000104     0.278247965090571    -0.124374603946181     0.654838234455915
 320000105     0.304279724343505     0.115727927657019    -0.012424580319665
 320000106     0.962903952186754     0.972992785826776    -0.016812376042873
 320000107     0.854235824493744     1.062206621778349     1.028963855664108
 320000108     0.153318259019859     0.655673009579105     0.775879946041969
 320000109     0.651676777433906     0.354300181482548     0.386306318401820
 320000110     0.821410362444362     0.915285321420357     0.551244472539650
 320000111     0.968898262111061     0.568452558928510     1.037311234312615
 320000112     0.247254449672385    -0.054763358864563     0.643788915346145
 320000113     0.089331867191362     1.158066477483713     0.271002811179552
 320000114     0.730271559273785     0.271555264164058     0.472683605586738
 320000115     0.584767137901177     0.725088248941338     0.940018683578449
 320000116     0.920874317772984     0.850500803902388     0.272620029242202
 320000117     0.488401647629247     0.004337276143953     0.328698992034273
 320000118     0.356314930217049     0.141511174187862     0.013425016531542
 320000119     0.959943105164366     0.954049886340019     0.424375704772392
 320000120     0.593611214829927     0.734590663283998     0.970715911668425
 320000121     0.577806299988913     0.716563747789230     0.980049085757480
 320000122     0.158492397766290     0.043027259492969     0.670157367582923
 320000123    -0.085904217157507     0.042967802729387     0.849937136290552
 320000124    -0.041839488604994     0.521153461245507     0.601983215484683
 320000125     0.362592265151392     0.544123392466046     0.421186218800401
 320000126     0.567409628167376     0.627833700656381     0.652965759659571
 320000127     0.749001496741787     0.377473153961612     0.467520974223128
 320000128     0.623818493823769     0.213713991736131    -0.076182911388738
 320000129     0.270510049025129     0.651405922757306     0.745518540006776
 320000130     0.591158144204222     0.730450377711369     0.934408075576699
 320000131    -0.055441143472349     1.185140321187756     0.528906577848246
 320000132     1.037489145159555     0.934204077808584     0.008242366053154
 320000133     1.062874589389370    -0.042867913936166     0.595960334468291
 320000134     0.587826149636364     1.012567697029563     1.147271094698048
 320000135     0.284226253643892     0.014526833400087     0.955861084605220
 320000136     0.165413212170088     0.692745695122289     0.813156420302939
 320000137     0.213785311827653     0.111194552186680     0.776593111715988
 320000138     0.294373714177938     0.202945673459027     0.015938740634857
 320000139     0.726575556440836     0.187837096608434    -0.044010607963237
 320000140     0.925140643632468     0.551164868858708     1.061088116329169
 320000141     0.302909856087399    -0.068069379845551     0.580512472207717
 320000142     0.337876994578350     0.108935634116008    -0.003226717223428
 320000143     0.579280138427832     0.376835449822900     0.439572403556420
 320000144     0.429133349864516     0.112333395340892     0.871496980963353
 320000145     0.292567702643207     0.147130598978139    -0.038605302557811
 320000146     0.208675308439501     1.195610339307573    -0.259267996855135
 320000147     0.134524288759637    -0.182547912258520     0.833947837601444
 320000148     0.757960652184847     0.466180843649860     0.034007869044966
 320000149     0.108974740763738     0.660654606948208     0.768845531635619
 320000150     0.752517911877693     0.258320114235950     0.439825754127706
 320000151     0.889612224612805     0.793718965093134     0.208051284336325
 320000152     0.132498270217777     0.690496890177113     0.780555850742998
 320000153     0.766831837322281     0.362592962461761     0.861443106417215
 320000154     0.247348938852513     0.099394409451130     0.322047421100039
 320000155     0.598049330034735     1.043251037642054     0.444837157324980
 320000156     0.295542441575788     0.005120281164509     0.036402175577457
 320000157     0.448644935739690     0.562790334619396     0.757407779697641
 320000158     0.568600405419498     0.705801247431514     0.931385106467281
 320000159     0.439271078330340     1.046920805355636    -0.133356503847337
 320000160     1.028167911487770     1.004420027883261     0.431451722147699
 320000161     0.818255334439335     0.986340020520211     0.479070021720920
 320000162     0.407592951151080    -0.085746109539750     0.651287268385016
 320000163     0.537248151193641     0.690093775864788     0.311620900302696
 320000164     0.972659820411785     1.180653591925387     0.029695178609284
 320000165     0.700772450574622     0.254693504216018     0.397448246342286
 320000166     0.149254653407305     0.125319754744427     0.839964155919276
 320000167     0.283056447379077     0.872228036527767     1.250680631717288
 320000168     0.949228465487809     0.289431434418475     1.091163778148921
 320000169     0.125640464762575     0.658309450947698     0.777698179406370
 320000170     0.875183877027872     0.329236090917180     0.037201631952327
 320000171     0.349675561941984    -0.058728135336382     0.810300262112913
 320000172     0.598410836795719     0.722459072064242     0.944959109656048
 320000173     0.765240799669814     0.138977934716236     0.857163767417011
 320000174     0.681931548661294     0.893302856489578     0.679638453545692
 320000175     1.071469144198297     0.905236745094312     0.211007241055963
 320000176     0.329032483153164     0.693246996686878     0.143613665966058
 320000177     0.420118451112506     0.485843069243887    -0.100482099689649
 320000178     0.056910544492406    -0.069982050027733     1.109259163008799
 320000179     0.591332066569993     0.532649348639723     0.586314796511284
 320000180     0.993731269485610     0.726862161174908     0.828418137274579
 320000181     0.387993748360571     0.774276807775632     1.031501591347825
 320000182     0.515413901704654     0.170187832888114     0.775339352773370
 320000183     0.758641967367941     0.513899787997780     0.902859467188542
 320000184     0.674205386846715     0.505034885885543     1.017389527724540
 320000185     0.564682575783974     0.129640707407044     0.962852380086523
 320000186     0.997190962197827     0.252131539092992     0.911177014029953
 320000187     0.571089961999571     0.877455343595260    -0.287236672931572
 320000188     0.023924173847068     0.429498428875029     1.183954181496154
 320000189     0.353323401827140     0.176921000465052     1.129919160625929
 320000190     0.882819523421583     0.953443762833056     0.744149901079307
 320000191     0.722805781891900    -0.172030278163034     0.853017835495059
 320000192     0.575081310502496     0.725275941870981     0.937049709793920
 320000193     0.753676773746916     0.196548576314587     1.144146226434141
 320000194     0.543591195875346     0.727768178620552     0.968454848921504
 320000195     0.475939002956528    -0.187195133488038     0.364591427446442
 320000196     0.405514671049419     0.592322625384064     0.109230116072147
 320000197     0.106956882928773     0.386831855365934     0.541423597542371
 320000198     0.384274811297640     0.179500066018038     0.990388324180414
 320000199     0.873944661803870     0.263431895040470     0.174750054976428
 320000200     0.973387932057738     0.652519567760232    -0.230350893078252
 320000201     0.390755780816477     0.424672946938762     0.513975639400739
 320000202     0.158501395135106     0.641631324498692     0.798801827944543
 320000203     1.023523052270596     0.641441861883207     0.399700942770946
 320000204    -0.063826119784554     0.095261820106025     1.048747012638995
 320000205     0.838249509924883     0.281487545802047     0.432787250800805
 320000206     0.520964581218168     0.206217111833985     1.076658910168765
 320000207     0.140524645620627     0.661613179001471     0.829520174443095
 320000208     0.283027958722084    -0.062601947068492     0.569109174775719
 320000209     0.530410025077823     0.677552434255358     0.952475622162271
 320000210     0.555465591289743     0.658148411384596     0.970806967985889
 320000211     0.603790493420338     0.291691621029532     0.445057628189138
 320000212     0.852884583702785     0.439914053709728     0.684383641061101
 320000213     0.800539480435924     0.711880355044648     0.430680151858890
 320000214     0.542666794537208     0.617667957738412     0.564837535212363
 320000215     0.759433911979783     0.257900592543313     0.500390218303865
 320000216     0.268536476491743    -0.036748341566892     1.099551788557420
 320000217     0.400721128941734    -0.108975119478386     0.854623113121484
 320000218     0.294865249857622     0.851240821041651     0.368354852882934
 320000219    -0.032747855413444     0.027201703760469     1.120882746355085
 320000220     0.910210799048625     0.606090774081791     1.073563617968196
 320000221     0.713554732435726     0.188091172294130     1.151635056883851
 320000222     0.548743624635728     0.386564394953610     0.416255754551934
 320000223     0.646474103810825     0.262588890276991     0.988085310973261
 320000224     0.373619181120762    -0.092537345963559     0.524127848883409
 320000225     0.105072484900178     0.045092589423623    -0.069768581003427
 320000226     0.329092943680788    -0.084193639428544     0.372601322176295
 320000227    -0.070177672493651     0.521440176432000     1.023724343952526
 320000228     0.186349092791588     0.657484218560429     0.798892447887678
 320000229     1.065243743885437     0.601949423194052     0.966912990005685
 320000230     0.330826496592703     0.077763626998938     0.651031677660565
 320000231     0.154505939811890     0.660792798738405     0.806684709466078
 320000232     0.349464766915821     0.024458737751897     0.641458184501979
 320000233     0.496390187529014     0.319450294901521     1.025479743269052
 320000234     1.055453794422358     0.196826763344298     0.061665821039070
 320000235     0.519746857036106     0.336747840722779     0.862496804686498
 320000236     0.602524347187207     0.703291464857544     0.918521643665398
 320000237     0.782346898267830     0.624300383606793    -0.074072860169875
 320000238     0.153954371934267     0.732884572488842     0.393195701477610
 320000239     0.754523330438980     0.882708424959496     0.459179341508449
 320000240     0.318187976845549     0.064693395285025     0.545995378906169
 320000241     0.431656597261851     0.530173460787608     0.971023805129130
 320000242     0.742867454745489     0.150782919689364     0.219847870959924
 320000243     0.545311794036003     0.338557883803625     0.793076344598924
 320000244     0.041414804574013     0.219677766819782     1.271037510364752
 320000245     0.656724339805695     0.683925375156954     0.859726947443849
 320000246     0.246037711878705     0.382751741052441     0.035706631174030
 320000247     0.358808195652514     0.664826136688059     0.115024874922840
 320000248     0.418998633340802     0.074418682838183     0.451744737731996
 320000249     0.590292358517686     0.722881330027908     0.961346763663145
 320000250     1.008443919379126     0.311375556147733     1.193816421255734
 320000251     0.476067956810327     0.272493605001687     0.393616331503831
 320000252     0.412607662457613    -0.059878783287086     0.501307211087104
 320000253     0.490406060348691     0.795067112751004     0.538848341904200
 320000254     0.641701232564904     0.814397960096040     0.887475699131248
 320000255     0.217883474077059     0.055748258164536     1.086020184285949
 320000256     0.580675015872829     0.875769391865961     0.067634060829702
 320000257     0.283326596896290     0.180288615459323     0.950975168502329
 320000258     1.021107877206437     0.758495572015255     1.233840219076299
 320000259     1.096226523085684     0.945694888228127     0.528858575686428
 320000260     0.584876877914495     0.721663910900084     0.961178789976887
 320000261     0.355833360832872     0.179981527496443    -0.090474462198687
 320000262     0.600792701719762     0.436898642493471     1.071325346490676
 320000263     0.635057479406635     0.309565517638385    -0.091743130668397
 320000264     0.001137905180356     1.196483645964694     0.509736630239626
 320000265     0.108695749975829     0.645499389320990     0.786392130741966
 320000266     0.417056706910011     0.032397175150398     0.704295632549215
 320000267     0.988332537871997     0.791226389192644     0.739776121696296
 320000268     0.780728302866803     1.191514806662093    -0.209275473164183
 320000269     0.147802010120162     0.619856402679533     0.766811604554096
 320000270     0.658585112053044     0.149576132812331     0.335386574840212
 320000271     0.928478068073482     1.033752891789350    -0.003782510508554
 320000272     0.874368871205603     0.185141579116834     0.986506524922254
 320000273     0.069417283185873     0.720693823666837     1.163083999679147
 320000274     0.795693588103406     0.356841852161788     0.376103965632079
 320000275     0.374172767011562     0.498175167237140    -0.033781988916540
 320000276     0.050698419373076     1.156597564139754     0.596036508914202
 320000277     0.437576161137759     0.089968866289455     1.103655795112724
 320000278     0.037608218091793    -0.097624648206249     0.216044687159405
 320000279     1.093082502739062     1.124083230678681     0.089697720521036
 320000280     0.972641829913545     0.517708123604250     0.466246938069816
 320000281     0.685511033740288     0.269938486538835    -0.149901824541878
 320000282     0.629802632953280     0.664558821117948     0.563511578732251
 320000283     1.099760672288935     0.348430517206956     1.010327162539655
 320000284    -0.061048006413032     0.638604288933636     0.473017875902247
 320000285     0.263582331720322     0.023095986645357     0.837498925878395
 320000286     0.192489017462352     0.618393506297876    -0.003040714861419
 320000287     0.854906503148698     0.449664316705170     0.540198267516598
 320000288     0.157101680227346     0.665346824691533     0.798638798445170
 320000289     0.911750558476235     0.193852048490955     0.584197066050084
 320000290     0.612571685535130     0.554643263645354     0.884108518230140
 320000291     0.599815878328001     0.763208302041091     0.939556579378667
 320000292     0.578713662477650     0.716242134149510     0.935834118685806
 320000293     0.075846811613926    -0.086951668098552     0.289491196974780
 320000294     0.718768752410075     0.278877529631724     0.902026245623330
 320000295     0.394541575488844     0.855611782977979    -0.206372263276256
 320000296     0.217032683509297    -0.157688226015801     0.821876142723130
 320000297     0.071976316220332     0.531387162170224     0.760901632494684
 320000298     0.693756783665668     0.238773564432972     0.844795311107680
 320000299     0.766939740912936     0.651773401028595     0.790917618588677
 320000300     0.963253813239832     0.575940072023601     1.025490906960168
 320000301     0.851700794506613     0.362852003840717     0.472265301981211
 320000302     0.398072079311812    -0.049730587018186     1.158161448062619
 320000303     0.093509942790064    -0.059380115961272     0.224531277298257
 320000304     0.291648958855939     0.305358112633239     0.774960240910521
 320000305     0.558026181081964     0.716188695614761     0.886524178553244
 320000306     0.364267714695069     0.189632581989372     0.995272612276245
 320000307     0.989531501415977     0.554000301097032     1.020079283139528
 320000308     0.605163242680704     0.357251631875355     0.475288128489711
 320000309     0.156791790473981     0.647322510367704     0.772066656753858
 320000310     0.434358777535932     0.167046728473752     0.546019564982413
 320000311     0.446010526272394     0.093328650922213     0.904739617285022
 320000312     0.484070028401880     0.951378119234625     1.018724989816908
 320000313     0.079616868416989    -0.070188272666385     0.225263170129052
 320000314     0.361536286654892    -0.075880515707709     0.811182606130605
 320000315     0.956294625104616     0.558646220846676     1.073134866218986
 320000316     0.778960702643429     0.895099187032636     0.607759700413270
 320000317     0.932687632409512    -0.161064560468872     1.269619633456815
 320000318     0.063053640870421     0.424612769900728     0.249350774628654
 320000319     1.044168465220665     0.928684193791063     0.930765926783771
 320000320     0.887270301646232     0.795424517308570     0.134682106757135
 320000321     0.361671022547681     0.060377978463767     0.775351561645368
 320000322     0.861059249450534     0.396331608442836     0.912463318746028
 320000323     0.518205131272430     0.512844481767218     0.372984098953984
 320000324     0.819769361916124     0.031686126768351     0.476223357055105
 320000325     0.772122396997570     0.956433098027776    -0.127084813214277
 320000326     0.061164014343464    -0.071803136234384     0.222844547750138
 320000327     0.573989693770027     0.568091302927810     0.260430604438422
 320000328     0.509968828147071     0.129778587359816     0.098768792534188
 320000329     0.392557339571810    -0.028263975987931     0.648101714654706
 320000330     0.981244793200362     0.440790202647190     0.995815280040654
 320000331     1.008175599947769     0.608708667730450     0.193227093298700
 320000332     0.329757931082566     0.105202467499866     1.079353852780750
 320000333     0.812314143144459     0.629491313094373     0.705125801237549
 320000334     0.614941739109714     0.552241355800005     0.500587332781626
 320000335     0.546488720749580     0.731003778679413     0.950622347769693
 320000336     0.847334192061168     0.094800017731180     1.177583164994255
 320000337     0.352560126496720    -0.057092659435945     0.430102001545950
 320000338     0.394002837358484     0.600236619662067     0.653522343856333
 320000339     0.924525170973359     0.238699368789408     0.293847325198700
 320000340     0.430224343949064     0.585099073184958     0.320163444634119
 320000341     0.477615176801371     0.643226465185231     0.557204535967587
 320000342     0.789917897170715     0.832363720029748     1.077125439401384
 320000343    -0.095851252790893     0.271166404710789     1.158059844842203
 320000344     0.585254517988015     0.658905246610286     0.940290983146526
 320000345     0.394829894381680     0.213325560079946     0.829869982908022
 320000346     0.835790881053594     0.554816909931199     0.553487594792687
 320000347     0.040888011541178    -0.015530935420545     0.821550614699271
 320000348     0.761796902961097     0.263528528211910     0.400399199695741
 320000349     0.716934615866339     0.608874042027438     0.961163816640443
 320000350     0.321554866806882     0.222290362817173     0.538860349831456
 320000351     0.114726232406145     0.622317243415617     0.785334572137688
 320000352     0.361807902280078     0.080887740297274     0.599542526533983
 320000353     0.631588483386821     1.169060573483586     0.254068603631990
 320000354     0.272799043581341     0.437851666792118     0.842822999325632
 320000355     0.821537361457244     1.031370979925783     0.604936857371332
 320000356     0.194909510525482     1.024907418624147     0.569043777708017
 320000357     0.080226705719454     0.396435505746446     0.648249533054235
 320000358     0.643830420459271     1.071964907037626     0.153097713007213
 320000359     0.695666646163211    -0.075844256944338     0.769326096717364
 320000360    -0.055556454520862     0.603385743319452    -0.077484623614765
 320000361     0.063839162586208    -0.084020945332342     0.250171391503195
 320000362     0.720041321366809    -0.148122084631801     0.769615546655269
 320000363     1.012797573132885     0.849945519673187     0.325987648642818
 320000364     0.466549143979682     0.566062132844012     0.346695010337666
 320000365     0.399190579294581     0.049704795270662     1.019548765862381
 320000366     0.626926069235490     1.002075545481900     0.159422613189447
 320000367     0.705903469893223     0.966454056463443     0.438603879850813
 320000368     0.153532660815473     0.646389771998447     0.773828024466030
 320000369     0.975516355158364     0.789941728168696     0.290062628132545
 320000370     0.460616045666357     0.826205973281027     0.513611910197472
 320000371     1.088386683365437     1.097775142664739     0.680580793759064
 320000372     0.118296217649571     0.260869702968566     1.155295686093786
 320000373     0.559594259781967     0.174870653870234     0.725757470049461
 320000374     0.629977337233215     0.590954017286637    -0.074820124862596
 320000375     0.948435432041996     1.116258093772196     0.356224623041362
 320000376     1.060614286557164     0.971551126401434     0.012686621432598
 320000377     1.090713197990017    -0.129058214141495     0.654099149284843
 320000378     0.968643152124050     0.516369677569449     1.063370665976536
 320000379     0.523978731648683    -0.081537941341990     0.596347021089955
 320000380     0.824089889208868     1.151680107335473     0.576585530626857
 320000381     1.066029460684926     0.644242612945771     0.929891087836053
 320000382     0.153433552870524     0.659160723601714     0.801219608569279
 320000383     0.278139651754724    -0.111561387443338     0.562395369965981
 320000384     0.069582251420386    -0.052385803413585     0.546618346821027
 320000385     0.582515121028717     0.093691519278144     0.805105988916142
 320000386     0.540505860940537     0.445994852035664     0.495684026621848
 320000387     0.799674963887768     0.734854714945291     0.035723045501779
 320000388     0.135156934750346     0.653210226038476    -0.149064431818850
 320000389     0.270834924400297    -0.056021405084465     0.592405248213408
 320000390    -0.093767992073809     0.318274481052699     1.105398607475105
 320000391     0.601621010767154    -0.090004481675932    -0.163381101200201
 320000392     0.674796888983439     0.483806840745546     0.308430269439809
 320000393     0.081779407926025    -0.069888875464760     0.247522689431532
 320000394     0.402207638019779    -0.079130215229393     0.768835575348062
 320000395     1.081215214360947     0.760577903519927    -0.228826685762766
 320000396     0.427764570786141     0.592107547290575     0.504095660136448
 320000397     1.036204873196652     1.012829573373591     0.195939847647195
 320000398     0.253371033192679     0.012955748800682     1.009644435294980
 320000399    -0.058945053320154     0.418842595009268     1.073375022924243
 320000400     0.901288331174721     0.505329059430832     0.783353818883020
 320000401     0.038958705100745     0.995738345352567     0.234911970588707
 320000402     0.650612009649268    -0.005377702713575     0.622972229889523
 320000403     0.975423141264931     0.309106096345513     1.222137834276111
 320000404     0.546841133252759     0.721841195608298     0.395546387142052
 320000405     0.410606718955729     0.987919644287591     1.027719563867089
 320000406     0.504386840916530    -0.059842417178463     1.071449585237749
 320000407     0.712960652077007     0.948550111857958     0.626188234684810
 320000408     0.805356561526432     0.840337713665946     0.272996814321095
 320000409     0.417005845766671     0.316000519601756     0.655554439836477
 320000410     0.543040317292464     0.727211315589357     0.962627661964835
 320000411     0.736832418645442     0.936549804603816     0.307738985446248
 320000412     0.563473950160139     1.015555592636081     1.087482144197689
 320000413     0.522691151343935     0.703073078228829     0.043382818481307
 320000414     0.744897987817731     0.149320925837810     0.718402222178174
 320000415     0.869178760756031     0.939548083782777     0.535133603201280
 320000416     0.856012943744578    -0.168871520030864     0.010679937515419
 320000417     0.544943135317237     0.736657499182310    -0.261903205332103
 320000418     0.359174125325819     0.911314657984159     0.577697626481052
 320000419     0.093197608696342     0.635983629875415     0.796765611595708
 320000420     0.134736248486114     0.287509681963363    -0.168399445326252
 320000421     1.075403017332282     0.853029108484173     0.243390956550744
 320000422     0.132385537433156     0.664365296483039     0.770074608058688
 320000423     0.274479019685094     1.000918152035978     0.666195850055436
 320000424     0.643671754402063     0.469492915825003    -0.011840830139482
 320000425     0.988616257430040     0.505571832805236     1.107733701148531
 320000426     0.599973880402115     0.735167892565174     0.951668869854157
 320000427     0.743047770492792     0.267399911150939     0.885211802010436
 320000428     0.593187401423494     0.772071832035422     0.917104458011218
 320000429     0.674714213124892    -0.086275905574350     0.552315436484372
 320000430    -0.057182238744897     0.988785980027643     0.357987285567041
 320000431     0.176103486519806     0.662002599412250     1.094997439886426
 320000432     0.069116866645572     0.305936417149102     0.254157085946020
 320000433     0.238347655263933     0.386890420417193     1.122250567011951
 320000434     0.060219899470764     0.128240113287622     0.753327698418280
 320000435    -0.010590706090086     0.092235333681017     1.283078799367896
 320000436     0.743098272024383    -0.113094912074659     0.427108872913719
 320000437     0.379363898211269     0.189002848859470     1.079980484414110
 320000438     0.622100028388326     0.563997082147584     0.329379295590934
 320000439     0.809077931535241     0.871054820013180     0.234786200444668
 320000440     0.502359484936815     0.191337507870095     1.191834378217233
 320000441     0.278764040213441     0.827845676662900     0.645575408746136
 320000442     0.378733321790324     0.135554659276323     1.131525418070808
 320000443     0.393939916538698     0.157180687419066     0.000277052148869
 320000444     0.847911537168495     0.923347986997904     0.094212730388163
 320000445     0.649034614873421     0.282570184540730     0.180733092310817
 320000446     0.671981615281184     1.008995772756435     1.225749431556079
 320000447     0.285285134382209     0.112660297771658    -0.009599120143962
 320000448     0.033809720914630     0.435712148500317    -0.135324945156251
 320000449     1.061471149859244     0.897082054507525     0.742578966403401
 320000450     0.387822700676045     0.019389932975357     0.941842802834054
 320000451     0.394861462436236    -0.147728448357230     0.806815492744994
 320000452     0.629972055853187     0.757289585984776     0.856614993555328
 320000453     0.358772212154608     0.858108340341451     0.582330993371211
 320000454     0.592347163086700     0.579919522537343     1.000420019909404
 320000455     0.124358683051750     0.641746879050366     0.780917642221337
 320000456     1.013137261016716     0.853565081221233     0.250329824678262
 320000457     0.733545254801561     0.294889751413951     1.086356951757445
 320000458     0.131716022554297     0.650925656808172     0.812132367419032
 320000459     0.014131825039056     0.202962632869490     0.309890721594556
 320000460     0.092399588448719    -0.158744424749884    -0.255939611018617
 320000461     0.145668323833415     0.695407235602976     0.794717089973592
 320000462     0.933040869830891     0.512879681469010     0.992332857229434
 320000463     0.104964150012299     0.996997692963650     0.095878738421922
 320000464     0.156059299880100     0.681157713731081     0.800271278856974
 320000465     0.229620934839091     0.494876602381018     0.616177977330484
 320000466     0.689697964657044     0.977480227809282     0.336176300658290
 320000467     0.436788164387792     0.102652390569821     0.999678450679665
 320000468     0.628670713197488     0.671668016951064     0.927875017540666
 320000469     0.571962636925228    -0.089158481329088     0.987102463751939
 320000470     0.255157680797974     0.621655279360202    -0.150507865415231
 320000471     0.558278538294285     0.255667744503924     1.164257511232981
 320000472     0.054824390569070    -0.045528212396567     0.984022093737478
 320000473     0.286277282268683     1.138404505272981     0.997366014230705
 320000474     0.814358802715802     1.182935318874300    -0.027721072111785
 320000475    -0.049729252136411    -0.071247393437969     0.220198529926588
 320000476     0.588713831719663     0.367717759805245     1.028450444667462
 320000477     0.449029749379466     0.007263614359116     1.179062176324263
 320000478     0.858145299222083     0.994634239686765     0.293560756248749
 320000479     0.613322987675582     0.719067552277021     0.918180888664716
 320000480     0.911609945096643     0.025978950346618     0.854697202760349
 320000481     0.347357884292088    -0.134022156345958     0.323343961293208
 320000482     0.706476690985018     0.422098673741566     0.477471357720250
 320000483     0.940820568834044     0.264315636998338     0.282341313665669
 320000484     0.528205590649613    -0.137200701502730     0.946298462712456
 320000485     0.683278048814999    -0.021161617196220    -0.130267742734942
 320000486     0.308924037188848     0.048924636257653     0.618342580918686
 320000487     0.735675092221734     0.875319381486871     0.577293892864093
 320000488     0.321348039894079     0.928243540255766    -0.115845758765057
 320000489     0.671417416389533     0.091845554296734     0.623827325310300
 320000490     0.515509819460319     0.825415791730535     0.611158130548985
 320000491     0.287958232028294    -0.109173919780771     0.767729831898438
 320000492     0.101259223093555    -0.173966612444438     1.183703443964006
 320000493     0.206760846426663    -0.179966047005648     0.737648256890356
 320000494     0.545746096796550     0.150021759326016     0.622711680742462
 320000495     0.692025574599659     0.439111462172901     1.045196073179784
 320000496     0.872835360091913     0.949957796949923     0.735117454035610
 320000497     0.255146947960039    -0.034005168092512     0.721168156362549
 320000498     0.697615784349366    -0.049070467338719     0.498128685342566
 320000499     0.021395561773503    -0.174009780025095     0.206838050831966
 320000500     0.360175008461206     0.050358484198683     1.037523176602281
 320000501     0.534083600721859     0.712989010335690     0.930507256961571
 320000502     0.082092474437289     1.107702725913655     0.858934101924388
 320000503     0.098882631004445     0.632280645475553     0.798071606888952
 320000504     0.971461860078866     0.528219071271190     1.038676151193962
 320000505     0.869184760233920     0.261008048235252     0.489574163302267
 320000506     0.673107730387900    -0.094185553607931    -0.126354554214941
 320000507     0.589333424227482     0.590815770854650     0.450564030521827
 320000508     0.691279451340410     0.364384329442087     0.906620442864921
 320000509     0.416984914064505     0.968378920595187     0.802079675981528
 320000510     0.686423711328167     0.214796571882059     0.384178210928399
 320000511     0.179994228366610    -0.074655663182537     0.689614879205197
 320000512     0.599825789401296     0.693102644091491     0.953453183516301
 320000513     0.562116460209464     0.696139413852907     0.945326036940579
 320000514     0.799516778996240     0.235099443774088     0.863837757882657
 320000515     0.062210193735892    -0.091764519875336     0.243846385626949
 320000516     0.663612313156460     0.256111980318737     0.592161170961090
 320000517     0.130048551335717     0.029639964125275     0.303199821884960
 320000518     0.543606573586597     1.055308663242324     0.210693919703434
 320000519     0.701455805110154     0.890659789525106     0.019939747028072
 320000520     0.773181557265291     0.334898892167075     0.985709514648026
 320000521     0.736352282501667     0.455194436342229     0.384755426116418
 320000522     0.135269083493953     0.048307929347787     0.586906589611792
 320000523     0.499149195053287     0.394587881818894    -0.104369514394806
 320000524     0.306013711596518     0.359914985778005     1.127965319981508
 320000525     0.597519560731127     1.115559399188719     1.153965161281574
 320000526     0.970902801825394     0.556260439924444     1.043151500334979
 320000527     0.794817168180972     0.211605158987483     0.484989501588776
 320000528     0.523959521625185     0.138103089532447     1.198819562220602
 320000529     0.053627126802324    -0.084433973072610     0.238488252777995
 320000530     0.234848492860265     0.842248741518127    -0.162227934123920
 320000531     0.542396957630336     0.128230656352162     1.193178563089325
 320000532     0.769013016586587     1.195614592872081    -0.156906602673662
 320000533     0.076810896847408    -0.075269742967323     0.266083312962158
 320000534     0.589957308796978     0.745894587191773     0.946117579569393
 320000535     0.710742498365102     0.855588109160212    -0.246036110033790
 320000536     0.311100898945486     0.248683536914677     0.903271702687779
 320000537     0.199452245400050     1.001493772926106    -0.018982487155221
 320000538     0.565097726375261     0.713235281401070     0.927156295374561
 320000539     0.177177997308261     0.190756986035666     1.259916916968970
 320000540     0.959213920036905     0.455125040343081     0.986417930175354
 320000541     0.625446423274112     0.290415610032940     0.865525831396597
 320000542     0.424631280585122     0.060175762079910     1.163264030498002
 320000543     0.340586987156356     0.022573368419866     0.481321723185824
 320000544     0.494885096066224     0.392453061465352     1.277153391509987
 320000545     0.419092003493020     0.117103265630078     1.063454167433221
 320000546     0.342086563260839    -0.015355685723322     1.008697803390950
 320000547     0.620618836635357     1.013141458961558    -0.102568558111175
 320000548     0.385729034935865     0.367081230401505     0.831624237877561
 320000549     0.849086437600934     0.353546615591392     1.020609890337741
 320000550     0.884935292709140     0.541872893768465     0.985551868106694
 320000551     1.076479275830383     0.349623468534214     0.702474069622288
 320000552     0.978980965762918     0.480930730000415     1.067940459474282
 320000553     0.520314284158434     0.077630474344304     0.541882864131127
 320000554    -0.089134823495221     0.499857701672490     0.698401886352036
 320000555     0.448105148956619     0.153753405139968     1.055897171288621
 320000556     0.281555330880872     1.080489269268052    -0.203894323618797
 320000557     0.263153551220577     0.077480962800380     0.206022574249112
 320000558     0.814853291426785     0.657092761118211     1.241077949438487
 320000559     0.102129228878339     0.821934650064832     0.039240430005310
 320000560     0.399894854156882     0.222300227028049     1.076395466471770
 320000561     0.998273466034671     0.562361380971066     1.072433163653200
 320000562     0.961105650852163     0.728615498157000    -0.093182421447153
 320000563     0.440234773494064    -0.099568491038860     0.567723742924366
 320000564     0.037095600912899    -0.117736471826329     0.253449863279664
 320000565     0.964123234373571     1.004746071842419     0.167782334889684
 320000566     0.767808715963461    -0.143356406127775     0.685992882274759
 320000567     0.087039572554717    -0.081835556628635     0.241726043377559
 320000568     1.032325764620549     0.531716288846236     0.388061071405334
 320000569     0.225831322279002    -0.044551854334632     0.593120500818176
 320000570     0.555250302043437     0.718308217055004     0.924966567000887
 320000571     0.151771408009016     0.612316323265688     0.816787652633239
 320000572     0.226192971898432     0.150893598127695     0.077400421226364
 320000573     0.754705256997633     0.928156528070836     0.195486240609738
 320000574     0.635937952204861     0.998483729115550     0.818132073093988
 320000575     0.097869041910838    -0.084113822968235     0.229401824791920
 320000576     0.287361577785150     0.850953046341759     0.622446540538826
 320000577     0.227044047188216     1.130533169325659    -0.186967856165850
 320000578     0.088805928104300    -0.094606957746650     0.245982061067422
 320000579     0.705749841219730     0.307959786610301     0.525851950015907
 320000580     0.212673995255768     0.254015594957374     1.208575805338286
 320000581     0.010514797195036    -0.031143140402278    -0.129347280005511
 320000582     0.445585230471180     0.755229923502974     0.640916448406842
 320000583     0.575412722797908     0.722723416858772     0.946703686958684
 320000584     0.590217349662591     0.710857872727214     0.950101650995841
 320000585     0.961726631822235     0.565925218423985     1.004289586180801
 320000586     0.746756286118911     0.671081165399691     1.095353082633876
 320000587     0.671019850167981     0.918751232359939     0.523323319641195
 320000588     0.427569643300593     0.118718380937686    -0.211020826644835
 320000589     0.287238418147101     0.797224717545974     0.375277506007058
 320000590     0.745753629138855     1.146122746708667     0.801424650014189
 320000591     0.723279617768566     0.406534736367632     0.351760618877711
 320000592     0.287656895731387     0.229533163011137     0.761768307840079
 320000593     0.126668305086727     0.651151307349614     0.793021896216576
 320000594     0.570790612040663     0.898974162418950     0.126298691258092
 320000595     0.772925498383296     0.171350859191624     0.547950199226582
 320000596     0.066541972410365    -0.080153960349027     0.244287281612648
 320000597     0.581373612731296     0.695304934689982     0.907507585072765
 320000598     0.616503053485271     0.740683549587188     0.961641874085440
 320000599     1.010591067752896     0.982391558551710     0.205735979457238
 320000600     0.793594772113308     1.087933383575385    -0.271181455652364
 320000601     0.575187825277769     1.065551455013016     1.172714069416612
 320000602     0.926905984243481     0.541746985441054     1.099330739608368
 320000603     0.510295178968918     0.615652512154332     0.095700262793857
 320000604     0.108716241859668     1.126208834906731    -0.274135520400117
 320000605     1.075552062231776     0.880822590394903     0.540423895781201
 320000606     1.011446307291142     0.840006970656087     0.907264045248111
 320000607     0.675035416780761    -0.009378414177322    -0.035174633546701
 320000608     0.917904568392550     0.963622716713505    -0.101681030923269
 320000609     0.493007344819640     1.067260622757757    -0.277998051828123
 320000610     0.904260240444808     0.935325823742637    -0.111062988731032
 320000611    -0.092422019112442     0.240569212793508    -0.002737556545420
 320000612     0.785924189770370     0.358385676088460     0.545079794672868
 320000613     0.627168277120505     0.298658848192755     0.440529487162903
 320000614     0.747820216380919     0.318010192255961     0.232264640873228
 320000615     0.029872419911951     0.167835114634543     1.239261273600731
 320000616     1.026059393445623    -0.069760686993195    -0.270397068338348
 320000617    -0.035588457020923     0.615601128798343     0.691801511551304
 320000618     0.302563515253700     0.055269102635102     0.667400691698044
 320000619     0.395671689458922     0.719728111509708     0.506983797209508
 320000620     1.050235562992508     0.786446058143508     0.355988427884410
 320000621     0.528653872916226     0.624691452312281     0.644393352977059
 320000622     0.598354563803139     1.148422448296144     0.636412661592024
 320000623     0.243276150966394    -0.014352199399529     0.545782898131919
 320000624     0.044794247454610     0.873021178284819     0.089601647784291
 320000625     0.587454511379505     0.659248219077468     0.900468741302878
 320000626     0.276054569786387     0.200401176405061     0.018132173531281
 320000627     0.334782722319481     0.086054787674419     0.490795121752687
 320000628     0.585781616201243     0.942220266969684     0.508653544336430
 320000629     0.788873552296080     0.174915277752159     0.330837689093937
 320000630     0.066248389773667    -0.081843008966543     0.264293009263160
 320000631     0.618276681211062     0.730768840925283     1.070133511719301
 320000632     0.014734098585652     0.494933176088488     0.768277730343492
 320000633     0.392717358632050     0.016093992945954     0.732825891915343
 320000634     1.022464927582317     1.171317020112283     0.086328922775795
 320000635     1.082576442469816     0.195213674856665     0.074799375819556
 320000636     0.229548591414730     0.233520684571332     0.977702403185123
 320000637     0.816521785532342     0.364832593272099     1.013722466536165
 320000638     0.572934773680849     0.501171304067968    -0.081710067879993
 320000639     0.135549027031770     0.548604102307458     1.086357940187923
 320000640    -0.002088302864871     0.043069450732745     1.063064804090991
 320000641     0.379425269684064    -0.066659705206787     0.974915377325072
 320000642     0.045594072943326     0.898041074900985    -0.009286367233329
 320000643     0.468006112987396     0.021182147153538     1.047468645779424
 320000644     0.873622080795131     0.997814163421261     0.023815271008839
 320000645     0.521851194839079    -0.041684405860756     0.636057931442690
 320000646     0.764690834858288     0.337256416315531     0.388388022104706
 320000647     0.164176045220197     0.653005422414502     0.778951456129980
 320000648     0.988018807753033     0.481146746755343     0.700283502028397
 320000649     0.767395641989140     0.667291359897793     0.092365086233025
 320000650     0.625782500742104     1.109858932846739     0.876876189136851
 320000651     0.489833930029427     0.662454048987802     0.630164759059932
 320000652     0.237747673163802     0.097588010167410     0.048544125554568
 320000653     0.528483276511541     1.039562851175791    -0.283515242977129
 320000654     0.855312996396606     0.553116050344865     1.153621294878489
 320000655     1.056268920296694     0.786958187511459     0.364261105180118
 320000656     0.435000495737124     0.168351648538365     0.874583143273743
 320000657     0.587751666484809     0.832661843967415    -0.273886943323165
 320000658     0.059627530959594    -0.091560205625348     0.260299752679631
 320000659     0.906684315419259     1.133686760340102    -0.204867653121507
 320000660     1.045070739161688     0.129936036256782    -0.141077830630351
 320000661     0.392355971771557     0.184855415238059    -0.046869240258824
 320000662     0.932001010897971     0.581300272142723     1.065680640247370
 320000663     0.105948798501419    -0.091633835399396     1.204371023306427
 320000664     0.155033459367133     0.655286093222356     0.756365663217004
 320000665     0.338267076444966     0.051506868598859     1.194833843001121
 320000666     0.367763190160575    -0.018974765208010     0.372176262135642
 320000667     0.783589966185488     0.828137878059111     1.238370726050178
 320000668     0.252412991950387    -0.004037166267180     0.506860766828959
 320000669     0.685182683905748     0.686078082497485     0.428619232567448
 320000670     0.966173201255390     0.274938323594815     0.982215336327604
 320000671     0.009970344181601     0.737390278766869     1.096154166515962
 320000672     0.152217025185228    -0.003727440110817     0.620433286546320
 320000673     0.817653427098614     0.314531149715565     0.444756633787896
 320000674     0.708866160648564     0.726434225015564     0.529701157986009
 320000675     0.601174962083177     0.693669856219955     0.949770154297220
 320000676     0.820656574036614     1.194914444442524     0.179718946346435
 320000677     0.603127798590812    -0.061895649768639     0.767224450707238
 320000678     0.296449126392827     0.137613243193039     0.737183769590971
 320000679     1.081651829053167     0.319948827999610     0.503137431610932
 320000680    -0.072419519478486     0.099716615665760     0.605546787756076
 320000681     1.040296969939050     0.546645629108032     1.022176324204414
 320000682     0.058026843364128    -0.104406819583259     0.242176107463610
 320000683     0.474805993750864     0.427098391822642     0.912276293028689
 320000684     0.577880169898115     0.730304920438228     0.156668045558998
 320000685     0.146662615279460     0.668767192147756     0.779028716103997
 320000686     0.271653571526692     0.925299308872652     0.455494113373270
 320000687     0.701727294154700     0.035094174315386     0.509812928255643
 320000688     0.389169259694411     0.301505640766400    -0.108449636754325
 320000689     0.317484390231152     0.085220742121316     0.728946715358141
 320000690     0.932978997064703     0.775366266263970     0.167394218495205
 320000691     0.320871587881045     0.451542213868885     0.790180416082335
 320000692     0.300659353757839     0.004467851659579     0.796476261023805
 320000693     0.380533415087472     0.509358228291789     0.091390468420967
 320000694     0.445401210739652    -0.049264487667421     0.626597138220495
 320000695     0.674095145561281     0.284908631010486     0.374921996870954
 320000696     0.583330698857526     0.519865482550712     0.633115959875699
 320000697     0.654654385658544     0.202069032757891     0.774937621323441
 320000698     0.913733298881479     0.742774495468958     0.117103628514257
 320000699     0.517155022927932     0.171714251799213     0.193403890208976
 320000700     0.623087320801558     1.106195445829647     1.114169623715765
 320000701     0.144979700121118     0.649742509942281     0.781785494407057
 320000702     0.190856719001916     0.044690602325904     0.698650417103232
 320000703     0.956318900163609     0.541808375352602     0.981048233271682
 320000704     0.745805521628240     0.225394145827728     0.358375611156080
 320000705     0.106824387925161     0.453407246323119     0.711912453927004
 320000706     0.591946479768067     0.586835279239660     1.287069149284088
 320000707     0.645072062459456     0.304945235189190     1.000136497535977
 320000708     0.613234387080548     0.437739442019022     0.852228596361956
 320000709     0.363172847604104     0.124157842954554     0.660371405910938
 320000710     0.357641805962289     0.212027804317325    -0.020378224817599
 320000711     0.649349591256812     0.311501681569607     1.196560756431637
 320000712     0.640844866055709     0.342979724149552     0.925126587297084
 320000713     0.428609126719202     0.062030813622979     0.597140920069481
 320000714     0.929438368725333     0.534378157779818     0.974192284272970
 320000715     0.324096410501861    -0.084120829660688     0.551758045300507
 320000716     0.328032560258809     0.487199213116409     0.272598102377956
 320000717     0.303515693195776     0.037828811678762     0.729478021324263
 320000718     0.210821665208815     0.112297325213099    -0.070754713563017
 320000719     0.952039408354304     0.279282581185742     0.456943269165971
 320000720     0.735183095364247     0.380004828598487     0.947680458414999
 320000721     0.061568096887681    -0.087234376112252     0.222394839985066
 320000722     1.079752327395482     0.663011514948916     1.207115277304365
 320000723     0.298052133716066    -0.169879357117924     0.601213333860702
 320000724     0.524073810483076     0.748205065547044     0.367692155240066
 320000725    -0.075920514283937     0.837265927003722     0.443322465135105
 320000726     0.073302233512182    -0.086678392638639     0.213427447072389
 320000727     0.216258891324692     0.158243916243127     0.864568825217370
 320000728     0.580057894624524     0.526241882404392     0.480938322837561
 320000729     0.583016391916425     0.741974024329053     0.633724453306992
 320000730     0.838182530586943     0.338152443377226     0.527746052464164
 320000731     0.994503715955670     0.498537008647166     1.046941231288805
 320000732     0.125055115535414     0.569087438052771     0.638064889800505
 320000733     0.374839174151187    -0.040963962236016     0.584687403722026
 320000734     0.797055264414291     0.248311913149352     0.912897021015459
 320000735     0.730961754837060     0.112751398663822     0.715180470372062
 320000736     0.756896786964925     0.101356697247891     0.838306758361123
 320000737     0.053812026926201    -0.083061242512922     0.259638984413464
 320000738     0.117331261300366     0.641271602297101     0.367817709231148
 320000739     0.079284258958028    -0.074957787269069     0.256773912942168
 320000740     0.586888702270610     0.675155734914439     0.975429599440042
 320000741     0.472802749074311     0.200055566405801     1.016129795620355
 320000742     0.905617660960727     0.629090902374097     0.165830634139791
 320000743     0.820404490618171     0.226158644764391     0.512368635342394
 320000744     0.830062350910381     0.880324703740919     0.308318443587695
 320000745     0.765688428378543     0.324668922263243     0.926642877451408
 320000746     0.838981597173598     0.183186378827923     0.413174149945840
 320000747     0.044703741981572     0.162378053667821     0.759807969689567
 320000748     0.434065453308155     0.367220569811667     0.569770401385381
 320000749     0.916635919643903     0.197979172049814     1.250956919749993
 320000750     0.704983348586710     0.008413259371080     0.521569248728005
 320000751     0.362721179827212     1.150743537589639    -0.023355049596542
 320000752     0.226497433452313     0.909273086111631     0.341160507379220
 320000753     0.305847876055185    -0.024931530286092     0.558828838482560
 320000754     0.372853358176109     0.208353142094707     1.165389581214131
 320000755     0.058739050424270     0.571265323625223     1.044186632641623
 320000756     0.866047432975641     0.539616415078659     0.713821036567452
 320000757     0.654930065999682     0.664912509408894     0.648357729501533
 320000758     0.749524637747082     0.191854437438347     0.428639793439980
 320000759     0.785553671419787     0.690849583969405     0.052539819798131
 320000760     0.063774399671770    -0.090955515937698     0.247364487011054
 320000761     0.412788847489992     0.029334093351202    -0.288929931030031
 320000762     0.789528667799995     0.335015917627500     0.367287607175103
 320000763     0.062397346233366    -0.105302759084676     0.215410998457375
 320000764     0.070210373798115    -0.108532218231680     0.253186801148366
 320000765     1.037884109467308     0.956213575442300     0.333841899797271
 320000766     1.080239875505438     0.068169032450067     0.156329612899566
 320000767     0.216387734623205    -0.105081476733266     0.681211159415846
 320000768     0.070173053363598    -0.086125257185301     0.223459974795034
 320000769     0.570620631017335     0.702108867977435     0.956243979732572
 320000770     0.944616537568702     1.144974937480776     1.114699644758157
 320000771     0.583138679949934     0.411290347841329     0.009391055996344
 320000772     0.258988001697941    -0.004364053522611     0.580138402025653
 320000773     0.431563024288537     1.093206121921875     0.308151089805559
 320000774     0.218430629118160     0.198755972470246    -0.029404954376281
 320000775     0.633288488080941     0.061022905489813     1.067823842909980
 320000776     0.057557710202951     0.248467596073339    -0.167915518446166
 320000777     0.990673074174108     1.032894063240688     0.985545676900204
 320000778     0.570165019010842     0.700716499411630    -0.178091837304331
 320000779     0.133022877985278     0.642196031937443     0.759432323039818
 320000780     0.520016174020448     0.098636030079688     1.156267915592542
 320000781     0.427487761469684     0.138403211541701     0.849955091158127
 320000782     0.953537901986239     0.547086420021840     0.992875106099038
 320000783     0.681197005593273     0.621999486180840     1.024440906386993
 320000784     0.169894514212195    -0.082870093838338     0.941475257668407
 320000785     0.156896687338767     0.656239602029158     0.786072094316630
 320000786     0.138912096164784     0.052453264542652     0.450249948581630
 320000787     0.790620478099488     0.955431216599536     0.867002389784778
 320000788     0.123705396947408     0.693455129987469     0.859610245109214
 320000789     0.860158134863686     0.552423338260436     0.225127604055785
 320000790     0.129647736560211     0.653579949306359     0.798036892627327
 320000791     0.259539816827255     0.186259299578153    -0.052574313562268
 320000792     0.948872206629310     0.957965852661469     0.542942356728706
 320000793     0.900120949319746     0.544965985447290     1.031701557507886
 320000794    -0.072964476133625     1.118082219666773     0.029503424036634
 320000795     0.821105558159208     0.766351299374422     0.057016118583578
 320000796     0.359812927399664     0.738691577623241     0.569271579845379
 320000797     0.125879025872941     0.619953173277031     0.774495199658125
 320000798     0.846527444141379     0.496587219542395     0.539708286865875
 320000799     0.893782024348416    -0.052092109227296    -0.030493404168915
 320000800     0.323858955426591     0.192175517024649     1.054334952909785
 320000801     0.304466685556464     0.219316281073924     1.124677551106021
 320000802     0.577195814409191     0.467371751696131     0.866262384117613
 320000803     0.557452294860227     0.635059899453892     0.449309637324551
 320000804     0.723643487045285     0.219394140644773     0.409708213576666
 320000805     0.658423258782832     0.834280511916200     0.308897452803396
 320000806     0.843377296469135     0.300120204706830     1.053840560054403
 320000807    -0.091468574456849    -0.070763237715482     1.184113782981746
 320000808     0.382625846766722    -0.076570358299306    -0.214430829091550
 320000809     0.421227519992584     0.853603060382768     0.659586952798971
 320000810     0.231180925903452     0.101728948981480     1.050767403301697
 320000811     0.380490331740485     0.681639779330136     1.149638092605815
 320000812     0.758094577432067     0.276049274931069     0.919919416460856
 320000813     0.312368245362620    -0.009997257052818     0.553278026058147
 320000814     0.902499615114597     0.427955571132474     0.884321028990203
 320000815     0.276407619382010     0.545904896891145     0.197420572234622
 320000816     0.590982649724574    -0.152876739330905     0.635715818256978
 320000817     0.708289334836099     0.365467709868562     0.491547712283054
 320000818    -0.059794530246492     0.985398850209775    -0.236542813047083
 320000819     0.481041565670207    -0.006069283100433     0.060088056467026
 320000820     0.701868965308849     0.251379248222719     0.358878946099027
 320000821     0.290056747714304     0.045459193893869     0.002207499695357
 320000822     0.554961245627090     0.691813710510903     0.959757479984029
 320000823     0.600406466862932     0.686065250011121     0.936992090360236
 320000824     0.345380720054603     0.137159712743201     0.892144334393146
 320000825     0.785781206404555     0.273554705391975     0.357601625393929
 320000826     0.418939137639054    -0.046727653995932     0.705573554621990
 320000827     0.428757474424596     0.933795722462790     0.151520295304896
 320000828     0.366472209596080     0.360345897215379     0.172063617269914
 320000829     0.857054984228219     0.869972365465462     0.397478971800547
 320000830     0.446234075261528     0.308323201437660     0.602046997176658
 320000831    -0.038462161142581     0.083412435380497    -0.054006767957124
 320000832     0.937651316049986     0.536931755954681     1.056415298334272
 320000833     0.290307216834997    -0.083663121710989     0.611425001805944
 320000834     0.755941763489164     0.571109822391871     0.073696720971629
 320000835     0.913362973222455     0.443458748059293     0.975473221663803
 320000836     0.167931171593178    -0.066753456765799     0.338331274679080
 320000837     0.339270338100548     0.144255866056919    -0.044921204810369
 320000838     0.280225856547154     0.101987378859161    -0.043674953707240
 320000839     0.485106094031599     0.185664139421622     0.497949231342164
 320000840     0.985780311477772     1.118736367299422     0.994287698610317
 320000841     0.097464079133310    -0.089200511597424     0.270267395599439
 320000842     0.402258919291590     0.018452308931251     0.892177004260385
 320000843     0.395975758852323     0.652255416899875     0.066643321294160
 320000844     0.090879353426666    -0.073081810168128     0.242743995505861
 320000845     0.909665962316225     0.566846313468503     1.078019789295791
 320000846     0.897386061915246     0.531159538959196     1.005358433313700
 320000847     0.557866723622909     1.001332069977992    -0.226472568734079
 320000848     0.395903624203716     0.087251009646565     0.897399920849622
 320000849     0.838535941319461     0.672784773496276     0.665505342794321
 320000850     0.982933823104117     0.904276643851869     1.015588473608257
 320000851     0.682261541264532     1.033936740404577     0.030079030755880
 320000852     0.268513443624998     1.058339175645972     1.145254457465727
 320000853     0.010973355551006     0.845350758951019    -0.221774776818347
 320000854     0.046065881375597    -0.082618252589417     0.235254771047312
 320000855     0.750667237268294     0.426129448805379     0.433942833716693
 320000856     0.310279472779839     0.224738291335498     0.917680391716045
 320000857     0.125559193133854     0.684020357189645     0.798770061725948
 320000858     0.620086213530062     0.807330737561097     0.285258900654889
 320000859     0.090875891947337    -0.124087784076159     0.241854755090559
 320000860     0.665815656047980     0.231188209644943     0.283117706471862
 320000861     0.541889424181700     0.104571418453026     0.385507356466292
 320000862     0.596077048581075     1.141997642788324     0.586004636632207
 320000863     0.877471758773732     0.829163076401576     0.665720289614452
 320000864     0.816620817183925     1.003525074342262     0.272587446351865
 320000865     0.063987635636475    -0.113756193156209     0.254655054446354
 320000866     0.654244774334569     0.404724150879351     0.010853389764945
 320000867     0.454611824804001     0.210161796736707     0.755261335372565
 320000868     0.353847925049362     0.131485050876990    -0.026348583230359
 320000869     0.476446119690212    -0.103153745333035     0.313876105197535
 320000870     0.932775822911225     0.323276028823998     0.578213457202785
 320000871     0.640358923266515     0.310134943679065     1.021194413147823
 320000872     0.743343058646659     0.351898253909106     0.431003872629181
 320000873     1.035773735462905     1.139318066580504     0.673409175236856
 320000874     0.680231820629928     0.236116000201833     0.380491226950040
 320000875     0.759321891601502     0.420578972270818     0.182511646873307
 320000876     0.610350878533452     0.714077435630277     0.956776682637998
 320000877     0.208159599464729     0.050020709967920     0.567982453115471
 320000878     0.558606195035426     0.485185598043941     0.001080653333483
 320000879     0.334965398678523     0.664207048138763     1.031019069088081
 320000880     0.506112417010127     0.822503913936562     0.543564384027621
 320000881     0.902809305877833     0.550027513206065     1.091356895502937
 320000882     0.820503416899239     0.479593180108455     0.845951514965203
 320000883     0.975943554617487     0.416484122551682     0.724166780080011
 320000884     0.317617871291000     0.253193539386838     0.912516678714095
 320000885     0.788598455288026     1.109424213939263     0.560475562646465
 320000886     0.136986191630062     0.694217804815812     0.795244056936691
 320000887     0.066826921424823    -0.075378086621132     0.268114213485038
 320000888     0.223655511782253    -0.001706471067206    -0.265601458981083
 320000889     0.211374930191874    -0.039875789648861    -0.035293436528893
 320000890     0.720610194201695     0.773733610122590     0.452253296175848
 320000891     0.249683570789995     0.095112463311366     0.570115395204221
 320000892     0.575171362045808     0.181543165736005     0.964921830579931
 320000893     0.171071430102669     0.369708725822974     0.528909803713490
 320000894     0.521718007012118     0.223501122578468     0.304159968467502
 320000895     0.938842613568054     0.965167720758766     0.148390774140476
 320000896     0.449929681712418    -0.018602505360690     0.878731396888575
 320000897     0.271426244313083     0.266710915110077     0.584929080088053
 320000898     0.848772507133049     0.348935705754050     0.809072166910095
 320000899     0.568668687959888     0.692587725170388     0.932531962544621
 320000900     0.906608192517142     0.189808193978500     0.266043114715303
 320000901     0.071237176039945    -0.099847407817911     0.249251188376129
 320000902     0.429813554872849     1.024982378073693     0.687612365285827
 320000903     1.028565354718607     0.539783489579772     1.162579925624274
 320000904     0.503504254793654     1.017477847090200     0.094817892827022
 320000905     0.296143870853533     1.107002161455326    -0.233872831169133
 320000906     0.125365989951752     0.992529651070955    -0.101575892319619
 320000907     0.680344279614274     0.739535879350870     0.599804636606738
 320000908     0.979001531749900     1.110638078331300     0.351889183843433
 320000909     0.115183793814218    -0.154031316332553     1.125908111391958
 320000910     0.059684994029293    -0.138581449314355     0.256582075893890
 320000911     0.129827577272044     0.655603936482840     0.765511646208194
 320000912     0.537401698727725     0.700012755553046     0.363602186319515
 320000913     0.459043321902595     1.008632135196154     0.371833673222312
 320000914    -0.097733624591565     0.172060097940593     0.063415455934508
 320000915     0.879328689789578     0.382037393652383     0.727882264733663
 320000916     0.576425560786201     0.818140945828780     0.364866106248140
 320000917     0.558971129665274     0.631708263422961     0.388616902165741
 320000918     0.046305069089339     0.227845459926490     1.114354250808984
 320000919     0.668295335411388     0.061571893551006     0.901829231183983
 320000920     0.860470510422375     0.864874846743251     0.830270524880206
 320000921     0.467745040708286     0.321244140337105     1.272822400558629
 320000922     0.964495646365083     1.171632283685084     0.105589996416567
 320000923     0.098450892731998     0.039224083579269     0.986490833705341
 320000924     0.370797605710659     0.830597983380633     0.592827805564377
 320000925     0.458029184031573     0.699078610885527     0.775145707108606
 320000926     0.631101294951573     0.818918643236040     0.456416783147667
 320000927     0.257011005480508    -0.084213431200996     0.972902464100306
 320000928     0.650191908035753     0.564448352281268     0.958181297532645
 320000929     0.361947263009648     0.060601026389672    -0.109802515507725
 320000930     0.248029296822996     0.074816003896872    -0.072468473953556
 320000931     0.143835643522487     0.163748904754227     0.750808108910713
 320000932     0.540969672730093     0.000960711459369     0.098830047472937
 320000933     0.304075325464551     0.000856878883916     0.994564396967359
 320000934     0.583412395266297     0.467154263022114     0.424638772983625
 320000935     0.313537330296531    -0.067153253467342     0.780173310434422
 320000936     0.889095975450257     0.807816774596849     1.004626415899857
 320000937     0.372522442038319     0.814755851486662     0.264286264213646
 320000938     0.534295674046904     0.666371550879480     0.621198327308031
 320000939     0.525530093986420     0.697880558174957     0.592488285953739
 320000940     0.133630663085076     1.194873474082641    -0.081953943270161
 320000941     0.083337193269088    -0.082687298443056     0.279704575986951
 320000942     0.958745127289865     0.649692352223170     0.250400500594034
 320000943     0.706946217683562     0.265978420476983     1.029322162418415
 320000944     0.671846491645283    -0.020430220342346     0.875379773758800
 320000945     0.157852827103322     0.677057542443804     0.764142394226611
 320000946     0.409550112820799     0.114372804929258     1.170910613891165
 320000947     0.683742521539627     0.247673867309296     0.435427688588903
 320000948     0.692025895381416     0.676409744862136    -0.117642600903907
 320000949     0.247362799386991    -0.056458719378351     0.644487298955633
 320000950     0.911337988276722     0.736867373882898     0.706201425243024
 320000951     0.603096596081622     0.687503298051356     0.937292482905982
 320000952     0.124308072122085     1.114474696103320     0.788306225282059
 320000953     0.162634561271141     0.690202644758795     0.771844590134620
 320000954    -0.057926848535661     0.363456848914312    -0.212154600273094
 320000955     0.573165319528845     0.704361940541595     0.954894314418611
 320000956     0.968680397587055     0.878606843640588     0.249555878573197
 320000957     1.081267554183871     1.116740974647864     0.191820487438192
 320000958     0.166886009174612     0.627148130936652     0.794654551586671
 320000959     0.079082771069362    -0.099458014659031     0.224169758800837
 320000960     0.374473100036736     0.602183951000673     1.067144071803259
 320000961     0.421462675112314     1.190117051375337    -0.010591325503982
 320000962     0.027872661405921     0.323831864264772     0.109575861802559
 320000963     0.959889073327825     0.100291035448452     0.227132679040487
 320000964     0.720882475932473     0.287130991638981     0.888687136097020
 320000965     0.264846551535672     1.003283222440000     1.261722197712820
 320000966     0.422308483026501     1.120812420392641    -0.188209005065637
 320000967     1.014386359444489     0.927969014189488     0.350261041271230
 320000968     0.432839171508836     0.114674750044470     0.950294247207865
 320000969     0.595750760491831     0.699725281921853     0.970729167464922
 320000970     0.636529231185677     0.310972546430689     0.988748480590434
 320000971     0.444458458952518     0.290782059943972     0.656427797314069
 320000972     0.274621345378730     0.944904127798373     0.602495952414133
 320000973     0.247515424533381     0.058646265020206     0.501589334310817
 320000974     0.157080262711852     0.649276832019807     0.790405772811600
 320000975     0.800567724123647     1.117186459817143     0.823291779871635
 320000976     0.999765698393916     0.740188896595412     0.682684442849860
 320000977     0.768951692801288     0.318133722299117     0.483441932746509
 320000978     0.925246578397127     0.531786713010445     1.062587793888839
 320000979     0.347278744378759     0.192251681631345     0.966680584695092
 320000980     0.256435993450418    -0.018420233471521     0.669993889102548
 320000981     0.574961872046599     0.731622386344586     0.953604275586692
 320000982     0.735619073701449     0.157933526211138     0.331332149297342
 320000983     0.801071350538265     0.870051459039603     0.471746409551370
 320000984     0.185134839689568     0.680733216604314     0.786445492192683
 320000985     0.491721266642250    -0.198777409291312     0.281665358570359
 320000986     0.554822201631998     0.711381423561756     0.952652206586489
 320000987     0.011661053343674     0.593975813380831     0.899377627734204
 320000988     0.420768440850830     0.427521324173495     0.897936823251702
 320000989     0.335367870147085    -0.168838719316134     0.838329219613041
 320000990     0.625252494559109     0.353512267559540     0.287293647348976
 320000991     1.039653688154549     0.217882075842606     0.451489243868042
 320000992     0.595181015864221     0.718706399386442     1.007321351848516
 320000993     0.249342553008101     0.069441369946965     1.149555995357421
 320000994     0.803643246383794     0.769478352160398     0.766346905845896
 320000995     0.085015926449628    -0.090756359949921     0.247735902550105
 320000996     0.215026490919127     0.754995036824034     0.376025250993164
 320000997     0.086837948039107    -0.093042268026048     0.233497333893566
 320000998     0.089495701208961     1.056821209019951     0.241290780686503
 320000999     0.367749966504195     0.431469175883133     1.019510748741637
 320001000     0.598728544126650     0.057599358632243     0.614049766584876
