 360000001     0.809056810801206     0.806836219607451     0.369871055808370
 360000002     0.092410643634739     0.965507817615920     1.060139644746835
 360000003     0.132647898808896     0.647891795779727     0.788811165825478
 360000004     0.946869186376360     1.170899714421278     0.050005839800457
 360000005     0.543050372422138     0.632084255080052     0.111570440948636
 360000006     1.050030194676383     0.739731348064512     0.545913311320679
 360000007     0.817654998620631     1.013916422145712     0.718894875172427
 360000008     0.770974647165528     0.350813229342636     1.115348796084839
 360000009     0.088801611662921     0.275300118818905     0.256064066139456
 360000010     0.316263041904970     0.403399575102539     1.002322986936925
 360000011     0.701639118852656     0.547090011559270     0.811719269950408
 360000012     0.674649547580395     0.315026122522202     0.987797331216142
 360000013     0.192240082005569     0.147783895785696     0.777980586342145
 360000014     0.746946547511972     0.332275250418806     0.985892993387045
 360000015     0.826750957653285     0.586548245212330     0.357526415267166
 360000016    -0.023978288169149     0.884515744497955     0.214299302745302
 360000017     0.912372156790879     1.076531001260014     0.755582399357918
 360000018     0.806934789348414     0.243672872982512     0.375026861548844
 360000019     0.088021400401038    -0.091664201680732     0.227635659354771
 360000020     0.805062573843818    -0.120913502876292     0.890879908546107
 360000021     0.623342176475025     0.970268381166968    -0.101364473010701
 360000022     0.059597413061234    -0.090543545005742     0.231607106784144
 360000023     0.764735136010107     0.938134011169035     0.764539340521808
 360000024     0.487522223565508     0.606863939317372     0.434667058881014
 360000025     0.788048488842971     0.862882789319314     0.576608940195328
 360000026     0.138482517492652     0.642074428660634     0.768069283826805
 360000027     0.757376198443783     0.060006390737168     0.632452051929953
 360000028     0.869550873308878     1.147254968012708     1.041592625443128
 360000029     0.336387265985129     0.165019075508040     0.771486344225830
 360000030     0.353793546302210     0.190951486698994    -0.013648120958710
 360000031     0.255300378303491     0.409616778564932     0.803202887693676
 360000032     0.066040494344518    -0.072337035045406     0.239311407160792
 360000033     0.082022726610712    -0.102319126183303     0.244348772928974
 360000034     0.975072157249643     0.538772200429802     1.008725845175301
 360000035     0.195619811753140     0.501067392062213     0.755780370962392
 360000036     0.883997676278358     0.176409379667859     0.490175202283746
 360000037     1.060428047800717     1.179816291618656     0.477861759458622
 360000038     1.093756230795379     1.074022471711865     0.104943662415188
 360000039     1.034364134646455     0.887773744509820     0.448342016620217
 360000040     0.630102540247131     0.966148820512288     0.498570439361939
 360000041     0.217240246000779     0.103234305659245     0.636180215780517
 360000042     0.814833409045590     0.129489030108968     1.009007691969217
 360000043     0.962642215389073     0.202075682746822     0.207577303159494
 360000044     0.149928533905225     0.670336038103923     0.826673182749247
 360000045     0.464247415592791     0.452541942758688     1.122363267445583
 360000046     0.797151382386164     0.244553555213827     0.546478912520639
 360000047     0.376519173452044    -0.023918004337729     1.025762372031784
 360000048     0.850287263242873     1.057212471015551     1.008497791536817
 360000049     0.455184939372117     0.084736585426685     1.133885035455891
 360000050     0.746058229933456     0.338185936350908     0.358058827403731
 360000051     0.964018509999911     0.587617406223237     0.909367759119173
 360000052     0.687560278003359     0.526820676448404     0.402194170498679
 360000053     0.999517366018673     0.555449268548041     1.042741847627560
 360000054     0.603535804437776    -0.116333608663262     0.025478030777034
 360000055     0.967641924807070     0.489327375710457     0.210298243088289
 360000056     0.084974829102178     0.897107654539400     0.745668705395566
 360000057     0.629797626131171     0.340128337854294     1.117830741045146
 360000058     1.079909613472714     1.149166283930532     0.703614148897541
 360000059    -0.076874690116232     0.180964387759252     0.382046399350022
 360000060     0.138510891634848     0.667977180328845     0.817658505962028
 360000061     0.785463672023784     0.247378957556973     0.427717220755137
 360000062     0.811441027491189     0.361464430182021     0.411529572016970
 360000063     0.119898490530219     0.656411031648316     0.810169466345153
 360000064     0.171477595502719     0.033085757642331     0.758333653883392
 360000065     0.573973163398443     0.674775126444368     0.893853630380046
 360000066     0.605703027683959     0.429283162469698     0.489112777022296
 360000067     0.132167799991318     0.629317315737015     0.779263279449994
 360000068     0.368449345891001     0.900429638738687     0.745053324840995
 360000069     0.871055328903171     0.858565920666590     0.373002334431835
 360000070     0.580648997989008     0.726062744462025     0.931824700690201
 360000071     0.934064964665690     0.530007997577541     1.045874644489433
 360000072     0.889162025847744     0.383511759528245     0.345288079838943
 360000073     0.759344124348000     0.189612550677107     0.964430927275512
 360000074     1.055577704777706     0.579181900490498     0.561862424372967
 360000075     0.788758391829391     1.101256086571835     0.484018907047230
 360000076     1.035922160695989     0.501966912517111     0.980627629512767
 360000077     0.861201828713767     0.740796709431155    -0.283583613078911
 360000078     0.832520442209570     0.873219537334265     0.534894024210286
 360000079     0.999308064755379     0.733105575013689    -0.051877767265073
 360000080     0.691452421047688     1.061530281615532     1.050213901214932
 360000081     0.707215111075207     0.479678238581998     0.465534692456514
 360000082     0.566098997146753    -0.126200085335635     0.801863668078895
 360000083     0.604090633243360     0.710203711898123     0.923456533694407
 360000084     0.729164182509986     0.823771905956693    -0.268789920970045
 360000085     0.617457616726308     0.752900227768212     0.990344951238438
 360000086     0.468247481689921     0.743513442799816     0.606448064436771
 360000087     0.868941672535636     0.421412159961341     0.564839238061518
 360000088     0.968023654904732    -0.134116261454838     0.121034725936248
 360000089     0.745288755938396     0.364717079461037     0.466872282809374
 360000090     0.652610267204711     0.510862665880027     0.718101589612391
 360000091     0.987571232955781     0.512113092553087     1.052368587041744
 360000092     0.291293991214445     0.583080341551374     0.923128836875100
 360000093     0.918103242674571     0.544715661651249     1.040103863926856
 360000094     0.159397755758096    -0.191052725143498    -0.181546721735539
 360000095    -0.016822308835736     0.347254397559915     1.151062896424094
 360000096     0.575870551668475     0.712052596454582     0.944045008665732
 360000097     0.246440341631800     0.690926959719168     1.157099339444544
 360000098     0.063276149817304     1.068712859877237     0.826646311487677
 360000099     0.657530593535749     0.197291851966646     0.431257673790946
 360000100     0.920588352150705     0.980793872900726     1.148963662669557
 360000101     0.507612666899796     0.907065511203458     0.536738096582831
 360000102     0.317901124434352     0.076535534516370    -0.070795179568259
 360000103     0.082136284494840    -0.109512400201397     0.255135001591928
 360000104     0.209200227423614     0.725233008006317     1.298478726470917
 360000105     0.445784440421136     0.148483467379928    -0.029413930388329
 360000106     0.474076014782273     0.322495586247718     0.414541544383022
 360000107     0.696457602509490     0.800851658540334     0.194404971548405
 360000108     0.083886701904628    -0.072839620498834     0.226948606208085
 360000109    -0.018859278951003     1.099249794190043     0.291985814520512
 360000110     0.551601760017111     0.951065036433567    -0.065541385243896
 360000111     0.714855988549138     0.447601294098037     0.511067765791399
 360000112     0.418153033439774     0.554961578252342     0.474305043179909
 360000113     0.503181019045133     0.008422718144602    -0.009298823603980
 360000114     0.426396324213038     0.002499025116492     1.034835321579382
 360000115     0.447516233993478     0.131952648421823     1.005394678397816
 360000116     0.307687932373272    -0.000373109086408     0.766600574758911
 360000117     0.070309420594786    -0.076280606126847     0.231792514900453
 360000118     0.954224494587568     0.566740098601143     1.016189091098750
 360000119     0.731296443777199     0.296210409868747     0.487105652234655
 360000120     0.164073318961655     0.656012122488144     0.226766842164203
 360000121     0.525166049414119     0.209653537240169     0.975701119703356
 360000122     0.998505870213125     0.494338737299540     0.955476780812409
 360000123    -0.064348465802108     0.775264771653599     0.592040600419751
 360000124     0.620745285350061     0.684633562188127     0.931609082575539
 360000125     0.542392596246066     0.030035077642309     0.760225922227590
 360000126     0.210129140176966     0.021324846799920     0.653221117000340
 360000127     0.553422932260387     0.659172022133632     0.278123841306153
 360000128     0.720672407291532     0.156033395790436     0.355495182169927
 360000129     0.384555650398439     0.161066578261720     1.016284901748305
 360000130     0.586356465130544     0.650212925490695     0.932589066451290
 360000131     0.142142892638003     0.639545398707346     0.767976313125997
 360000132     0.208057438828601     0.643603398273305     0.966752328881450
 360000133     0.964532848618022     1.011937980004906     0.076023249864046
 360000134     0.945935492648795     0.435885467088863     0.941798896365613
 360000135     0.397176866129558     0.359331536934370     0.968081535502340
 360000136     0.884839032886033     0.355582610250802     0.838509278272602
 360000137     0.393941871626793     0.125339523632851     0.938105863246588
 360000138     0.429431058766346     0.071723805511582     1.045270221354270
 360000139     0.164178932872225     0.668898545530127     0.798269090250366
 360000140     0.215068816397963     0.086255119343590     0.657073158395265
 360000141     0.844036113192907     0.128555952975929     0.022103886527038
 360000142     0.399503840659510     0.040829953755944     1.035897638284418
 360000143     0.974631153494212     0.944034647782055    -0.107908574202797
 360000144     0.433555632614691     0.041139693611597     1.094278088007835
 360000145     0.905528466513988     1.049572704871056     1.186001667499248
 360000146     0.186320032376892     0.606027886038433    -0.034898829050484
 360000147     0.115427481632636     0.670873632978230     0.788035788838528
 360000148     0.159043401288232     0.638530491465897     0.775083352832364
 360000149     1.075059954100394     1.100516900678713     0.339591899520357
 360000150    -0.047410922370719     0.610079527653980     0.335143559885858
 360000151     0.508602602712773     0.193451513673959     0.933951015823688
 360000152     0.581686593067606     0.192827047330869     0.855988524359438
 360000153     0.551251167805850    -0.003801806979800     1.002670718174972
 360000154     0.492125633001359     0.422721436973447     0.165003810301971
 360000155     0.991652032739759     0.526464094913615     1.019597764678607
 360000156     0.707710816343371     1.046930909324853     0.264523797697110
 360000157     0.631907359128164     0.216159188186813     0.311089970021890
 360000158     0.739475265304458     0.559323249998891     0.646194146898795
 360000159     0.566276115295901     0.649866627212007     0.960514580061988
 360000160     0.607175728048320     0.729746397086007     0.956294443485326
 360000161     0.599849490663893     0.638286725617943     0.566898829679666
 360000162     0.910026381055708     0.472612371996245     0.989774106138556
 360000163     0.980127421537940     0.532183931768650     0.974111100258110
 360000164     0.192373878613020    -0.111608989386643     0.866219498192640
 360000165     0.976627678862719     0.419188214067075     1.076125613692431
 360000166     0.248645062131598     0.179941953910178     0.455266394401213
 360000167     0.425863240861130     0.849477971363690     0.522501354203332
 360000168     1.035274509176142     1.146056895926099     0.998837714343504
 360000169     1.003235175670761     1.177771161549722     0.579346998392242
 360000170     0.902225589742738     0.243372167655426     0.092753186524324
 360000171     1.030862687132029    -0.016195837696990     0.346807157021922
 360000172     0.815866872006166     0.376594054317786     0.352774259726632
 360000173     1.036885882284746     1.148101330963849     0.949928167536605
 360000174     0.433384982910998     0.073748937150258     0.877016300594419
 360000175     0.128801502976300     0.943380510435188     0.868285236627545
 360000176     0.052222056427080    -0.071521782851998     0.244516678252856
 360000177     0.893480275311706     0.286360697839288     0.351453977750316
 360000178     0.330652482899973    -0.159935011448297     0.512582587017986
 360000179     0.145116899659751     0.669683645594203     0.780660096395279
 360000180     0.639362941838618     0.170171413873145     0.654381463642450
 360000181     0.072969503661429    -0.102019276415255     0.242707731745202
 360000182     1.025494489176663     0.844036868059171     0.196336302252092
 360000183     0.531269034339238     0.164423621890714     1.092502385938416
 360000184     0.450420889794070     0.167783699726079     1.058174180424083
 360000185     0.664783327404539     0.981930442079444     0.315773879155592
 360000186     0.834849846016899     0.997801695147978     0.107094262619664
 360000187     0.246254642381431     0.381056765732177     1.207119809301733
 360000188     0.588440565266895     0.726548274960143     0.937853454817023
 360000189     0.709101769556559     0.686564811703970     0.116209928813749
 360000190     0.806202377637157     0.521538384350133     1.254252269149261
 360000191     0.371475875006007     0.002736043993144     0.667343541173943
 360000192     0.820861002669867     0.199401750599747     1.065649706024430
 360000193     0.594028963988589     0.193300846544624     1.130609791255688
 360000194     0.115549262710946     0.576836567851119     0.367562792869067
 360000195     0.776175785317011     1.057405372881116     0.226975694465696
 360000196     0.370825226196942     0.180773099952552    -0.037485323241815
 360000197     1.053745656337819     0.150988438332924     0.500733780721097
 360000198     0.508924300924729    -0.018105213288704     0.836319248280150
 360000199     0.767203776646912     0.924036758067816     1.106252669132882
 360000200     0.505380890110661     0.821603942072745     0.358343411356644
 360000201     0.343929433607052     0.509395175121126     0.969457168234730
 360000202     0.800898441580382     0.214603183938479    -0.239027321459455
 360000203     0.486221708406009     0.126039798187604    -0.095435238865047
 360000204     0.638090348646406     1.100880511518024     0.544836927868810
 360000205    -0.072276456196355     0.354410140895356    -0.189692405778990
 360000206     0.297067098339368     0.150901582146276    -0.054095524677582
 360000207     0.538161512565544    -0.089734405150849     0.948239799369852
 360000208     1.070043154673245     0.970153394803389    -0.145603877844789
 360000209     0.505043968136251     1.081343912377137     0.311269641474598
 360000210     0.446081370435214     0.092134760970770     1.005398579921082
 360000211     0.131411706235277     0.659394544388945     0.769427019890373
 360000212     0.962197981535195     0.495019461235978     1.007955722753313
 360000213     0.275233241428209     0.183607877902448    -0.089392078248854
 360000214     0.126801721583059     0.655785745784755     0.785401939718869
 360000215     0.643192764630984     0.873218238264624     0.051638081702365
 360000216     0.285862503225569     0.058973721891113    -0.143331118459265
 360000217     0.990909623610836     0.907026783239514     0.798894522183976
 360000218     0.278845032354140     0.283756392648251     0.873018063080766
 360000219     0.054570734840951    -0.062196810198308     0.246617190357169
 360000220     0.422700988534999     0.081264625323356    -0.047327162298676
 360000221     0.001414203431771     0.448763903446581     0.310887476935510
 360000222     0.096442003283820     0.505474489874922    -0.091995348666043
 360000223     0.708767108112096     0.251158299421955     1.008702493761913
 360000224     0.867083619867251     0.537072345918500     0.910078766776654
 360000225     0.622762461826303     0.162987195269616    -0.008542084609147
 360000226     0.699020492472724     0.315921820057105     0.903759306121084
 360000227     0.092909007465039    -0.088397054478563     0.254686196944908
 360000228     0.563568048742694     0.378003308186260     1.092735488635023
 360000229     1.027975578674370     0.845848640912637     0.028899222801155
 360000230     0.305923166554452     0.197159916469923     1.075422001540065
 360000231     0.480369736472100     0.926386924120609     0.254000660068301
 360000232     0.584103796897932     0.016981688388025     0.568191719925417
 360000233     0.076724061654634    -0.102951218942344     0.268696075016534
 360000234     1.000175234364028     0.587494387012382     0.652250952844116
 360000235     0.598698452089877     0.503357480045586     0.423063610850666
 360000236     0.488977024514212     0.780266510883360     0.543402271901789
 360000237     0.886787547406394     0.695394365318438     0.837892411606003
 360000238     0.706285505835647     0.331132500470094     1.116877637211378
 360000239     0.579858423832451     0.679533854071267     0.917958057866490
 360000240     0.844884733560810     0.371369036965620     0.209239178295077
 360000241     0.357965841563896     0.230712354728081    -0.251632194833606
 360000242     0.434280367869299     0.245670168076490     1.143183385899676
 360000243     0.262283235661265     0.152659109139794     1.156349579470808
 360000244     0.282498786895804     0.015457532392939     0.532906022006607
 360000245     0.758285198027060     1.151067545877912     1.296719058725616
 360000246     0.059152057790295    -0.061869697606221     0.258346752205515
 360000247     0.887535984447164     0.359491000946997     0.223503988441838
 360000248     0.603905563718279     0.704150343397765     0.963050354103810
 360000249     0.188326225040717     0.916180001047294     1.163868744802233
 360000250     0.038492228446849    -0.102220708653193     0.267196073513947
 360000251     0.361859274858790     0.127344843196105    -0.030836149990612
 360000252     0.591957111438336     0.795214519022557     0.625011687189937
 360000253     0.278771138232485     0.261522307078031     1.021677913408807
 360000254     0.642060882058309     0.225219256813426     1.052001962563095
 360000255     0.157515117553911     0.628397187174521     0.777291811709955
 360000256     1.014618260443865     0.868574233936454     0.071683435361561
 360000257     0.671823621605585     0.423079732322135     1.124500939514227
 360000258     0.420577936261829     0.218524728124299     0.381989829503596
 360000259     0.604738390672306     0.823127333867832     0.507953921652361
 360000260     0.909635943093923     0.417777205305970     0.372895696231860
 360000261     0.142179774573945     0.745917285022617     0.024653534501055
 360000262     0.258377424697417     0.601686879856059     0.479475491023028
 360000263     0.168245621539127     0.665201083229927     1.023570807633765
 360000264     0.693469141491580     0.037995683058833     0.682182541430541
 360000265     0.746746957831756     1.147990136798494    -0.035861528336091
 360000266     0.668702758807196     1.169866151521279     0.187162035453711
 360000267     0.897423509346037     0.415078233067942     0.885851871814803
 360000268     1.042281601669027     0.665910553870427     1.063294208177251
 360000269     0.268520837329956    -0.016830739872059     1.146546745906153
 360000270     0.068164630052961    -0.083799470386712     0.232968179286601
 360000271     0.492039387718987     0.250231562258704     0.898867391517115
 360000272     0.246808203817976    -0.013237509394816     0.465302572863542
 360000273     0.792616580961957     0.434527440560285     0.427200571776334
 360000274     0.140957011650738     0.632644728595427     0.776771129548656
 360000275     0.540816699702245     0.503695728448195     0.574911224144027
 360000276     0.587460433845613     0.187707095370344     0.821946150139126
 360000277     0.604815171304718     0.679479136663137     0.963076768932451
 360000278     0.168846801526847     0.900459492148944     1.225419707902916
 360000279     1.054335494202806     0.446655934727206     1.015766815993542
 360000280     0.964709131084895     1.043409780294079     0.092747180075739
 360000281     0.374800593669364    -0.194441281877222     0.928081779840682
 360000282     0.183714226128941    -0.079855672515869     0.750572747797154
 360000283     0.682447888845948     0.170692028576444     0.355320731257474
 360000284     0.915297714771564     0.552162706874161     1.062902448703909
 360000285     0.900972779465806     0.420859110619176     0.269510660680009
 360000286     0.479313433744860     0.162764023645496     1.113365378760265
 360000287     0.556744243589713     0.236072519417247     0.962584206643632
 360000288     0.723867443904101     0.420310321775913     0.451672590626486
 360000289     0.550716186595264     0.635401167373337     0.561120916528297
 360000290     0.817172181656900    -0.099099937133604    -0.225869669827617
 360000291     0.358220231214908     0.184792602919913     1.064036595236117
 360000292     0.966881610625359     0.338001638263757     1.046530602450551
 360000293     0.934337657657295     1.036539462150984     0.379312989114249
 360000294     0.732577341446305     0.035465868433840     0.625041181711760
 360000295     0.646189095960076     1.025039811357821     0.305431331330395
 360000296     0.456004205524641     0.680036224761602    -0.279461554359051
 360000297     0.714550748872895     0.750474253509081     0.810864902347841
 360000298     0.346924804041821     0.119643337235519     0.945870812982594
 360000299     0.738572611556204     0.367531572431941     0.428416029531518
 360000300     1.051097203305679     1.181143747669460     0.490983678348822
 360000301    -0.002980940290438     1.081383645132209     0.816316018333611
 360000302     1.034120521492474     0.178232700908539     0.190322657964787
 360000303     0.868889655640490     0.411006557572068     0.489072570220762
 360000304     0.740499589736433    -0.004583618078638     0.803337559176035
 360000305     0.495185830299420     0.040476922419684     0.724363371199502
 360000306     0.902522975863738     0.657906001586857     0.220450490796735
 360000307     0.540093085487626     0.756537463416963    -0.047031395496616
 360000308     0.576524546019431     0.720730597778521     0.939810125475481
 360000309     0.630768911982554     0.137443759080223     0.722024382910877
 360000310     0.808005644748697     0.373180060334555     0.625720754872910
 360000311     0.735317011411837     0.122822446665865     1.038131097387046
 360000312     0.859976138946327     0.872487160838504     0.064931026535894
 360000313     0.326166840935552     0.344085896340525     0.577602885128132
 360000314     0.539787509476202     0.815231727051037     0.159438875842512
 360000315     0.906818006509958     0.541007326593744     1.022384972930926
 360000316     0.605066288053378     0.689718295145430     0.904133287449230
 360000317     0.584345459529323     0.684105788967361     0.124281076138433
 360000318     0.145661928865448     0.692504030652606     0.776538619324118
 360000319     0.825515247798929     0.150125313373551     0.929808443726450
 360000320     0.644830371039517     0.966924422674657     0.630144476207580
 360000321     0.670422828740726     0.345317353270457     0.310203017322261
 360000322     0.486164127483821     0.422490076070904     0.962540789013105
 360000323     0.244991954330121    -0.061915131193089     0.962941415337849
 360000324     0.591138426363241     0.725034361360245     0.954172436123662
 360000325     0.370179279261764    -0.029985127611207     1.095549312241856
 360000326     0.862572961746773     1.095395918843179     0.261570020135389
 360000327     0.309726142908570     0.022072996690261     0.752257895264292
 360000328    -0.077471819983306     0.582698252714854     1.085429542141243
 360000329     0.847903606196858     1.053331253499906    -0.091620455217062
 360000330     0.153042874476357     1.011018188873313     0.487272770817109
 360000331     0.435595153302211     0.303869793165272     0.897987908594527
 360000332     0.784608001059080     0.173103301582376    -0.175797281831336
 360000333     0.756423499547238     0.237570931457463     0.559136077931536
 360000334     0.622606707341872     0.714385314562684     0.962616810496233
 360000335     0.252357181756424     0.006684644646959     0.617460344118272
 360000336     0.296525203340855     0.050477950571836     0.035601421978826
 360000337    -0.028593153017053     0.329462193099609     0.864591192485389
 360000338     0.047339953866489     0.550643085259273    -0.178913731539279
 360000339     0.615271930408485     0.215500619769663     0.733107154871683
 360000340     0.926076003513802    -0.012952331785610     1.183366123428936
 360000341     0.535079326532083     0.636013438500951     0.617599689246124
 360000342     0.535003098902382     0.729575138521824     0.664573409622887
 360000343     0.369664811013670     0.042295705571241     0.764102246843235
 360000344     0.955534982266640    -0.090831888402477     0.126477744645309
 360000345     0.597178832162200     0.705876809679632     0.929211657078231
 360000346     0.182294875451470     0.095159105546412    -0.098544283860203
 360000347     0.462353038392798    -0.003043280585596     0.677649111077520
 360000348     0.914724929679372     0.377005449701351     1.137838371477849
 360000349     0.824031665114399     0.398398704705533     1.190756663739429
 360000350     0.516673628584739     0.109696390517557     0.925985437892876
 360000351    -0.056102872117861    -0.090361554400827     0.066076306421619
 360000352     0.105058157971461     0.328183647361610    -0.012164776012093
 360000353     0.797271325019495     1.194933483649294     1.188129043443466
 360000354     1.011969541897246     0.520952244909365     1.009738342542943
 360000355     0.916545646292674     0.709441023991678     0.120609548204165
 360000356     0.616004746935002     0.700355511075859     0.941148133693146
 360000357     0.600197487818806     1.119999841526778     0.247455390981849
 360000358     0.368136714140631     0.131250547227115    -0.041180831204602
 360000359     0.145102951422826     0.098087738087280     0.931174269102749
 360000360     1.061461916038233     0.697553508596553    -0.124406523336660
 360000361     0.578813983864018     0.231276330950024    -0.074370525565863
 360000362     0.833862771934789     1.132710868370141     0.692628456612214
 360000363     0.251342802488400     0.337164089906052     0.788824655189948
 360000364     0.363684145037575     0.764029993525492    -0.044375391928257
 360000365     0.081206678532443    -0.126884855333130     0.236356134223339
 360000366     0.486941899136446     0.324653397173585     0.771932587433437
 360000367     0.184994476134082     0.078563829503978     0.531884525932622
 360000368     0.923626417034002     1.052784562623456     0.273503388195165
 360000369     0.302468651474067     0.330011641575395     0.482427871021282
 360000370     0.719635065341225     0.597871525703844     0.311851160888106
 360000371     0.574846931185911     0.738698163906453     0.141912247000851
 360000372     0.141654901203944     0.112749227760177     0.841728686360824
 360000373     0.056434739890200    -0.100130239679528     0.231470528512034
 360000374     0.520913770076258     0.681797517654014     0.021455203866533
 360000375     0.788276632040623     0.306004040099021     0.225863138426407
 360000376     1.055569255300324     0.109558880197192     1.235396847732635
 360000377     0.578550365517845     0.678478948718220     0.958323661461253
 360000378     1.065480110510731     0.376453345159482    -0.186844822952786
 360000379     0.703086538189103     0.050751327191443     0.278698824769339
 360000380     0.535009832119884     0.216710620578672     1.123257998696605
 360000381     0.826315369402358     0.678184927757779     1.017421864098549
 360000382     0.067285533061309    -0.093923868131026     0.266073248007480
 360000383     0.254068569822478     0.636514659874496     0.096520530116826
 360000384     0.166660041295225     0.641804049966004     0.769441038862836
 360000385     0.093065488089818    -0.119809645468503     0.854980366026517
 360000386     0.121753179155757     0.710940550685056     0.508946681992483
 360000387     0.498293993078184     0.971834461622887     0.463480084689755
 360000388     0.953179376660656     0.616462372015530     1.053476676455761
 360000389     0.312987963042044     0.062630568963273     0.650550534971063
 360000390     0.575096602321909     0.691384835100841     0.956702594802742
 360000391     0.635744799084152    -0.135061825081458     0.325374808364110
 360000392     0.484900074466182     0.276904816204468     0.921553543206130
 360000393     0.160667878384231     0.646928342821169     0.759335465077292
 360000394     0.141394745568564     0.134903209189127     0.687026010986620
 360000395     0.937518319716716     0.699555845152581     0.677135342079173
 360000396     0.372094024557197    -0.041401086203756     1.019192154873548
 360000397     0.312424283867923     0.149694995904432    -0.035100732098440
 360000398     0.081340943601217     0.184152875382843     0.048301846418812
 360000399     0.284912818704367     0.162694877907550    -0.106442276494462
 360000400     0.433675880701587     0.225765327902011     0.752969160839306
 360000401     0.369359964974017     0.377860763019638     0.952829040395040
 360000402     1.048165803278561     0.620000021944766     0.361897360816741
 360000403     0.603824820333019     0.699551077039643     0.940689116898975
 360000404     0.040055236421670     0.628840796798350    -0.092458984083619
 360000405     0.482970923512500     0.800391243459359     0.253059850244724
 360000406     0.772454317035319     1.183567433014239     0.463302297552326
 360000407     0.300075187368232     0.776876160754970    -0.133933798122262
 360000408     0.386180926411978     0.718952373126814     1.073540092676732
 360000409     0.631396641613106     0.700381108497071     1.296935377968907
 360000410     0.563059872566459    -0.019572400755815    -0.106187840566855
 360000411     0.971471994024047     0.499572894541170     1.045738839359730
 360000412     0.666547935946118     0.664432931291239     0.097552065111438
 360000413     0.917524038285052     0.519843459530967     1.031270786772938
 360000414    -0.084011347549324     0.848755987664190     1.069681847295636
 360000415     0.664967139841243     0.564482619951441     0.469173201715457
 360000416     0.802929958926305     0.280098066821740     1.036329453787436
 360000417     0.821311908116324     0.350508427277932     0.332545849063447
 360000418     0.410579955829117     0.747649084258297     0.867550094320967
 360000419     0.045164437600419    -0.094986210702744     0.240577782347644
 360000420     0.722023211000715     1.089890392345696     1.062397304850864
 360000421     1.043991388364493     0.320566944755170     0.854727713391283
 360000422     0.990740757597652     0.819306375134536     1.208410672211727
 360000423     0.475542705029384     0.896308763947939     0.196895841068810
 360000424     1.072349472301412     0.657746064309056     0.752221693589042
 360000425    -0.098558936913228     1.155103256795132     0.402208771405395
 360000426     0.194294766741754     0.145467352151995     0.509552965110115
 360000427     0.477788713196823     0.050125418861607     0.700376378222644
 360000428     0.565685453689270     0.066394619760109     1.047329918260732
 360000429     0.696684817249822     0.390234594406128     1.021319841523278
 360000430     0.723609534703268     0.263216951813881     0.498665489259809
 360000431     1.064013135105980     0.852112327124915     0.213313278064800
 360000432     0.351958609985410     0.994893307751951     0.143276367047171
 360000433     0.757375996877015     0.334450230609555     1.080506699980432
 360000434     1.078325645804290     0.972575767045469     0.880047528802607
 360000435     0.188205071288409    -0.047961958957599     0.543422496083114
 360000436     0.727571827513405     0.878937530946667    -0.235725591655385
 360000437     0.459034275195451     0.277477290058905     1.025310395439057
 360000438     0.822001223977283     0.191556579529596     0.447389787469628
 360000439     0.268906233882442     0.749931322803916    -0.197302643882770
 360000440     0.151179122237008     0.340479866902473     0.722367228378406
 360000441     0.579840234479725     0.200444960641546     0.891238256118180
 360000442     0.382435016314078     0.080562625296072     0.733535614061941
 360000443     0.127792168644538     0.501883336939234     1.193659318371817
 360000444     0.584993858766681     0.928870625423772     1.010182550284818
 360000445     0.681472687727736     0.359440632222073     0.403832268251711
 360000446     0.805420128970806     0.654343443110864     0.184532432581323
 360000447     0.993178752567847     0.483409015985829     1.077199532204574
 360000448     0.114934643603583     0.641563488351848     0.772838722043703
 360000449     0.569604804626894     0.671612120891529     0.897321938833668
 360000450     0.151377955416471     0.608324657208304    -0.008664013636730
 360000451     0.599568816727748     0.303198300696322     1.296106338810773
 360000452     0.456714369397801     0.151811513907270     0.919053292354596
 360000453     0.451730783607391     0.907026726143819     0.186607309440208
 360000454     1.063786361401630     0.755237675540129     0.774552809588530
 360000455     0.216371018238873     1.116966197194862     1.192525950310818
 360000456     0.792630845094110     0.300886550385515     0.354426627826581
 360000457     0.026733416443944     0.035154672621269    -0.090928793128828
 360000458     0.146393995142858     0.970431209262495     0.222003793334909
 360000459     0.356102257857083     0.187508310288863     0.826686404188980
 360000460     0.470662055878483     0.648918062775650     0.705508443150338
 360000461     0.800680943461802     0.435781083367342     0.464535920916837
 360000462     0.373170983489722     0.019369465698046     0.832446528778299
 360000463     0.110050420697160     0.621640853137363     0.770917241673078
 360000464     0.951585022060036     1.088368895184905    -0.119613790889284
 360000465     0.067338291573865    -0.089785035750225     0.254560998389190
 360000466     0.934956446285544    -0.093480788635311    -0.233830813614981
 360000467     0.446831078864431     1.142112281615980     1.238911041350992
 360000468     0.931729270131588     0.535324084242284     0.991861741068664
 360000469     0.666809048597873     1.130932940708530     0.102252311756081
 360000470     0.167812320928395     0.666633094158260     0.745416910272212
 360000471     0.763943881403121     0.541622351598397     0.425568891933906
 360000472     0.764201065057955     0.151186215231433     0.332557445915576
 360000473     0.793198694984521     0.157600462024433     0.633245848479497
 360000474    -0.020252919446623     0.088815919645377    -0.129854500366157
 360000475     0.869100112345758     0.324223449300900     0.549191237184468
 360000476     0.913184601966378     0.763787211572729     0.405932792843435
 360000477     0.172294606545884     0.222537930805400     1.149071534109174
 360000478     0.396697454816178     0.096785442482018     0.886426230113075
 360000479     0.259370275201188     0.269788688484635     0.161113777663573
 360000480     0.914634633490740     0.286688999399273     0.644699119060782
 360000481     0.150036562571456     0.629711229269880     0.791980796373439
 360000482     0.139772055959343     0.446274106194497     0.392155749828750
 360000483     0.948005937272404     0.524837826499880     1.031379720335165
 360000484     0.971630549851866     0.534322476481815     1.008773483001570
 360000485     0.614475976787986     0.275890536363879    -0.285774050621987
 360000486     0.957332208718655    -0.065692721444765     0.750872551491289
 360000487     0.303495570685127     1.118887054918132     0.158710182819552
 360000488    -0.082200233020712     0.570486676073250     0.883485547939109
 360000489     0.290119935375584     0.151861090585196    -0.017611287880021
 360000490     0.880261560592592     0.320381354151022     1.256382479034825
 360000491     0.640069953890183     0.048223552770910     0.519917436577128
 360000492     0.832812234114126     0.615983080079934     0.499287634823757
 360000493     0.642919640720689     0.050096502430409     0.855006349256137
 360000494     0.628239653598392     0.177385486300988     1.094418990825530
 360000495     0.736473050019278     0.522137181389120     1.274065250489473
 360000496     0.385437501018930     0.408416120127223     1.225034999379937
 360000497     0.130547845265025     0.832271578964026     0.292066892906258
 360000498     0.133435572821520     0.266046992113934     0.990284896107831
 360000499     0.942150014317210     0.853884721377907     1.111683979993421
 360000500     0.142602817730548     0.651836680951083     0.805439278118918
 360000501     0.221764495933135     0.891183658810646     0.161012779100138
 360000502     0.600719545734768     0.731371228688304     0.936335607334655
 360000503     0.852405081846465     0.401404716337254     0.542391416560401
 360000504     0.579102948102873     0.745727663246056     0.951479988238506
 360000505     0.907244236566753    -0.153583168232354     1.130171096746324
 360000506     0.392249355762718    -0.175468850993115     0.037211194369337
 360000507     0.093499778777079     1.199922074429181     0.299528143820040
 360000508     0.069051575338109    -0.086941548661862     0.268529820336553
 360000509     0.173869031150707     0.641452589310389     0.803612294200303
 360000510     0.145298603773227     0.648053383819485     0.773683687111785
 360000511     0.152491793773674     0.650944216775874     0.791066298340988
 360000512     0.591982353032950     0.662062861730247    -0.211200051144223
 360000513     0.476935176920419     0.112141449422953     0.927450103761688
 360000514     0.892860895252895     0.601055324441794     1.106789405469869
 360000515     0.436133663260360     0.255836927237195     0.861889235787756
 360000516     0.073873674263887     1.063298331754361     0.974002365586473
 360000517     0.437518533667486     0.016382663983200    -0.053595399443271
 360000518     0.337647909642217     0.103769977607094     0.078129316348009
 360000519     0.635600526774043     0.898274961822907    -0.075549276703174
 360000520     0.599497295239493     0.663614322391461     0.970736348351802
 360000521     1.035098956049264     0.243361952880059     0.029740042988548
 360000522     0.974974513053504     0.507065414030585     1.032095819750983
 360000523     0.981706339770568     0.381926802379661     0.385557315176064
 360000524     0.444779160747552    -0.086207146995304     0.793111751542933
 360000525     0.062359376743112    -0.102920982097174     0.244315074209523
 360000526     0.585704066252953    -0.121540958216757     1.252402961138574
 360000527    -0.088917750485437     0.223798598597398     0.153071551768495
 360000528     0.989659875286857     0.698091878315233     0.264608292617527
 360000529     0.876551782206943     0.457528827994766     1.033923108189443
 360000530     0.129001960715186     0.389633334470275     0.181471475413824
 360000531     0.467249425114970     0.171185514818121     1.118437559178782
 360000532     0.615295831530593     0.812385441382041     0.321675174743943
 360000533     1.036375244042979     1.043411960750136     0.926148946097708
 360000534     0.479641405281950     0.796259458422093    -0.134705310052684
 360000535     0.170372508098430     0.655955421390892     0.781536451903667
 360000536     0.505695025793429    -0.090631863881021    -0.296429658891711
 360000537     0.812351444379185     0.207816005267107     1.263397796061627
 360000538     0.147663288783895     0.708107837383329     0.770754845898062
 360000539     0.803885007287017     1.082725813470357     1.161016802230218
 360000540     0.476030812543734     0.331093785301924     0.690196724473634
 360000541     0.466712547573773    -0.053850491384707     1.035598672818588
 360000542     0.331567990551278     0.139791864484030    -0.095560670872902
 360000543     0.238325521118619     0.193442844400334    -0.180216541576989
 360000544     0.951316062079796     0.552081421290983     1.046082457259085
 360000545    -0.070817515565833     0.342232300462079     0.115184205676289
 360000546     0.514246488323075     0.429763423470666    -0.022219654875554
 360000547     0.146464051725879     0.670075150588885     0.792973735796210
 360000548     0.903090071352043     0.165137199827385    -0.113895416784990
 360000549     0.532313007916225    -0.018712650555347     0.363438173438169
 360000550     0.881833624408250     0.348331280439964     0.256945471959714
 360000551     0.824034175908364     0.210074366417870     1.252252704899483
 360000552     0.071603885492538    -0.098965758341009     0.214785113911875
 360000553     0.471319056303941     0.052784606822742     0.800442320692700
 360000554     0.353502365036583     0.256658213103711     1.050783385586834
 360000555     0.921254527141700     0.109638365184450     0.677626375695582
 360000556     0.817230612147329     0.069864827147993     1.238544663620094
 360000557     0.138956946807477     0.646413790002825     0.782584337966821
 360000558     0.919543642284188     0.525625663636505     1.046742075211039
 360000559     0.831149942039939    -0.151205725230345     0.641988748886880
 360000560     1.077202666809446     0.771692390657952     0.691027440761360
 360000561     0.337909900879252     0.446069919819244     0.574954939104922
 360000562     0.090100764745436    -0.090634486290866     0.240390040492129
 360000563     0.602503643307859     0.931544856816458     1.127594001381157
 360000564     0.676088871787072     0.663754475346313     0.526045725788300
 360000565     0.704565983589548     0.209938418141232     0.301332390140561
 360000566     0.342844512702465     0.092232066774636    -0.072793650374402
 360000567     0.034893777607281     0.857704318875119     0.361674227325687
 360000568     0.851329625182995     0.022634635988770     0.932426430992463
 360000569     0.466384651157948     0.458146682728812     0.412249725843513
 360000570     0.211658706952555     0.086495106952546     1.078906280500745
 360000571     1.035572129825353     0.531946028301865    -0.166565140291438
 360000572     0.239749044086195     0.141058456671068    -0.138599770159302
 360000573     0.835397727696100     0.317861596986116     0.463420648183864
 360000574     1.024463220391883     0.319652449305061     0.396043738616339
 360000575     0.653920088903504     1.139458532033494     0.223815799266499
 360000576     0.418702334568501     0.505170950184176     0.481079482146118
 360000577     0.944775464443766     0.658197918076452     0.465336589864593
 360000578     0.576480444390428     0.521541129267499     0.575068020406227
 360000579    -0.006954064941712     0.423804011855077     0.709885587852291
 360000580     0.512937558761307    -0.161043871194213     0.080264393125460
 360000581     0.794476756145030     0.394936833723288     0.324806161743944
 360000582     0.434424578520133     0.316872261345565     1.000411676545785
 360000583     0.316676218484350     0.082414056341145     0.984731947030317
 360000584     0.648008260666619    -0.022869154045789     0.950536026539931
 360000585     0.150560168399426     1.072790560442110     1.176857001235494
 360000586     0.169525029480531    -0.134096292882945     0.604453759183035
 360000587     1.006535931380415     0.579051587135591     0.011237325237874
 360000588     0.711303686067793     0.079549007859574     0.819412211653228
 360000589     0.699591070601912     0.495704911127325     0.954000280086010
 360000590     0.972048474078046     1.154382392699694     0.090099203747168
 360000591     0.242557573609342     0.535275644103038    -0.094146100301456
 360000592    -0.004343668993764     1.039335968431839     0.649300497755076
 360000593     0.176509606628809     0.749037887376437     0.944934123513662
 360000594     0.452040646379449     0.345450736425560     1.127574397438600
 360000595     0.625291174502383    -0.056845021644807     0.785625050589882
 360000596     0.602107557044960     0.673146072687819     0.933012387865961
 360000597     0.857555447951768     0.921232173363615     0.630337622771639
 360000598     0.971681614435597     0.495478374485058     0.980583999645057
 360000599     0.143508963246575     0.667636818495528     0.773857277874522
 360000600     0.191376254160586     0.664658622288963     0.785574782544618
 360000601     1.018104449101304     1.093538516886647     0.711165054301446
 360000602     0.666841172283772     0.689154584391353     0.648522773255525
 360000603     0.874605092111941     0.627985386887997     0.382155320814111
 360000604     0.952406459376698     0.457411379140724     0.202724099962263
 360000605     0.713040399792360    -0.167130227903318     0.306427293123295
 360000606     0.571226437570218     0.686409194020111     0.927819217004369
 360000607     0.229013431647119     0.634205492114717     0.230925762717015
 360000608     0.555916968803771     0.860700200366298     0.784534363715278
 360000609     0.968331870279204     0.532364554790346     1.015287289527792
 360000610     0.593010565743897    -0.129640584470216     0.679080229402502
 360000611     0.389662045759125    -0.042793456098299     0.704466868367301
 360000612     0.508548965120035     0.488138038012435     0.343230802539992
 360000613     0.411268753461942     0.180001423374232     0.805905533011157
 360000614     0.757160861442088     0.554987813398036     0.996828655602371
 360000615     0.117978665502500     0.997055051306454     0.499761910617844
 360000616     0.379612358518092     0.085008691096154     0.906638123956260
 360000617    -0.001957579212663     0.571586716469567    -0.175046289524478
 360000618     0.241883763188572     0.243993252553897     1.104325023549716
 360000619     0.530277321465990     0.690584202562500     0.476506548229687
 360000620     1.027242557966625     0.167171459989333     0.369836317954203
 360000621     0.559240384719854     0.703013573782136     0.951835747232825
 360000622     0.415464893086284     0.443417794288386     1.092954865511411
 360000623     0.464177142745500     0.039399586794652     1.099137462341285
 360000624     0.743510427319188     0.221590989956467     0.414570661385994
 360000625     0.584568434444461     0.908993956946198    -0.068354024080161
 360000626     0.863798958849743     1.021280598432339     0.074458983334330
 360000627     0.092688922213565     1.028630802342322    -0.147326363349948
 360000628     0.247862870508211     0.325774615157519     1.131785781630197
 360000629     0.150654456643780     0.647603699456400     0.800188785776942
 360000630     0.759357727558873     0.145634171530826    -0.160632722646798
 360000631     0.932578791171056    -0.163570799717794     0.771701069962678
 360000632     0.235549597185200     0.994886532088501     0.646905185873479
 360000633     0.890438612973243     0.307493930944286     0.434335433076773
 360000634     0.957210130687386     0.887334092999015    -0.103137795900438
 360000635     0.542874651412788     0.876564964233518     0.891514204482235
 360000636     1.004623421862652     0.202109063686088     0.186749814631254
 360000637     0.939625930352907     0.850842589115298     0.002103197975383
 360000638     0.539032829809499     0.718476949207077     1.013936373344906
 360000639     0.839027880599231     1.093794278100974     0.286666011788777
 360000640     0.352067304342278     0.137843948775421     0.558067148694542
 360000641     0.543636765202305     0.130711790925305     1.053885710420653
 360000642     0.122420528689510     0.688892791878648     0.785154146851846
 360000643     0.085515464089673    -0.056300881374289     0.226774524722145
 360000644     0.279491642655145     0.314868835055489     0.846190053169822
 360000645     0.827841392266790    -0.141306936206235     0.261467961455576
 360000646     0.683575036907525     0.424568734426088     0.622713816060918
 360000647     0.068928439271798    -0.096110889421065     0.250978768154230
 360000648     0.911525947561934     0.487815045292673     1.052162881094866
 360000649     0.091888150462007    -0.060079651099379     0.239301250429489
 360000650     0.285114623004619     0.186749040830489    -0.083415314749318
 360000651     1.054182856723876     0.732015703020353    -0.086684929974792
 360000652     0.746044260910800     1.129729841496799     0.054488628957793
 360000653     0.472512462232052     0.119302866661952     0.922142960388005
 360000654     0.119132336854895     0.649465227873126     0.772264107750274
 360000655     0.722577207555086     0.742809468948166    -0.274022972629032
 360000656     0.276543715378523     0.006465057554453     0.982995914443743
 360000657     0.783541937265327     0.513865592759751     0.530434129592822
 360000658     0.532644050634114     0.061616724935874     0.901866467319791
 360000659     0.581311299042391     0.734605550172996     0.978945044971932
 360000660     1.005589513976965     0.553958184554678     0.999140344489179
 360000661     0.591102853416578     0.688707320689179     0.969926840454183
 360000662     0.758778589335206     0.901525208191890     0.621352826490770
 360000663     0.877413770967139     1.121694059910279     0.349218699771900
 360000664     0.768998803024050     0.873566238333654     0.839934419241473
 360000665     0.483653014157330     1.025695567387322     0.524144210609730
 360000666     0.413764218885971     0.307795257376396    -0.210859558721757
 360000667     0.527866120207146    -0.010029222970509     0.633178829810224
 360000668     0.485683231142979     0.600236055074223     0.552686728558614
 360000669     0.637341561973955     0.031913660644664     0.839775268563322
 360000670     0.293872734797140     0.075185553278880     0.057776656700878
 360000671     0.906172788743681     0.598126091280034     1.059279554445018
 360000672     0.970674540443592     0.307397993071462     0.308858434831517
 360000673     0.687418094137523     0.247530545017382     0.459341528380501
 360000674    -0.020496959780268    -0.179775646052778    -0.134647391622588
 360000675     0.085006430750721    -0.116046998480336     0.250845246531158
 360000676     0.606732749174112     0.735331445745156     0.938432861759360
 360000677     0.220086015601425     0.650178544464855     0.777207222633238
 360000678     0.316458752790948     0.093844037412524    -0.054789782515484
 360000679     1.089623378202462     0.041568855911065     0.917999598942189
 360000680     0.325417148687248     0.198017163487574    -0.080316058252942
 360000681     0.097701366921528    -0.090315143711081     0.261046498439198
 360000682     0.570774966418479     0.558701983903368     0.556124373853036
 360000683     1.030630813343185     0.241639972618150     1.026804442706962
 360000684     0.087377203506752     0.121711094760129     1.095427984654665
 360000685     0.185402814927162     0.047523476963603     0.545455862863742
 360000686     0.833511518863920     0.795365455908825    -0.181544540136410
 360000687     0.911870859457657    -0.027108884123886     0.112985403845450
 360000688    -0.064234993349432     1.109260709632649     0.155587196900683
 360000689     0.388754975516474     0.069193416461682     1.023822865264747
 360000690    -0.029032479710039     0.765604113076280     0.516181361791497
 360000691     0.710217596199304     0.370026908999709     0.407532752156994
 360000692     0.865652014790180     0.137806744488741     0.632880809420824
 360000693     0.951731349062897     0.312631137905018     0.539262786754510
 360000694     0.322180063091351     0.254146719844173     0.702396715249204
 360000695     0.546782144457007     0.257023527523857     1.051839932188430
 360000696     0.740292044471881     0.664682795393515     0.581329825732948
 360000697     1.084069213118960     0.818493606063836     0.539432147452016
 360000698     0.451177198685349     0.452596947648504     1.262783090241671
 360000699     0.970961142272179     1.158978746858776     0.097410018815602
 360000700     0.839590357348072     0.314549490155364     0.583869235818624
 360000701     0.274300684902383     0.169612885737943     0.678302354877147
 360000702     0.488451647710669     0.145281287114998     0.587284723988294
 360000703     0.330968332578980    -0.064385831613710     0.678767183271502
 360000704     0.170668109676955     0.669032326432682     0.756991496608533
 360000705     0.921888364215862     0.739224575459357     0.259967383246376
 360000706     0.338966057984783    -0.060623256004685     0.580343522024385
 360000707     0.537951182326162     0.680186090977851     0.947489810967239
 360000708     0.267456817159941     1.046937200052522     0.809289113336444
 360000709     0.940752345373210     0.497537419866773     1.042118134212817
 360000710     0.049171697640160    -0.090333311591713     0.266567108188149
 360000711     1.029998025075781     0.101340658889342    -0.143147165742502
 360000712     0.847964769125815     0.385227311626260     0.408163449032672
 360000713     0.589523162227279     0.378444527561209     1.067396796431132
 360000714     0.258050048193279     0.041263785223297    -0.051748048452411
 360000715     0.933854774568898     0.517893658115207     1.015209889661898
 360000716     0.053553352624720    -0.104478942542950     0.264391384855638
 360000717     0.173378805489428     0.665023310676118     0.790890960637728
 360000718     0.881514183353115     0.445982540203114     0.436582131281030
 360000719     0.561969346648280     0.666724285239213     0.957025980813074
 360000720     0.370633781545957     0.657313924718137     0.327388562481082
 360000721     0.583169548050673     1.095969058257084    -0.260641513917316
 360000722     0.841899972052965     0.873865789405936     0.847626553968027
 360000723     0.789652590334339     0.298225691032367     0.436431950481080
 360000724     0.817298411942626     0.205629857747183    -0.176687328388899
 360000725     0.538491851996040     1.165595880475943     0.679701159958349
 360000726     0.697653235220924     1.028137844101350     0.290253643325490
 360000727     0.347445197829131     0.100258520098559    -0.017733147552774
 360000728     0.706786012823731    -0.016160121923449     0.687182251885834
 360000729     0.930656896233670     0.550334097649592     0.382374899117194
 360000730     0.282152784707748     0.059842329286463     0.525763008038435
 360000731     0.708876406628398     0.141673503311847     0.684686537710149
 360000732     0.275225781862077     0.879596069713869    -0.197811297793785
 360000733     0.527692641509361     0.246992979720715     0.757447159643868
 360000734     0.979927986425569     0.054256567445479     1.060316998400290
 360000735     0.453920932901548     0.095638141557679     0.950548010132943
 360000736     0.993064533116429     0.117032621570675    -0.179346912016812
 360000737     0.425190343701509     0.149196994331688     0.815043737649486
 360000738     0.701716384114101     0.858286438965350     0.862432317897996
 360000739     0.955829416450106     0.943244540922888     1.291028415217375
 360000740     0.755548273186763     1.145842584437321     0.707519535883199
 360000741     1.045858485166078    -0.041659936068750    -0.155495443417519
 360000742     0.467370073058715     0.517154419521657     0.362841505632106
 360000743     0.401187085023524     0.797940547155473     0.999782940441608
 360000744     0.991121795029574     0.117329099375706     1.034587560340563
 360000745     0.726877076217532     0.476003204508027     0.443338456640224
 360000746     0.960260555297845     0.966965330764864     0.204926294002801
 360000747     0.255468852136717     1.179756099760753     1.141791169943351
 360000748     0.631851648539694     0.095923240309808    -0.179244423672935
 360000749     0.614003188504062     0.686360911131826     0.509218860211330
 360000750     0.401287701079890     0.159987692992985     0.709970284194909
 360000751     1.007983011397397     0.690009723479984     0.749341262347692
 360000752     0.468273214117095     0.885122209701135     0.975418654433968
 360000753     0.812619189239175     0.809428213135174     0.890345278570425
 360000754     0.845758119830466     0.134630114407701     0.369734164547350
 360000755     0.194478424220954     0.167801261899222     1.295540371795594
 360000756     0.452405095012345     0.157721276103356     0.933226080870593
 360000757     0.754734779994183     0.347156366266912     0.406436033368929
 360000758     0.567535850923903     0.230851618652320     1.097184480204860
 360000759     0.568924153233537     0.623165705311803     0.443292144991414
 360000760     0.635145447914038     0.868287366486731     0.789908138036390
 360000761     0.859212935977411    -0.066919858860845    -0.259369548746164
 360000762     0.341904530012307     0.296470777080666     0.493511941587635
 360000763     0.080001511342885     0.804628071099258     1.060976966998529
 360000764     0.527139281289933     0.540726640501020     0.850658421266121
 360000765     0.046746832775062     0.194815584090857    -0.004178634470651
 360000766     0.841614996913734     0.751150251158907     0.673296504001189
 360000767     0.316851427570412    -0.132653299231606     1.194120870428699
 360000768    -0.079540042939895     0.202196012639613     0.022581177065641
 360000769     0.600885022752164     0.541830750665591     0.438746085784420
 360000770     1.037136876726159     0.753835538984933     0.495604728654907
 360000771     0.835171415932794     0.924609107609186     0.912033310139822
 360000772     0.185341378674526     0.626564210510310     0.270736036061780
 360000773     0.460593026249888     0.103510515142218     0.638335668863188
 360000774     0.134901384096214     0.644299510995204     0.800727715827101
 360000775    -0.070602387365865    -0.141887949821126     1.003739669868835
 360000776     1.005150832646916     0.814297647283666     0.866192183729687
 360000777     0.800809245273151     0.398743817560417     0.471515507506261
 360000778     0.714855270067276    -0.015466254843539     0.909089436312679
 360000779     0.933828805845527    -0.031885013278476     0.685549520478500
 360000780     0.322953467533189     0.177270510362225    -0.096131732829997
 360000781     0.422209417518410    -0.013583847429209     0.608453306980743
 360000782     0.675835931665172     0.104224770753145     0.560634191869041
 360000783     0.157803565915660     0.617816083180789     0.794376800238545
 360000784     0.467226989978381    -0.008335652314609     0.994919592220410
 360000785    -0.075601824091207     0.257529350349404     0.987369761553480
 360000786     0.807853627245298     0.144372237181072     0.595705264423102
 360000787     0.361262209758710     0.209515779639384    -0.027051343908202
 360000788     0.257179446822385     0.783744901925868    -0.265594950038195
 360000789     0.749912628461616    -0.007938945643583     0.619974061423759
 360000790     0.513277265811009     0.030962871859652     0.140095909389022
 360000791     0.718032071274012     0.887304368622200     0.653203320360283
 360000792     0.171528342174312     0.648994741938874     0.809929393909000
 360000793     0.565069870123674     0.792910994921489     0.060149201426219
 360000794     0.390803415815048     0.066614840546232     0.874932758008640
 360000795     0.724257685109572     0.262349945068705     0.309852922989090
 360000796     0.631659039788514    -0.128023561952407     0.618495827833895
 360000797     0.079381754494232    -0.109201145590495     0.241153901810737
 360000798     0.493962626335705     0.039637558730043     1.192570922690289
 360000799     0.694541429103813     0.403404238677628     0.977010449098917
 360000800     0.666909108207781     0.354813959301670     0.445698852357810
 360000801     0.605552552274236     0.933733939064234     0.366325932715716
 360000802     0.687963664568527     0.938812305522070     0.088345045480534
 360000803     0.092532595548052    -0.092549543132456     0.255940181272440
 360000804     0.743415079207618     0.965043867527846     0.605685759389517
 360000805     1.075257009059429     0.676819656121508     0.296899853425400
 360000806     0.248696899071622     0.332711925266136     0.927082161784198
 360000807     0.598488932097158     0.191127753613180     0.349888693617247
 360000808     1.081215261819965    -0.005746177085293     0.852538699108408
 360000809     1.099565301883275     0.116959055302496     1.102966644863652
 360000810     0.083840451649319    -0.103862856672960     0.218668628263189
 360000811     0.365345925267476     0.139761284674022    -0.084061122252893
 360000812     0.704894149911313     0.327648818393032     0.444534404862584
 360000813     0.746609686733098     0.730533618455630     0.215330066458060
 360000814     0.140573949762297     0.649666698330157     0.736033129738882
 360000815     0.465439345238715     0.152756658479488     0.901403860916807
 360000816     0.074020595802960     0.133617973531489     0.146504992303217
 360000817     0.493669746344816     0.977559552944283     0.860815196445488
 360000818     0.579973071440653     1.079813206445945     0.765925947125911
 360000819     0.918551105486302     1.095400554636059     0.469921324458873
 360000820     0.604015805143670     0.740142280081514     0.690338567213108
 360000821     0.236065067665435    -0.037278048801988     0.739407503037027
 360000822     0.646120803862557     0.735883335317541     0.344692418104241
 360000823     0.202675753275385    -0.149708589755945     1.045518848748490
 360000824     0.333589518819225     0.612749620361987     1.139421714111685
 360000825     0.338467529841009     1.130912192284240     0.259110646167597
 360000826     0.568844894202104     1.076513550319067     1.096258121019810
 360000827     0.595459763010806     0.716309266192731     0.965515637915826
 360000828     1.084125391785166    -0.073770032377239     1.038786103552471
 360000829     0.635612463968581     0.077743495969481     0.724875174063591
 360000830     0.382275734698519    -0.071696022926337     0.927648144420428
 360000831     0.880891623194914     0.350961163822502     0.972508458962228
 360000832     0.868211639209892     0.714844930023716     0.543969328898523
 360000833     0.779427367761964     0.489325978559713     0.373996527516108
 360000834     0.599554611323298     0.205638551954840     1.123501509506708
 360000835     0.483018825285313     0.946592771076241     1.250124182350916
 360000836    -0.008481138600831     0.311461637131417     0.071857720843355
 360000837     0.836726182246109     0.433052387151762     0.349997406252931
 360000838     0.698063580779748     0.283742391440686     0.445871376280472
 360000839     0.139533476337727     0.672678474971881     0.817166706691989
 360000840     0.685387846485812     1.082244428363772     0.521350526077746
 360000841     0.945362246167669     0.505909596070329     1.047928346755649
 360000842     0.169693395719649     0.123056582798583     0.324250761236382
 360000843     0.164335556212515     0.822732123079772    -0.197541086160330
 360000844     0.373941420786919     0.781480936767177     0.296375007412248
 360000845     0.863307246785821     1.105214532187883     1.179691663587759
 360000846     0.741747261604412    -0.145338519732465     1.024942605118066
 360000847     0.728775904567000     0.700698408195384     0.502529966270815
 360000848     0.813792843935300     0.897998034304797     0.987779227229078
 360000849     0.190643408896697     0.486924535934349     0.224120348082257
 360000850     0.647763833928241     0.247424627616809     1.210446777585635
 360000851     0.563475116008965     0.166667067597092     1.034893343759118
 360000852     0.235467264352665    -0.114204368508465     0.282975484152704
 360000853     0.729176070325556     0.984686630934799     0.349051972804021
 360000854     1.003329547135250    -0.001471619219331     0.647380455216060
 360000855     0.750822766222724     0.805693941687841     0.980074284493489
 360000856     0.387701368061532     0.528636819178271    -0.043218313792149
 360000857     0.299859584421459     0.153821413720828     0.706139990064897
 360000858     0.249100001751320     0.147647718006716    -0.109077712241286
 360000859     0.413231604235138     0.447229906085121     0.518867129027093
 360000860     0.406774694461240     0.770343092388986     0.472459392075717
 360000861     0.179129826681061    -0.066541058805165    -0.119028954596259
 360000862     0.704609171746240     0.134191478078513    -0.243591432758579
 360000863     0.167701168422146     0.668719155721343     0.772651075431548
 360000864     0.943521341344884     0.521110242665467     1.071863067698107
 360000865     0.457561879092374     0.269104080207600     1.008024765436749
 360000866     0.879353354938529     0.997840033521363     0.142515105658663
 360000867     0.762315756182413     1.053211870884817     0.427032688183447
 360000868     0.482099774763123     0.119603585810017    -0.258689081144165
 360000869    -0.045972675522534     0.601807037357801    -0.188045964843419
 360000870     0.121310801525764     0.663819444907647     0.793306360416028
 360000871     0.572944497794565     0.698750001569302     0.961842810588037
 360000872     0.932028153523632     0.479155245445948     0.983745214796470
 360000873     0.342423705599211     0.591441187735784     0.897357001707659
 360000874     0.693392049458007     0.672360266117719     0.884810227678852
 360000875     0.835449587182911     1.105678184072630     0.635815287456588
 360000876     0.373865745378707     0.822717812897095     0.734486949243836
 360000877     0.517243409518065    -0.023810811978756     0.545752737130311
 360000878     0.403152258201284     0.676104155079727     0.622495294359478
 360000879     0.238607517629075     0.771324163444433     1.210996732964865
 360000880     1.015933306548920     0.515059024440204     1.062296017320279
 360000881     0.654529461366958     0.823524396883724     0.394410420192612
 360000882     0.943018046304440    -0.075258906902608    -0.044470641976795
 360000883     0.392347457708980     0.059124449168975     0.876857307419848
 360000884     0.937252257758069     0.313943097046942     0.497800230200176
 360000885     0.277141721659056     0.068749123644181    -0.048767484841767
 360000886     0.916097406980670     1.148941552816321     0.762636527770986
 360000887     0.729445813631920     0.346799018889098     0.265658954144071
 360000888     0.040143775939749    -0.021147717181569     0.491549590532091
 360000889     0.875764512206268     0.933532814473888     0.579259223496987
 360000890     0.961988371637277     0.030240744255714     0.375199614875799
 360000891     0.848944871448657    -0.128913418774381     0.256545817551103
 360000892     0.506945065141825    -0.172380444443672     0.512238805676128
 360000893     0.763538200600054     0.533524614262489     0.948077163876929
 360000894     0.557102600174899     0.691621685895007     0.246363298266726
 360000895     0.754782344681155     0.853735182872356     0.577389642781003
 360000896     0.242154659378091     0.241756832277534     0.848065588954514
 360000897     0.146223265245725     0.659640694387221     0.766790870914394
 360000898     0.922530970564134     0.810924699258752     0.068269267686572
 360000899     0.765211603363139     0.959427264397336     0.821399508758678
 360000900     1.004021597761292     0.528841662538402     1.085001396773152
 360000901     0.151393391326577     0.670225766097275     0.779623055198431
 360000902     0.681520479484662     0.045397194573793     0.167937014623403
 360000903     0.511160669997499     0.528233870802367     1.025737496397543
 360000904     0.040282978120577     0.539753214933501     1.084828707516557
 360000905     0.363704292574804     0.783744233321731     0.849865923159395
 360000906     0.959181707522614     0.517283699275426     1.069959595497751
 360000907     0.720703240775068     0.614131100983632     1.075159339455193
 360000908     0.159880320303093    -0.006151147557870     0.493408978170356
 360000909     0.357094920063911     0.672619868736587     0.891627103282490
 360000910     0.980922984940320     0.617611285887367     0.241499378245648
 360000911     0.265256246325357     0.092240434749306     0.535499678379780
 360000912     0.341175723393758     0.068619421010179     0.933989520610688
 360000913     0.853442940278398     0.683873945956918     0.452888044793416
 360000914     0.471843481739922     1.141365855952731     0.783071230898825
 360000915     0.702330664668852     0.276343474688856     0.532129026140718
 360000916     0.997717316363620     0.627768129367216     1.095242753580133
 360000917     0.334799269439749     0.153307934848717     1.033747785312974
 360000918     0.774282396137050     0.872093080159951     0.436388610972581
 360000919     0.655587212108200     0.129725649379731     0.622840867285024
 360000920     0.321574096923245     1.159645973491717     0.320496885199778
 360000921     0.899709012050564     0.847452999920868     0.296681808136593
 360000922     0.585709854500315     0.697761355381938     0.977859677639093
 360000923     0.412940073920906     0.843914529579226     0.008781686319023
 360000924     0.147182350252285     0.646949088849284     0.784874148329140
 360000925     0.477431788682770     0.063229483679450     0.576814701145251
 360000926     0.951473707649210     0.572265709352257     1.122101787451247
 360000927     0.962240865841295     1.176652258154867    -0.022188198064706
 360000928     0.304086902996158     0.088513391576204    -0.075771422396053
 360000929     0.534299614763992     0.016144846222888     1.070557159615871
 360000930     0.104830924481123    -0.123396456109747     0.241035307159731
 360000931     0.414107581623538     1.148016303489020     0.747864286928632
 360000932     0.741404096881930     0.315691357204648     0.352853441244569
 360000933     0.355618321988959     0.736053958668129     0.441578384551640
 360000934     0.646591428707831     0.936274618535091     0.088862502955386
 360000935     1.013341131890609     1.012497562603009     0.274968786714926
 360000936     0.552420051336545     0.683766045495185     0.927609822780465
 360000937     0.112591279979953     0.227543405056758     1.277689352182667
 360000938     1.026158125613614     0.585663352821482     1.029106759768193
 360000939     0.347605936880521     0.975621142213047     0.636557173127421
 360000940     0.868904662944874     0.834970679761151    -0.026469230626532
 360000941     0.341335593269531     0.425698372642790     0.134719426060120
 360000942     0.162979392187646     0.676994886169068     0.760324702319508
 360000943     0.387054327821624     0.830431644597836     0.557292135182036
 360000944     1.076943492780291     0.333421877959062     0.309374686014282
 360000945     0.616857947586690     0.260407320197629     0.927100762449831
 360000946     0.572131652237493     0.709752618931214     0.920659863911540
 360000947     0.064922298183461    -0.086549967246809     0.244770057253889
 360000948     0.376460148452843     0.098354581782196     0.710427561783516
 360000949     0.774478377160864     0.719761365926644     0.414459626305623
 360000950     0.234010757948148     0.720570831893266    -0.042044606763798
 360000951     0.982427511469877     0.460176841543790     0.252484439411909
 360000952     0.393398242347100     0.932376903011823     0.339631048665537
 360000953     0.530413169308085     0.456963984778294     1.086376308105015
 360000954     0.776404729187477     0.865024623776000     0.717941636694623
 360000955     0.226134310214691     0.314002970237862     1.038362993571623
 360000956     0.318175552805230     0.968831977862437     0.429859470053099
 360000957     0.732170461825086     0.922964974947641     1.043626089746679
 360000958     0.967874395807342     0.562798973785951     1.054565709832590
 360000959     0.842401919693266     0.539969637063602    -0.131710750394147
 360000960     0.244417405720134     0.782382524687869     0.475636882689887
 360000961     0.629727594592516     0.084560683674949     0.036946897872313
 360000962     0.190262428284151    -0.093776212493303     0.118378334422301
 360000963     1.027139897066971     0.590630816387000     0.445928284927883
 360000964     0.575040693546281     0.344686483704734     1.017180521227961
 360000965     0.322984706031150     0.123513558822554    -0.146269513266319
 360000966     0.068825108156565    -0.097771460521994     0.259959483250476
 360000967    -0.096000275869716     0.241371298742287     0.267094803022477
 360000968     0.888775164567794    -0.097159039344948     0.400300426208219
 360000969     0.525166022883617    -0.022326556835502     0.781072208067584
 360000970     0.758330336994133     0.146837968848795     0.687441574270346
 360000971     1.039609523637811     0.150500377868061     0.324821739225810
 360000972     0.747094106132899     0.289105334859471     0.408224335266635
 360000973     0.367407758745069     0.430825855368061    -0.071568021343327
 360000974     0.049922672501923    -0.094315205047149     0.240706601230180
 360000975     0.628011180531603     0.775784728067274     0.109441122052474
 360000976     1.059780618907523     0.579974155146912     1.043541168506858
 360000977     0.733235760153273    -0.119813404225997     0.171485357981239
 360000978     0.007080846937708     0.953475565529547     0.894267653811501
 360000979     0.383144128808699     0.193400566218314     0.956388055971523
 360000980     0.283362364283221     0.030673763386354     0.035425326115369
 360000981     0.345607912930239    -0.133298690448330     0.866709746122632
 360000982     0.443376200465307     0.841347866455629     0.695568235758935
 360000983     0.251398274447763     0.206343834444874    -0.293351674713187
 360000984     0.059197247528153    -0.120302881664990     0.275569391680724
 360000985     0.568547557083451     0.675200923171531     0.935303832644865
 360000986     0.635942341306354     0.903335384465020     0.993745634596014
 360000987    -0.010214853244702     1.160159700172099     0.049355879161601
 360000988     0.539673334235338     0.771223430589002     1.034197551989549
 360000989     0.989639658300033     0.765811820776743     0.314250673078629
 360000990     0.837282419735636     0.839944765885845     0.131472690615469
 360000991     0.405005451247242     0.069735857937146     1.147926458750713
 360000992     0.565998242041992     0.685435593068613     0.948925475223636
 360000993     0.654279236704652     0.926204637322205     1.072022907966920
 360000994     0.726180458274764     0.494284382073500     0.409971622170404
 360000995     0.201089246359306    -0.049065840274383     0.700855841109098
 360000996     0.578274946724135     0.651536742817162     1.062156425161431
 360000997     0.088220530560801    -0.028576748673921     0.664042195886784
 360000998     0.616244597646881     0.896984461167758     0.449558557082956
 360000999     0.147282195066419     0.661982065693201     0.799844227823007
 360001000     0.757180242477296     0.898567304410631     0.021785453483952
