 180000001     0.541244663450878     0.988249100448849     0.539595161221434
 180000002     0.136587674568105     0.665954050323042     0.745784609810782
 180000003     0.636319272078953     1.194079309148065     0.954941023834747
 180000004     0.937108120859289     1.053619946108345     0.332656247622570
 180000005     0.783681062091012     0.489748849369416     0.650256336525223
 180000006     0.989699364393952     0.561636819338972     1.052712329059740
 180000007     0.092459569846287    -0.071553142282338     0.252835019273962
 180000008     0.753274453328246     0.301141866794173     0.484998208316920
 180000009     0.311003263133329    -0.015011453030203     0.732657720333971
 180000010     0.110211980134340     0.667661118170149     0.786661373007863
 180000011     0.070760845334249    -0.069176028650232     0.236462415239313
 180000012     0.607168248061594     0.730902053041297     0.916919654605970
 180000013     0.448908873124036     0.616478389800247     0.372058987779888
 180000014     0.866525479843309     0.444593692642421     0.470650005630542
 180000015     0.574433171255968     0.085537708155510     1.065214367195118
 180000016     0.437450104424778     0.674648221738814     0.612226756670223
 180000017     0.700531934713890     0.303733575555588     0.303411735185812
 180000018     0.851040213229306     0.270152754550296     0.676481018345795
 180000019     0.657211520732722     0.449331209765643     0.831267846121856
 180000020     1.000695471706381     0.468081375713625     0.976554353024766
 180000021     0.150314402575806     0.656413037930233     0.789957318003117
 180000022     0.631115062257033     0.711234311248240     0.940903660863858
 180000023     1.028428126994969     0.461424528861684     0.318328539303688
 180000024     0.331162137239714     0.154198882744251     0.583924662283689
 180000025     0.615663474224397     0.672418973869183     0.907309943156766
 180000026     0.766689936543399     0.592081926541263     0.442624436330257
 180000027     0.368876170298716     0.054965854858559     1.108664874968905
 180000028     0.460062718909489     0.424869346219432     0.678614479132374
 180000029     0.159762208009597     0.626395119190602     0.770780808253087
 180000030     0.721623925176648     0.372713769172616     0.898334904780977
 180000031     0.147689818726000     0.641179404878367     0.769560688795961
 180000032     0.923597490842678     0.559556388950598     1.018213741067903
 180000033     0.093831521103309     0.758994853816961     0.256451490656273
 180000034     0.430691445800884     0.445925978375337     0.227220179720546
 180000035     0.103957963634875     0.608471352953470     1.180624355744225
 180000036     0.851465347279144     0.980722905047670     0.595564004361400
 180000037     0.789891269488803     0.308202766865039     0.208245973246544
 180000038     0.499865744206185     0.020388074506484     0.701253546185981
 180000039     0.298949635768951     0.181213572333826    -0.132608167787272
 180000040     0.513461102992752     0.649823485355524     0.530015655134588
 180000041     0.790252694564434     0.438363192281938     0.829848044456044
 180000042     0.003287886865160     0.762509970681544     0.466705628859975
 180000043     1.060768732898639     0.951173376587546    -0.177599792411883
 180000044     0.943456362021889     0.490840109808994     1.027175208241827
 180000045     0.566284559230021     0.313639358753487     0.372720184073701
 180000046     0.592744999042202     0.695602800031303     0.965021233678306
 180000047     0.107843398501233     0.677983927541698     0.788567175727564
 180000048     0.591527709266416     0.679597705271643     0.986086975954360
 180000049     0.220647811479485     0.244481185404001     0.076029648289929
 180000050     0.150741539268907     0.355496777407215     1.046375532249850
 180000051     0.433073937649005    -0.002426545225797     1.068468152529743
 180000052     1.005893708150677     0.219488294992370    -0.008476188334962
 180000053     0.427397881522921     0.620563011598331     0.260396870074600
 180000054     0.555385904687172     0.878888771091759     0.039035722635536
 180000055     0.406660154813692     0.132505441493435     0.988402550589277
 180000056     0.635842186654772     0.773022740095862    -0.117891846750127
 180000057     0.691531591758248     0.449890164717714     0.271400507908265
 180000058     0.303525008262060     0.198147655079166     0.967851422674249
 180000059     0.355050159274570    -0.041682099022851     0.588439249827790
 180000060     0.437201987724900     0.551276339014221     0.924072045877365
 180000061     0.964923785432270     0.531163267904173     1.085093617568846
 180000062     0.435147333005057     0.084601502039292     0.856553459243863
 180000063     0.531917532073918     0.351937525575724     1.165715343992482
 180000064     0.707688145950945     1.126696402747018     1.287926539774787
 180000065     0.755180813126638     0.675004147592375     0.400585120831884
 180000066     0.883136962678736     0.995492568616710     0.920515512132507
 180000067     0.165807930383254     0.652913837017934     0.788026921122963
 180000068     0.555191786335258    -0.141843036711317     1.070075596972342
 180000069     0.428452170297590     0.630992553210687     0.728336646990357
 180000070     0.464623176550511     0.991368270195582     0.348914571832323
 180000071     0.331849184316318    -0.023793953045942     0.861968749853631
 180000072     0.914755701145808     0.607148859794703     0.962784989706275
 180000073     0.160071067389526     0.644027570003190     0.812587746642926
 180000074     0.965858433786958     0.592355742300182     0.447794821278407
 180000075     0.798405564550251     0.535826007789455     0.961671429240233
 180000076     1.014702979534784     0.914761718686562    -0.275281054011842
 180000077     0.605325214349320     0.708113262735265     0.961425526142850
 180000078     0.897686691623691     0.448826553733813     1.028158045347970
 180000079     0.984286681804894     0.511034293668210     1.027148936753400
 180000080     1.015670705426861     0.434363783901471    -0.018341909126758
 180000081     0.052906731667741    -0.078986155712521     0.238009955011815
 180000082     0.189211504067036     0.007754059484692     0.551524552406718
 180000083     0.984097946649355     1.030955895632380     0.622780073320656
 180000084     0.485930361600820     0.155760052162349     1.164681923639955
 180000085     0.816478144223956     0.159293947713825     0.888286077444528
 180000086     0.581637704154127     0.539351503900842     0.234661285774051
 180000087     0.171230382601550     0.595128607771008     0.267762519341994
 180000088     0.729316386156285     0.491900738619414     0.631411809657748
 180000089     0.078449011746532    -0.096654323889486     0.272119539120485
 180000090     0.956602179846776     1.042114367813936     0.472519437166907
 180000091     0.758228281480635     0.196022257383535     0.505992261750178
 180000092     0.981125510919974     0.458893446668565     1.013374842963080
 180000093     0.314668870296197     0.090244920105109    -0.061979832302042
 180000094     1.002908327191920     0.536597827354156     1.032208015893001
 180000095     0.178184906800070     0.634261168445935     0.778073775489751
 180000096     0.588505817554167     0.566187005246455     0.486432739372579
 180000097     0.609666350142165     0.459584401906636     0.964638101105799
 180000098     0.482414758199791    -0.046303202202012     1.124483046649160
 180000099     0.240601205020887     0.443058610742775     1.276133958639418
 180000100     0.826133243680298     0.369599936305520     0.455587079172382
 180000101     1.045631889237987     0.733490749379476     0.767969996106292
 180000102     0.423738790649152     0.022883103405438    -0.021240921968040
 180000103     0.702885530152215    -0.058761629038688     0.478148845348473
 180000104     0.863787018763370     0.048066354914642     0.852360821032878
 180000105     0.297870725420474     0.038894765532866     0.627826147131819
 180000106     0.434605576389253     0.096748305142252     0.911610858473426
 180000107     0.611233178208448     0.600034956743040     0.021254056350174
 180000108     0.835179674404871     0.230953161250899     0.486686249965208
 180000109     0.569512762927502     0.719062006285603     0.975973240024795
 180000110     0.442672664490996     0.653824197530883     1.160687468403402
 180000111     0.804603296816683     0.377075288631084     0.134726374725198
 180000112     0.610702224322476     0.282364121991378     0.451143396512795
 180000113     0.593531073395437     0.681282146843008     0.944392779466673
 180000114     0.671182789870323     0.460670075225566     0.344662729873355
 180000115     0.568786856401760     0.718514629922785     0.914348900084589
 180000116     0.137673534970346     0.631376560655632     0.812295706691108
 180000117     0.280216492198265     0.954225825939535     0.581198367492335
 180000118     0.108769872514337     0.069349425355065     0.262586300270452
 180000119     0.093900070188735    -0.020955379101832     1.141749626381737
 180000120     0.913872238201783     0.210409343474797     0.304612068096710
 180000121     0.626563885761920     0.194235403457126     0.914961277168115
 180000122     0.287963403809345     0.024271006792659     0.614209119283787
 180000123     0.333510902305487     0.914844332895946     0.271277119686647
 180000124     0.902335446767077     0.620240343108926     0.250829142682639
 180000125     0.589598548207588     0.685949273947193     0.950808441443992
 180000126     0.360121911560317    -0.006598208511176     0.959616428495599
 180000127     0.689930243521935     0.559805568531203     1.070567312603687
 180000128     0.114317320782265     0.514430662733549     0.930297192478838
 180000129     0.691568380285779     0.922350948526327     0.647262443680883
 180000130     0.371162964921809    -0.072969572339927     0.627107948503323
 180000131     1.063011810749617     0.299634003208379     0.100392015483475
 180000132     0.617345302665169     0.479570710231375     0.509374966347151
 180000133     0.664847614960713     0.141931216998111     1.015440643029634
 180000134     0.233000466935271    -0.105520679185286     0.566761781343266
 180000135    -0.010565646048058     0.953432520680528     0.558200510339170
 180000136     0.175157696359864     0.680422351332257     0.761301149744239
 180000137     0.543168130247162     0.637282527206319     0.260460784530861
 180000138     0.347939395993908     0.618398119809965     0.185688116379917
 180000139     0.928838296917699     0.468331483808146     1.076641307676043
 180000140     0.596895591359595     0.864390099997125     1.255961571911759
 180000141     0.785702415102617     0.295001880703253     0.408631538277242
 180000142     0.436491075235992     0.198233402341157     0.611330441932518
 180000143     0.338378080569025    -0.011289882778946     0.515133292415111
 180000144     0.533638046103506     0.471458907710283     0.073259238298233
 180000145     0.128460282220831     0.904372138046784     0.913487623311910
 180000146     0.623892460136956     0.687622336298266     0.944512696403341
 180000147     0.078930524751034    -0.091648697551421     0.261649628754351
 180000148     1.069783837333472     1.134806861133719     0.603618984936884
 180000149     0.356079069795977     0.050307094837928     0.711262780360583
 180000150     0.492945742965235     0.693980220606659    -0.270038499234099
 180000151     0.547862914047604    -0.035100831090047     0.693755161559848
 180000152     0.671259597669281     0.022353661142167     0.705839515872839
 180000153     0.380437409205393     0.021088656510553     0.011815657085190
 180000154     0.053154479982910    -0.076378880250650     0.232750467737816
 180000155     0.061651367025008    -0.096083742240421     0.209915842625415
 180000156     0.071851243848782    -0.102600906821314     0.263866230560365
 180000157     0.137354651749771     0.430774883494773    -0.282412058522855
 180000158     0.589046389584229     0.752929770493308     0.449079827626753
 180000159     0.597643062777389     0.290200529138387     0.863455312619554
 180000160     0.574501809016325     0.721347508353629     0.993145632872628
 180000161     0.176078297605749     0.495537967140003     0.227427932569337
 180000162     0.593470212271785     0.230276570274860    -0.084768559488841
 180000163     0.786121967272358     0.999005860483789     0.399407978957841
 180000164     0.068830125444691    -0.107195853832738     0.216170953948060
 180000165     0.816777008917800     0.317979860250181     0.498593099958388
 180000166     0.121540242316803     0.660946759707294     0.812576232166927
 180000167     0.259797200146723     0.022792169198704     0.705806124922571
 180000168     0.640098695427240    -0.023022255036406     0.633293624268720
 180000169     0.971704700663307     0.520014592085094     1.073040292286989
 180000170     0.281187590361443     0.191478223886775    -0.000404427885188
 180000171     0.896954440882157     1.130221812558071     0.511850432913883
 180000172     1.039831800599373     0.250480289482154     0.265398377739401
 180000173     0.551077079811362     0.656828080342349     0.926824277660545
 180000174     0.487234796063104     0.520662455040885     0.507596854265549
 180000175     0.068631543733033     0.670152711559219    -0.025550208326039
 180000176     0.294040330798688     0.849608236708757     0.945255063789576
 180000177     0.174841978164027     0.010672851653400     0.448059086239512
 180000178     0.295282459261444    -0.180301211057467     0.046152820473493
 180000179     0.422280567279634     0.018319703996082     0.223456008709718
 180000180     0.572253875092999     0.642377265534774     0.393855150409191
 180000181     1.053380052659599     0.390380682657494     1.166150152187721
 180000182     0.545613893433198     0.340858602477166     0.427442114251272
 180000183     0.486908887673867     0.966807497018022     0.688678354432025
 180000184     0.891862385132564     0.659884824090188     0.732528971454992
 180000185     0.034537342033748     0.406533117835121     0.458476931972680
 180000186     0.133297826063054     0.662595243032558     0.767252925393657
 180000187     0.125297833705461     0.708208650990098     0.779443560516374
 180000188     0.146321536351358     0.182876527130838     0.078440311391815
 180000189     0.956472533254351     0.494076385436453     1.035355784184278
 180000190     0.960713094378995     0.936830783703843     0.664429372565008
 180000191     0.381816310917544     0.015917739821401     0.368981183112873
 180000192     1.004169799731369     0.539695219998872     1.043045691042112
 180000193     0.063886699120795    -0.099480363251191     0.233772363685557
 180000194     0.597280149300028     0.701411211001188     0.913882035101554
 180000195     0.343709710066889     1.062701280092158     0.418320805726612
 180000196     0.376479492633916     0.150342499014605     1.132055333130200
 180000197     0.171892266658373    -0.051809625153271     0.453509057904264
 180000198     0.128445139057370     0.103193592636749    -0.060813703428026
 180000199     0.463389508272437    -0.011110188474807     0.515501264103079
 180000200     0.460946326213168     0.122395453029987     0.346789411011782
 180000201     0.496883439915314     1.152217030826769    -0.065631239117894
 180000202     0.075108734735231    -0.105453842267215     0.251399095997263
 180000203     0.648942745596915     0.114235849916166     0.893790662001299
 180000204     0.924262721896444     0.560809514875924     1.044692382315596
 180000205     0.808136724704237    -0.111110359839509     0.670739362060937
 180000206     0.866480839069753     0.289849375641698     0.921857344850341
 180000207     0.365401722800844    -0.064776455226289    -0.228377787316727
 180000208     0.942751542517060     0.568381763035179     1.022686801940125
 180000209     0.120477960944431     0.660388017781637     0.783189407184883
 180000210     0.369825872876204     0.134267249908189    -0.005705246610996
 180000211     0.417295335073989     0.057615727640246     0.509615738712640
 180000212     1.003348850389458     0.509509262416519     0.211155171719770
 180000213     1.068824958745203     0.884047000825762     0.610590304002498
 180000214     0.606317114194007     0.696826553158105     0.723047874908046
 180000215     0.982984193550659     0.584842379492139     0.325128829963233
 180000216     0.070091188766475     0.048655548603658    -0.156109133783166
 180000217     0.118561159924253     0.681101782069397     0.768489936213509
 180000218     0.317258150820450     0.705385426774621     0.111225928032291
 180000219     0.179353410082281     0.272552564892973     0.526469876494677
 180000220    -0.010224357992587     0.195714171631286     1.091578410033440
 180000221     0.362864483430482     0.234944257782307     0.480041647540772
 180000222     0.828927598500932     0.277877812314499     1.123260589489872
 180000223     0.670998464647361    -0.013186586042225     0.604425092791809
 180000224     0.320276717939974     0.100862439211465     0.354144785684876
 180000225     0.343454271971253     0.028247087217370     0.810219554733826
 180000226     0.931726423302263     0.513714997233308     1.048306491452196
 180000227     0.789725206533791     0.264047708967618     0.434232358755245
 180000228     0.921296803506942     0.126322445556470    -0.152155415378125
 180000229     0.566022218265326     0.381066049360272     0.350149675390484
 180000230     0.389207038923560     0.849736691838396     0.458028846395726
 180000231     0.709411093806647     0.779296097735105     0.838502225920261
 180000232     0.353679187895115     0.062549370118462     1.208606673956154
 180000233     0.853369478655827     0.009796333618574    -0.208798070602924
 180000234     1.084615801075151     0.601598091733011    -0.165447254842951
 180000235     0.494253126552196     1.052144914743245    -0.171810325199872
 180000236     0.652456254963301    -0.041875607686377     0.436612404967378
 180000237     0.521613678604961     0.664133117792872     1.069800707201387
 180000238     0.970674909552932     1.158467846925455     0.635446909621579
 180000239     0.887206759435010    -0.053992590079085     0.498680178967304
 180000240     0.229733108701375     0.190948103830535     0.968013077989544
 180000241     0.474594040093185     1.120702693861768     0.412569256022250
 180000242     0.039983050735987     0.546301593057696    -0.266489652681774
 180000243     0.088412682261674    -0.043080840100201     0.247435774286738
 180000244     0.501403419775456     0.838112270083039     0.384628246591237
 180000245     0.700251036479586     1.153023463575049     1.241455622752821
 180000246     0.560729835788589     0.970148945363682     1.199196474138058
 180000247     0.553890823656814     0.948318588721340     0.227121192540402
 180000248     0.570294581511988     0.702227965717360     0.920149957081740
 180000249     0.115345428637658     0.490756939416594     0.901331164264741
 180000250     0.509318788477371     0.148311757167521     0.463812294304160
 180000251     0.580158994498913     0.730326876319471     0.942599170547845
 180000252     0.900261362975875     0.311755906449019     0.405675385931709
 180000253     0.836331186621673     0.969956417598990     0.800435214979775
 180000254     0.581711027160038     0.715952870811651     0.948645298221627
 180000255     0.395749188573815     0.368746333816964     1.083901197150248
 180000256     0.340696377924775     0.132970043428756    -0.052695450268462
 180000257     0.510482785040126     0.359722150988188    -0.034258262764528
 180000258     0.073682401491807     1.160513396186646     0.576319992348119
 180000259     0.566344299828498     0.434394144323018     0.816792506483341
 180000260     0.745640044719311    -0.065615302905907     0.549948168733331
 180000261     0.244812561390253     0.148608860217118     0.490771530752394
 180000262     0.662176743720823    -0.186881698380281     0.427696214042323
 180000263     0.087180951526133    -0.079778184962263     0.231082848153210
 180000264     0.540034410538717     0.358449286156956     0.334720831138957
 180000265     0.830423720811808     0.353795945010082     0.278507415672207
 180000266     0.143805715082362     0.655754159588103     0.794195870722645
 180000267     0.751257552936718     0.220621462032639     0.547791535713225
 180000268     0.519199317335929     0.197109200958572     0.788799768131171
 180000269     0.862064614197452     0.760420233974616    -0.163075860283582
 180000270     0.073356257905733    -0.112549507664296     0.246868608102346
 180000271    -0.075854232758270     0.035009157049282     0.303335823931215
 180000272     0.107837189963735     0.326192181159354    -0.006110874948988
 180000273     0.557297143281606     0.340284654031794     0.555915917209467
 180000274     0.536161467005678     0.794459638668501    -0.098016384314578
 180000275     0.940316271816962     0.529923865579473     1.038113428224851
 180000276     0.544422752135022     0.485798857677869     0.533457929598884
 180000277     0.975116375310332     0.515313932854826     1.035189825271570
 180000278     0.684131954071548     0.256383384606126     1.242024239497045
 180000279     0.243355833101449     0.822027595234001     0.269737808428786
 180000280     0.191354275783263     0.422293829603509     1.028352439430694
 180000281     0.570897107936561     0.709612609383229     1.154752511657842
 180000282     0.311907379580647     1.134765375771347     1.115003513035298
 180000283     0.732579017252594     0.399475499165125     0.899453248779598
 180000284     0.349504441196816     0.186548295929903     1.136773442786089
 180000285     0.147825551317427     0.649592853620364     0.806098784555136
 180000286     0.295719163693650     0.148207701477134     0.030565970356161
 180000287     0.547064173920213    -0.117995317494493     0.648170217486773
 180000288     0.265396364763505     0.844559175056996     0.650747985191173
 180000289     0.745663500083621     0.124954060593651     1.221121039096075
 180000290     0.924767622792535     0.093686299167988    -0.164017848631211
 180000291     0.807897106494320     0.221166811973775     0.961714515146246
 180000292     0.094385860431464     0.620813352007910     0.794957854202288
 180000293     0.609872228912418     0.740958870101136     0.947483669450404
 180000294     0.663441990639414     0.275144935036668     0.390546656730379
 180000295     0.545110132616466     0.710222758003955     0.987500960179184
 180000296     0.937254203855606     0.007701293516821     0.286095194458291
 180000297     0.859793102975498     0.492747637439310     1.074227459485704
 180000298     1.042887684005085     0.178655329718093     0.727113821287289
 180000299     0.061677599278149    -0.091046493416491     0.247166176374530
 180000300     0.315265371773301     0.846327056472945     0.143300204747182
 180000301     0.241097666334440    -0.109085872619669     0.579665326741722
 180000302     0.343810380824220    -0.039815780549561     0.576870635199687
 180000303     0.705376422893538     0.218821882928729     0.462716092259235
 180000304     0.919760778423655     0.562261088294703     1.055656193266349
 180000305     0.894952907190959     0.313869758092678     0.454456472632522
 180000306     0.448602513382517     0.079592000242485     1.047847166534060
 180000307     0.202815702636089     0.618755701641348     0.269624623335232
 180000308     0.213093698634956     0.775511280693455     0.305716644767583
 180000309     0.489849864778013     0.955152947106707    -0.088008548867283
 180000310     0.834298294526036     0.374564210858635     0.563882793818747
 180000311     0.622817027638203     0.521327497715240     0.268129650123388
 180000312     0.629606710183928     0.026715454252500     0.627711021864790
 180000313     0.856923617091935     0.634513706807253     0.897041733421419
 180000314     0.125062205523064     0.661830744090456     0.811902357479933
 180000315     0.295992506144057     0.099318277334135     0.013938259016337
 180000316     0.606169897927833     0.076191225428187     0.861482845366049
 180000317     0.318996155233420     0.768746815590112     0.028696933193631
 180000318     0.059808878131400    -0.111791862927347     0.228869906926519
 180000319     1.082767104584077     0.859265387714545    -0.075053680112992
 180000320     0.949706260080794     0.060860360503541     0.875620457664233
 180000321     0.593120895706409     0.700343226780431     0.998730755569349
 180000322    -0.054790402059665     0.778207598378895     0.553505480996616
 180000323     0.080628354135349     0.658002950594112     0.650790409472036
 180000324     0.820017283278713    -0.179377894168503    -0.115575921601306
 180000325     0.570487042149445     0.723688691852104     0.948550561440103
 180000326     0.946259253317244     0.999328570241576     0.583568364308687
 180000327     0.213695236445123    -0.000276932233108     0.779090774321188
 180000328     0.359535468391109     0.076450576399279     0.954519673012726
 180000329     0.603769813788562     0.703810636752096     0.935480133979245
 180000330     0.120437881677949     0.655024122277962     0.776558883148404
 180000331     0.133275532820535     0.088909651230760     0.875324929029310
 180000332     0.717834698387081     0.647310574506077     1.177144565717977
 180000333     0.435690112008125     0.636365859942989     0.567131363609822
 180000334     0.754378663928507     0.435962690863983     1.049407897419832
 180000335     0.239866374579648     0.191680495179988    -0.059626278498960
 180000336     0.429951731037610     0.039718630253794    -0.099900787397159
 180000337     0.457260806343558     0.769930821869853     0.337041658754062
 180000338     0.842514540215897     0.836100324779511     0.834156977256790
 180000339     0.558990529260404     0.029999022398057     1.058983179681067
 180000340     0.634933955574267     0.159190844520450     0.376557635829087
 180000341     0.387473046901824    -0.131776740083622     0.623032692982795
 180000342     0.480062168042946     0.573334313724886     1.051363247112108
 180000343     0.054086597516426    -0.041916244386816     0.829885033913258
 180000344     0.465228164066312     1.188721387826841     0.930118716275718
 180000345     0.060941572508724    -0.061061262260147     0.233605146563015
 180000346     0.631098603156374     0.266078505627677     0.527087007001172
 180000347     0.499417472774564     1.115200467085968     0.995061308583005
 180000348     0.920030094623310     0.487462640185034     0.524453082674858
 180000349     0.350289856083387     0.996586451163075     0.770140950618915
 180000350    -0.099267111061039     0.810157087404789     0.925220328359668
 180000351     0.845222746558251     0.972233196509021    -0.093373159435263
 180000352     0.292014680824726     0.605523395972472     0.195070048467991
 180000353     0.863979999164307     0.179800144664185     1.226939150565338
 180000354     0.664102072143745     0.810783554365283    -0.186482927140647
 180000355     0.075837883168500    -0.083633615689074     0.238125309101923
 180000356     0.699219686405133     0.454602271481695     0.308066813409370
 180000357     0.571579759235186     0.631313447246660     0.633913052155840
 180000358     0.598341687108002     0.727587322599076     0.956725889674993
 180000359     0.563986367234079     0.354891637640873     0.388222237860849
 180000360     0.971531028279695     0.894995766310204     0.593931053955673
 180000361     0.568516717377118     1.094568821591104    -0.005096278368649
 180000362     0.432694229692131     0.744300922097306     0.415082207045528
 180000363    -0.037851285892272     0.500321198790130     0.373157167585457
 180000364     0.521642636179845     0.058165004038900     0.136692359916051
 180000365     0.930970533288123     0.583760318543571     0.949472565706718
 180000366     1.004050058320429     0.521900076545036     1.061178469205634
 180000367     1.025806215482979     0.079265616668601     0.621446636117045
 180000368     0.582560219448921     0.715479836289496     0.967647297432214
 180000369     0.168300049259076     0.816523748489916     1.219673930690172
 180000370     0.620348728870429     0.809106943032607     0.945647659264591
 180000371     0.303989467919442     0.079079206364474    -0.088540477208658
 180000372     0.926684331848517     0.605232978637968     0.192855346395645
 180000373     0.957338348607910     0.443014922019071     0.373316089045559
 180000374     0.139119123591365     1.123367415834468     0.876509883514081
 180000375    -0.081149711860199     0.376487496824622     0.742104337754900
 180000376     0.147676160250272     0.140593686142151     0.125123298516165
 180000377     0.779134110037161     0.495836289008395     0.167902652601147
 180000378     0.532754827041554     0.278295886004803     0.895642905206521
 180000379     0.706304270036633     0.402765549361310     0.001635392843751
 180000380     0.557436906123349     0.079079783986313     0.718235481299570
 180000381     1.076001570012341     0.798460605948722     0.129383373052428
 180000382     0.558333708971872     0.699397877203036     0.911561350745979
 180000383     0.734188892588819     0.539119416894195     1.144435952955205
 180000384     0.087157993091159     0.813728451182491    -0.023718745858216
 180000385     0.245452721020169     1.097022538162098     0.394938307411252
 180000386     0.326811747810878     0.252493181481056     0.392773251565106
 180000387     0.490267661173856     0.834800735331290     0.335351253918157
 180000388     0.586148980078109    -0.024952590002044     0.167686608977958
 180000389     0.760524648042083     0.050639353484524     0.591600396515426
 180000390     0.867101156158223     1.120891945237947     0.086144711095551
 180000391     0.480862341808123     0.983648554903745    -0.013801508002816
 180000392     0.362565651863589     0.137757747833354    -0.053609783807360
 180000393     0.598299452874869     0.706216988072014     0.911108954044405
 180000394     0.392487175451847     0.139701946217153    -0.047403479873453
 180000395     0.039770880993374     0.409237982983328     0.397066670183018
 180000396     0.858604669057888    -0.022680134810661     0.486429940671853
 180000397     0.226439212963344     0.996038777646842    -0.297297508921291
 180000398     0.572935401243095     0.794329444193099     0.194616343974176
 180000399     0.766388405031257     0.404496300299180     0.339191928301293
 180000400     0.862858373325827     0.450087500624171     0.434387676121114
 180000401     0.826933286937346     0.970144044150010     1.132290546041188
 180000402     0.144641401785493     0.381706765578460     0.012992438999970
 180000403     0.642176100647913     0.704674786204392     0.980632778421558
 180000404     0.069711153026681     0.547485332956227    -0.054330889237856
 180000405     0.831202614603853     0.199400817683471     0.899639541977585
 180000406     0.415237902344415     0.228143899140488    -0.012077079781828
 180000407     0.025927541414872     0.647650610619746    -0.126720502712287
 180000408     0.752973941682576     0.935259789056296     0.797810288524716
 180000409     0.655951316142307     0.000198323173543     0.479123270795916
 180000410     0.539783870981722     0.774716932227847     0.511798309015273
 180000411     0.063003249190742    -0.080887823478122     0.243799461903581
 180000412     0.335230817603269     0.178068570931226     0.804955608028074
 180000413     0.260436911704031     0.131912196738087     0.673541986301146
 180000414     0.997527038201836     0.576485249796668     1.017394765425002
 180000415     0.055924617045100    -0.093548925970950     0.262192767893483
 180000416     0.327452304317850    -0.033616137496371     0.721785733252536
 180000417     0.627989496823418     0.708138602856217     0.972183576816610
 180000418     0.978734417629793     0.291449736889020     0.375949296362105
 180000419     0.753552586662850     0.062559433348146     0.286858976980906
 180000420     0.933127793941235     0.914325360484717    -0.095935128478370
 180000421     0.188350833284055    -0.085195909822585     0.671908408297058
 180000422     0.710235503331577    -0.084415878065153     1.075699913297164
 180000423     0.622840735433200     0.167931466486736     1.268650322431199
 180000424     0.236228269958203     0.054008806563847     0.520136536830198
 180000425     0.807506453269147     0.257204868268290    -0.167846291968633
 180000426     0.236631422865939     0.062170903981372     0.116320499973580
 180000427     0.082776814998008    -0.133799400014898     0.242320866421665
 180000428     1.003251095521236     0.643648165476296     0.979454711618958
 180000429     0.167927249035831     0.484461895576029     0.944272663975313
 180000430     0.769919651911965     0.198223654410755     0.513892024352515
 180000431     0.734958613244966     1.005731279751289     1.127031465842339
 180000432     0.953428958783008     0.557856151937820     1.000324511485978
 180000433     0.617722632633631     0.707232503157080     0.972023157704371
 180000434    -0.062061933141056     0.454873787549654    -0.090047293474363
 180000435     0.134088798230337     0.638908804613434     0.791010773419321
 180000436     0.834231659816730     0.170098352844938     0.611972420454950
 180000437     0.345644446380053     0.706619947817081     0.507987732648469
 180000438     0.518377197539571     0.108656542300347     0.572603223505901
 180000439     0.421011600131310    -0.052570668704155     0.755098033319458
 180000440     0.259523170734032     0.098486054566012     0.805572680142403
 180000441     1.070385790805335     0.842717382986388     0.551997485926651
 180000442     0.204943394153228     0.576610468072011     0.800730816880445
 180000443     0.727869685934060    -0.074125251254176     0.873712836536588
 180000444     0.563457394898058     0.321370837864082     0.958957456737358
 180000445     0.275187018560411    -0.174622731554071     0.712335383659960
 180000446     0.348556178806858     0.286942703687307     1.023048921869834
 180000447     0.364505604020096     0.373776356351530     1.062809137370003
 180000448     0.828751982692195     0.827107395463539     0.093195604355643
 180000449     0.089959031592867     0.727258004882362     0.013367336423721
 180000450     0.967052079390326     0.528593972962707     1.093872483235377
 180000451    -0.068651779572093     1.033246238014560    -0.295321325822895
 180000452     0.669646863601704     0.396204334153441     0.403554780811684
 180000453     1.030062963661617     1.062834761097283     0.013940945252868
 180000454     0.477181162895305     1.105107202456320    -0.051958830482694
 180000455     0.762658548919578     0.263339370583432     0.835640007938721
 180000456     0.012465196493415    -0.106549271030964     0.565250129947606
 180000457     0.701979064142417     0.175700999788235     0.698034793575550
 180000458     0.403029084907835     0.126457000526052     1.019901815201686
 180000459     0.106250778168813    -0.113622778312412     0.255704564445701
 180000460     0.301696544900593     0.698585546806112     0.570342707935779
 180000461     0.633890518805213     0.324260954929718     0.426417988394687
 180000462     0.364871617547670     0.189522646230411     0.861437551321488
 180000463     0.616060684406696     0.760331470991538     0.989886901560732
 180000464    -0.089939138209467     0.145044292303149     0.978822857904456
 180000465     0.567371748145429     0.227607434954958     0.517339138452854
 180000466     0.175898659226489     0.653549539528275     0.795925400394827
 180000467     0.086597310532015     0.238932045975550     0.261856233165114
 180000468     0.815775434229053     0.178758466712327     0.265300315771911
 180000469     0.055136582406012     0.576867010965950     0.559323490161018
 180000470     0.208948768323640     0.727733464231378    -0.190517883829370
 180000471     0.976075180181380     0.511456823188715     1.024432552158660
 180000472     0.472756025205477     0.090494799825997     1.178494986630792
 180000473     0.018095223199208     0.945346105457473     0.239520906416185
 180000474     0.575504224931654     0.148926641538634     0.621752571955166
 180000475    -0.005236036076894     0.599251538322720     0.995421296955254
 180000476     0.307672105140767     0.117450641339950    -0.011833743511581
 180000477     0.729623072292143     0.680398436818444     0.729686553929384
 180000478     0.313313314295239    -0.014775712753312     0.607184595937333
 180000479     0.197521431491107     0.174966784093718     0.665082167435203
 180000480     0.142499959974736     0.654969192831609     0.798926113031644
 180000481     0.237701004619103     0.242898131062554     1.040400327403457
 180000482     0.179956744176593     0.614000004890128     0.360728924432574
 180000483     1.075171955754398     0.818258906304635     0.610091831428149
 180000484    -0.012084398501034     0.002871776696886     1.247652019393855
 180000485     0.518399334887755    -0.158770427240639     1.267796739375102
 180000486     0.228537278634474     0.129465583395997    -0.047891412415814
 180000487     0.211423151513746     0.796072232525886     0.422738794777875
 180000488     0.333200308370474     0.868940392412882     0.268630205001302
 180000489     0.245766066671884     0.665266631098956     1.097172655503995
 180000490     0.061560254418093    -0.094173106125983     0.247883278236416
 180000491     1.036900421340409     0.974203319232893     0.289441113392539
 180000492     0.536071201792007     0.205904757529253     1.042796156711918
 180000493     0.316714107590845     0.166053119946399     1.194955255136554
 180000494     0.444715153706638     0.885437040207340     0.882310204258910
 180000495     0.740453026980298     0.355431896371515     1.014930949214166
 180000496     0.063996758960081     0.590628465641272    -0.260356432817763
 180000497     0.574048143257039     0.916254489311803     0.612892588901528
 180000498     0.090687003554880     0.343758209215033    -0.071454318064694
 180000499     0.131615467056030     0.051783961395118     0.535287434200919
 180000500     0.639602132575008     0.613943711091890     1.101846706826120
 180000501     0.183023525904073     1.035666762279471     1.248625407398679
 180000502     0.124159963792527     0.609640878282744     0.829050606361340
 180000503     0.342607479023833     0.137922792894733     0.997765483816112
 180000504     1.032851499759960     0.375671901437352     0.134910787839304
 180000505     0.763694363565797     0.340223979146642     0.391849196890410
 180000506     0.245963092473119     0.440548960270253     0.393877127683760
 180000507     0.602381230408250     0.659942189453970     0.953519069542541
 180000508     0.911747978499330     0.529092717282599     1.038674958414561
 180000509     0.438100014675974     0.401910870701678     1.245640953767565
 180000510     0.053528760358948     0.778703378053072     1.047636146220075
 180000511     1.090345932412572     0.628803563280459     0.593954743792033
 180000512     1.029291559727384     0.513888057138200     1.050483488613939
 180000513     0.925352378974507    -0.195726781939771     1.201711023022779
 180000514     0.486972612487695     0.043747563535330     0.842387428480794
 180000515     0.616000011654235     0.109077114555245     0.505020734225397
 180000516     0.922393297155756     0.942205299467227     0.228022188492728
 180000517     0.266410083488816     0.164320171049681     0.460202836593292
 180000518     0.656858384537431     0.381715275211516    -0.033530142418684
 180000519     0.125687016726259     0.671285575938773     0.790774608248853
 180000520     0.563106078493364     0.681393651246781     0.950907389203896
 180000521    -0.085807987497785     0.241824950398861     1.003871297052956
 180000522     0.657214656561611     0.209952082283125     0.679487606850613
 180000523     0.850150280223559    -0.078817698609196     0.953399034760588
 180000524     0.640089500647457     1.120582765926415     0.062746480633669
 180000525     0.404007725755735     0.009211185706775     0.481705611936945
 180000526     0.971007359386404     0.596004811421262     1.015732413200329
 180000527     0.432991024520674     0.653991236366491     0.364009257868005
 180000528     0.720787145138925     0.382478988304937     0.846692429406171
 180000529     0.299920144329144     0.152693613954123     1.237153661309782
 180000530     0.541437706014118     1.039995237255183     0.857941985407769
 180000531     0.573657450301840     0.678961594675269     0.949684897095512
 180000532     0.920424855470008     0.607470934191492     1.015411375001571
 180000533     0.535656930218939    -0.140762289069615     0.550630627950449
 180000534     0.497389781120924     0.278692583202113     0.892568981593419
 180000535    -0.077483862074833    -0.063037772600522     0.348881776626438
 180000536     0.094249907657399     0.581525295030424     0.124754147173670
 180000537    -0.052225400968058     0.694080342076970     0.350085632005202
 180000538     0.287415973176938    -0.196728667115011    -0.096461479867326
 180000539     0.157764115080926     0.683332752920957     0.764984365492612
 180000540     0.458670696820271     1.010898653792736     0.686426355512646
 180000541     0.790686423302816     0.107874401867544     1.111053137999353
 180000542     0.472859009992453     0.267410474522641     1.115861643990923
 180000543    -0.035343161207155     0.111329603441732    -0.192189183844274
 180000544     0.811999419554585     0.226235194401175     0.173176773508322
 180000545     0.678647575957398     0.277543650937309     1.187636093109761
 180000546     0.154189536633936     0.639803126581289     0.744814607498180
 180000547     0.565542746424038     0.665701071755842     0.975930579163918
 180000548     1.067063213696909     1.175807070115593     0.032949623144431
 180000549     0.871179541254941     0.750648824143952     0.737724115868127
 180000550     0.417882027386319     1.062033261734829     1.143314058604233
 180000551     0.829302223627227     0.424203217083411     0.356137058203668
 180000552     0.564391682709967     0.710960807546161     0.988216444672814
 180000553     0.182595445262190     1.105431857240197     0.889350695045085
 180000554     0.119149826831911     0.650613601136951     0.774811654005478
 180000555     0.106227546722297     0.799140978567315     0.453383875014345
 180000556     0.064400645832946     0.537603232504773    -0.205748087421714
 180000557     0.751702548483330     0.714165530903226     0.426093646877377
 180000558     0.911665187126349     0.568041985948121     0.577599492805493
 180000559     0.324612078446039     0.267301012071017    -0.273571252647960
 180000560     0.083702431899809     0.818048117853102     0.556362278338987
 180000561     0.263920365399425     0.348698589061541     0.407844803567184
 180000562     0.370521116920380     0.194473163065851    -0.077603388825434
 180000563     0.865242282211922     0.920871564507207     0.278214471863151
 180000564     0.147780437215533     0.649285375721213     0.797955374359311
 180000565     0.554091731486781     0.293026573926240     0.405618136475263
 180000566     1.014810461917575     0.103156201054156     0.011641341026683
 180000567     0.941799933566880     0.666039320366527     1.249709441473737
 180000568     0.341744122777054     0.076646803793887     0.058525770748538
 180000569     0.133910243645132     0.551209577836788     0.615065314804045
 180000570     0.684976684706928     0.166299803658629     0.487550248172932
 180000571     1.073330868775321     0.403846867123894     0.195762292059772
 180000572     0.869214383007300     0.952331931109927    -0.267292113327492
 180000573     0.597777728855930     0.659725638769285     0.969802681957501
 180000574     0.128957325071584     0.915108114627986     0.206581092025200
 180000575     0.470752501605634     0.302240617717455     0.180272240081750
 180000576     1.092524204169388     0.801367479715318     0.993056612374932
 180000577     0.707778280940448     0.418624998342310     1.028023746212756
 180000578     0.560293789901599     0.661351420218270     0.907997142564337
 180000579     0.626857994446441     0.709463392455576     0.989377028831638
 180000580     0.054004256892914     0.778439357514541     0.844728926892169
 180000581     0.357727404951693     0.026136267332832     0.819219783943028
 180000582    -0.063340466065252     0.945577636665381    -0.038714317310591
 180000583     0.371254529482569    -0.000091518562905     1.049603424133393
 180000584     0.552452531042285     0.721391786259468     0.941692706263557
 180000585     0.589779959820105     0.721691724705847     0.917600630152983
 180000586     0.082643488020582    -0.079137596855869     0.214750569543870
 180000587     0.386657490712977    -0.120963362638784     0.492605971506929
 180000588     0.447349655399313     0.198256496589380     0.008824181963359
 180000589     0.945954390288404     0.863656861592736    -0.298875792776094
 180000590     0.816654548839460     1.176520549459661     0.087580634640850
 180000591     0.811347735667694     0.324381686302740     0.834030735276648
 180000592     0.391764521104397    -0.087825687387201     0.789742290246850
 180000593     0.803320339854020     1.127738596554984     0.719838272171379
 180000594     0.760302057206548     1.074041216867314     0.844642402289413
 180000595     0.047593089502455     0.474364720841155     0.619701291754782
 180000596     0.569720327592229     0.535115170426831     0.656528606796592
 180000597     0.587758366088081    -0.156916817102147     0.768371917669124
 180000598     0.942396618233828     0.616065764758593     0.344119553479361
 180000599     0.804005902027442     0.323055576758305     0.835766573793658
 180000600     0.593292182692179     0.712787133180106     0.958714753577680
 180000601     0.567204178040510     0.624610490581143     0.722667759546943
 180000602     0.537498319523175     0.351187969921390     0.613305334079536
 180000603     0.230114682759985     0.173436045723202     0.944854102426648
 180000604     0.692298636464360     0.456754638766092     1.120837850269329
 180000605     0.716587501110100     0.107534490317819    -0.265362459849602
 180000606     1.006060733591616     0.875123736728223     1.241778007391039
 180000607     0.525724457505191     0.057889216411067     0.796142855853131
 180000608     0.815844341305474    -0.129298934906280     0.233069940762557
 180000609     0.299673659881925     0.339053321619247     0.929334167371047
 180000610     0.036772288261004     0.212962129603318     0.826620952028517
 180000611     0.443587751156852     0.149423902571990     0.866925581388203
 180000612     0.135466570218319     0.642928018439913     0.796224712714973
 180000613     0.919224854441088     0.642246355425563     1.014546418384491
 180000614     0.794739544699916     0.242081413723367     0.319823945454907
 180000615     0.998957889804630     0.362363363653291     0.385852496344283
 180000616     0.437204084528221     0.023108469367535     1.152843248816174
 180000617     0.796640809686301     0.161928461810778    -0.211355991387662
 180000618     0.672445435353465     0.195693873310622     0.937587596422206
 180000619     0.974349305985352     0.915369253648178     0.821721256571104
 180000620     0.347520431050695     0.117411343961716     1.116553462476541
 180000621     0.327142486708448     0.116707104249166     1.179360569050286
 180000622     0.426476966023410     0.320635995728714     0.984419053792002
 180000623     0.507896428439473     0.004169129561630     0.602746181284753
 180000624     0.672066209053480     1.107028571131967     0.056370012795848
 180000625     0.587956934746680     0.367851524078978     0.363276810195409
 180000626     0.938269913642319     0.149451793098278     0.420263559147746
 180000627    -0.065173125560104     0.465076957772529     0.052419192214886
 180000628     0.442183515500481    -0.024277931091544     0.613978402176272
 180000629     0.500457972268549    -0.186836227737044     0.708216375587113
 180000630     0.416003049737289     0.961340735888535     0.575385868123104
 180000631     0.183542270523619    -0.034061486025979     0.681189672822437
 180000632     0.697544704195883     0.202444929345474     0.417596046076610
 180000633     0.338156109301151     0.165634443861515    -0.075969611099926
 180000634     0.747166844825051     0.364415087193684     0.421857033288479
 180000635     0.133415550099457     0.656574575376126     0.814362448824446
 180000636     0.851676139082287     0.533169778921557     0.991327517094582
 180000637     0.166318857790094     0.674167604415156     0.818728204945979
 180000638     1.090406758637434     0.959867185906279    -0.090049924793734
 180000639     0.876607609864509     0.982781528788225     0.608992332414863
 180000640     0.231079777689086     0.605931771358998     0.162771876160401
 180000641     0.961814382337698     0.562806384275745     1.037862042249449
 180000642     0.226335858672021     0.278953677614378     0.717348466531924
 180000643     0.704063349640292     0.215092441620014     0.397832969378701
 180000644     0.728896343091360     0.873442310454707    -0.154874376276517
 180000645     0.307575603287719     0.111430913002450     0.885965320178739
 180000646     0.913131653064709     0.050031478731058     0.853134507697680
 180000647    -0.079576935550775     0.963899157434496    -0.185047450619839
 180000648     0.625620263114349     0.219622102811671     0.928028534507136
 180000649     0.891352453055768     0.533218552883918     1.093696455341139
 180000650     1.034390040280514     0.654452120953952     0.289272355409511
 180000651     0.647453268450879     0.230351668650832     0.369157824961691
 180000652     0.172794707080722     0.123778931042346     1.184250212637065
 180000653     0.751308161113348     0.358861413818184     0.396445710885939
 180000654     0.868477841612027     0.911424934645021     0.183517259886308
 180000655     0.944685099607980     0.453056294477094     0.168774660310563
 180000656     0.989604268767471     0.207408966844523     0.259512186023992
 180000657     0.260064628756512     0.438319211046143     0.791075482378388
 180000658     0.726035597760678     0.015412059541143     0.154645731359103
 180000659     0.989250050640534     0.530269999508168     1.060768854363582
 180000660     0.677801274108076     0.395135296312851     0.478165816930809
 180000661     0.393750217852865     0.165893093035488     1.001408285744139
 180000662     0.434290553486299     1.150211622428230     0.528678992147068
 180000663     1.002942328998660     0.887440492781886     0.567110038693545
 180000664     0.328169473788926     0.387764245215311     0.693891225450989
 180000665     0.433154479761097     0.230088523879737     1.021392726158206
 180000666     0.642330193013849    -0.070130822861173     0.778928731158823
 180000667     0.491689036899550     0.632453764461565     0.840497414466673
 180000668     0.320603152956478    -0.058338813930884     0.568641148416889
 180000669     0.131539283637409    -0.051576450260648    -0.180127118379374
 180000670     0.166306562919003     0.654181668552432     0.799560466775547
 180000671     1.002126123086004     1.003846235484053     0.054554488357304
 180000672     0.785570163831797     0.310615349536752     1.167314347606650
 180000673     0.619364769695136     0.095858034956266     0.754657217432314
 180000674     0.361526286716619    -0.004976392605227     0.608970301463162
 180000675     0.847235301828979     0.454839588503094     0.311929570850623
 180000676     0.052225727715713    -0.055963604904033     0.251999774816699
 180000677     0.581427344655836     0.771426514923396     1.267948761985090
 180000678     0.994138392390228    -0.016608232273366     1.079966790583137
 180000679     0.642264593675261     0.313024592418034     0.790226989059856
 180000680     0.365000448722314     0.112790885707399    -0.004354165255842
 180000681     0.607450179657959    -0.184550721887643     1.044317048390491
 180000682     0.595002884241042    -0.133702322273237     0.763652024560556
 180000683     0.061960072845037    -0.090672934852456     0.237828931793381
 180000684     0.146376360593984     0.653441899820419     0.805193892358362
 180000685     0.088842727459370    -0.093406123856135     0.249645470540921
 180000686     0.307287000886398     0.037174590969412     0.710330804633582
 180000687     0.219236328514881    -0.139933795630010     0.732360464043603
 180000688     0.331108230301232     0.112546635195082     0.667231322429254
 180000689     0.561859026144843     0.693780457989230     0.293986528988362
 180000690     0.166921938047800     0.012629011557830     1.011729012203199
 180000691     0.638756678117831     0.670809758264408     0.419108440613100
 180000692     0.300592418581605     0.345462498094784     1.087347919364316
 180000693     0.418060580138321     0.219108842033322     1.082850635829118
 180000694     0.549312353747351     0.430786629174818     0.948725441939509
 180000695     0.895012276676891     0.418499597468757     0.348423388699270
 180000696    -0.028657024162442     0.919668784364606     0.339098994414952
 180000697     0.407907623060969     0.141424601143029     0.006793249180671
 180000698     1.081685728226557     0.252111839154819    -0.126075918074945
 180000699     0.415335255711601     1.135320721092421     0.389366922674444
 180000700     0.119709645331957     0.424778720334962     1.049036724116241
 180000701     1.043915184204275    -0.048563329316046     0.405497717433854
 180000702     0.135901039270707     0.667180703345214     0.798927810910951
 180000703     0.821527860695970     0.284811956962494     0.838225676856711
 180000704     0.840245001617602     0.383440992237437     0.922758447812737
 180000705     0.480745388338630     0.888149101341253     0.300374593791981
 180000706     1.067754666674618     1.086872963956871     0.212152718475577
 180000707     1.064047174588544     0.746643903694370     0.863993718047549
 180000708    -0.085115976323443     0.306888617436829     0.344106601905813
 180000709     0.616997443953640     0.703227518852172     0.945279205413532
 180000710     0.230649706360798     0.291481210638451     0.119404131865537
 180000711     0.712437809660296    -0.094932025257685     0.252900115346167
 180000712     0.695831945146413     0.160244598249669     0.501553166310730
 180000713     0.595098102093065     0.679614042724298     0.972730803708701
 180000714     0.410462613414042     0.289132939292655     0.200662735573310
 180000715     0.162101822019788     0.393206830347437     0.910972151376283
 180000716    -0.078305805106711     0.682269469904855     0.940843180824128
 180000717     0.904312188600962     0.386165169027368     0.795455510020780
 180000718     0.793230895901233     0.907075342210158     0.142313971844890
 180000719     1.006199684100724     0.921967033707811     0.190141123456647
 180000720     1.010316819256375     0.619024571713783     0.087227721566272
 180000721     0.975201373174946     0.014061191845430     1.118343845934758
 180000722     0.787000387395192     1.144922534578783     0.820408760236740
 180000723     0.237906837020987     0.107811905031522     0.696049278303878
 180000724     0.377330128276507     0.991377676796326     1.144391008898535
 180000725     0.710650224437212     0.766167944296409     0.166509903120350
 180000726     0.938286335348310     1.164198926844896     0.712573132310855
 180000727     0.650883899872057     0.090916297470000     0.417176262622676
 180000728     0.992701948747768     0.735422598378410     0.178170655117229
 180000729     0.594892143634038     0.674707651467189     0.280020509873065
 180000730     0.233165850892174    -0.112487143460202     0.918953759059531
 180000731     0.398972779110692     0.669248349210092     0.387995800233719
 180000732     0.675002825481374     0.623741858643659    -0.120327086854313
 180000733     0.273084899527991     0.434283504159807     0.936825695594516
 180000734    -0.050911389449979    -0.164544512684723     1.108000055946778
 180000735     0.142079946046704     0.619975312405643     0.780087825909230
 180000736     0.433460545637538     0.098666500221995     0.743756969840275
 180000737     0.227749238264295     0.127387556048914     0.894657868852054
 180000738     0.054172256982434     0.995671856033183     0.438642514186762
 180000739     0.073500128547857    -0.095002567417935     0.235148313631559
 180000740     0.044422543081095     0.026274319793168     0.476751904454313
 180000741     0.950082071850147     1.130476554803787     0.158944742107601
 180000742     0.651477597218550     0.219489656249272     0.902669818312378
 180000743     0.332296702259938     0.386100061540644     0.359205335941787
 180000744     0.400994998621798     0.650155128391226     0.513655177327747
 180000745     0.734798119505639     1.109951912790238     0.602569262608304
 180000746     0.567110417138439     0.701227008292419     0.976006542231355
 180000747     0.638796384415179     0.540413464895973     0.467407999889117
 180000748     0.288594643842011     0.027272049551743     0.489470291059111
 180000749     0.417573252738552     0.065042286170690    -0.096941245725472
 180000750     0.816572679629912     0.024273000775648     0.511087942477585
 180000751     0.938456925478876     0.876622813663128     0.822813899252244
 180000752     0.977256668925575     0.800859695967262    -0.039753166566516
 180000753     0.885610283763174    -0.137219471022211     0.445081735525030
 180000754     0.511648834080881     0.280787750664917     0.779330631184936
 180000755     0.711322848356742     0.213356292604273     0.902118306765646
 180000756     0.903833451086694     0.334582727091856     0.318969631520920
 180000757     0.825465219652156     0.747028879185653     1.118366436720349
 180000758     0.142140879453727     0.279536016487978     0.247106058273289
 180000759     0.624008595462498    -0.097217404673162     0.562411843186105
 180000760     0.620397563996392     0.779962018010201     0.264116705657340
 180000761     0.146854996031158     0.661937101135969     0.757980161848558
 180000762     0.389796126580966    -0.014016973502268     1.239466286169441
 180000763     0.118250413152675     0.662065412115160     0.801035784519006
 180000764     0.936177109363340     0.530106384821936     1.018544525233799
 180000765     0.771146966150512    -0.102077278451337     0.784332294373465
 180000766     0.041555198484458    -0.099177810261773     0.248815096706409
 180000767     0.759317599041270     0.309038898260082     0.419920273261816
 180000768     0.567724993453237     0.223633952759454     0.486591286003742
 180000769     0.120157068636313     0.648495846405483     0.810707897441726
 180000770     0.132690641363855     0.632961315066005     0.769089714222025
 180000771     0.383330774420628     0.122410394149255     0.668502631770412
 180000772     0.895721093569478     0.147568047365926     0.895258297640586
 180000773     0.071477142336683    -0.087466914476293     0.242253557803792
 180000774     0.753864816400373     0.718225898856423    -0.027319635780179
 180000775     0.546698853893306     0.806278920234584     0.722851271624649
 180000776     0.708879369726153     0.281369602560539     1.117287520692884
 180000777     0.938003776564365     0.289496223219792     0.507739039527333
 180000778     1.067138309045113     1.002561421786142     0.714005674152523
 180000779     0.347781885049080     0.030005728701697     0.725258484228242
 180000780     0.305468261724419     1.141253098856789     0.871021592432391
 180000781     0.358357166563439     0.143129380548136    -0.039895483028749
 180000782     1.086484726197064     0.284687846843237     0.945145892326181
 180000783     0.043288952082507    -0.098838459817427     0.218080813640672
 180000784     0.439934184982438     0.363976846298679     1.065651597253199
 180000785     0.151358312888736     0.651849552247782     0.794895061493913
 180000786     1.048297591938196     0.935810607236515    -0.038942368942516
 180000787     0.583394378955636     0.241041441070808     0.718380934459045
 180000788     0.632232493506430     0.330853780935849     0.302985011734588
 180000789     0.192389643504294     0.067860002057357     0.882187082141062
 180000790     0.737317396961055     0.198216351488650     0.318424077833767
 180000791     0.947558961034989     0.141131220060143     0.377665474463673
 180000792     0.562824810649368     0.373435790718857     1.257261678317221
 180000793     0.559622217420545     0.257224330291310     1.174499491853194
 180000794     0.624779544666093     0.470814829594668     0.139863955988973
 180000795     0.737334542951490     0.230703983117611     0.873955753480425
 180000796     0.705168059414251     0.431250455840251     0.322411639940470
 180000797     0.528603618309457     0.107217412294581     0.933285610774061
 180000798     0.660110989756747     0.695330044686418     0.297464102068782
 180000799     0.541390907455772     0.448362182406499     1.205669029840705
 180000800     0.705649579011454     0.300675831898926     0.421667686583984
 180000801     0.413994745706455     0.491533005886374     0.633245871334535
 180000802     0.340759478659899     0.175909592558126    -0.105753672971437
 180000803     0.895482805788802     0.260129797153792     0.362521579235716
 180000804     0.486226733366100     0.101643088284250     1.285478154537387
 180000805     0.744821939990032     0.092448998702954     0.451290404478942
 180000806     0.634285637963512    -0.014443173420585     0.482628448411286
 180000807     0.664234972402020     0.606434115726984     0.344222908783215
 180000808     0.638331253780143     0.575321667604416     0.641861674990786
 180000809     0.698127287005249     0.343167666883653     0.904879892523200
 180000810     1.078432923296873     1.074794426192066     0.318880680439798
 180000811     0.036392667900294     0.355606388824705    -0.256560579582420
 180000812    -0.082214690604855     1.072808543548387     0.958892679746152
 180000813     0.879116018871396     0.684885415014292     0.547859421531101
 180000814     0.763832745417168     0.973427462929835     0.202681820427525
 180000815     0.286155521423996     0.205494352262628    -0.069093562466145
 180000816     0.753245005042271     1.125376253395656     0.309036994499442
 180000817     0.150928273486819     0.650041282912078     0.766856998977507
 180000818     0.727245658171616     0.213394283507702    -0.034758956542665
 180000819     0.356905282734146     0.243462828499221     0.017998563321452
 180000820     0.287832279344358    -0.088233350973134    -0.048689021237041
 180000821     0.451712059181099     0.280581020769951     1.169237112890206
 180000822     0.415350864554591     0.954956242832397     0.895742408319447
 180000823     1.036875934454123     0.088659856459610    -0.157686540811848
 180000824     1.099007294870957     0.779507148311802     1.185360063462503
 180000825     0.325163087451296     0.145653888004795    -0.018540186727279
 180000826     0.593511140265231    -0.056250601091944     0.638051894011838
 180000827     1.072767725684779     0.953521839455488     1.273442484749174
 180000828     1.030634059188699     0.544157835249075     1.037813199159415
 180000829    -0.027022662764647     0.097336049318097    -0.257328321503431
 180000830     0.955751501798291     0.220267884330658     0.457874570559083
 180000831     0.828863724385334     0.782820474933346     1.145279419507183
 180000832     0.978225073908901     0.554111175386828     1.010310895015885
 180000833     0.812621951884631     0.891798847875478     0.578968913178381
 180000834     0.359285414771403     0.060169737869491     0.947357386549380
 180000835     0.453375815697776     0.642865218724820     0.753572553402322
 180000836     0.824712429339426     0.616168397586351    -0.036631725646664
 180000837     0.150397466780874     1.152814626164338     0.878666733994684
 180000838     0.569473722731998     0.451560698705306     0.905095848854301
 180000839     0.573253837578049     0.440535191194207     0.911598583863834
 180000840     0.894491640949206     0.749136071101326     0.013028481734148
 180000841     0.225536149681891     0.847312406283673     0.405056814231485
 180000842     0.385564607866675     0.198746563940144     0.013853484647654
 180000843     0.691892585473885     0.320142413545490    -0.123660744218152
 180000844     0.157468781223491     0.789711499670841     0.760608177616996
 180000845     0.293551534580301    -0.067366514727871     0.301264210942936
 180000846     0.754061845625077     0.576161992535679     0.158747929960086
 180000847     0.748589947556676     0.387481079901682     0.914084102425045
 180000848     0.326320852797000     0.070584336019057    -0.033956402659455
 180000849     0.796897110726519     0.077188264482768     0.761140621798536
 180000850     0.417598872596071     0.167046587134316    -0.260250487707846
 180000851     0.360234824231168     0.468285551572908     0.947045330771776
 180000852     0.273400678806245     0.113426359178465     0.631922689339846
 180000853     0.806793040700746     0.367500731437651     0.471764281147347
 180000854     1.071718431842248     0.873045162946792     0.959794430255804
 180000855     0.849869920342732    -0.124764780133159    -0.101487085459438
 180000856     0.065910162105752    -0.099747220688751     0.267680354027905
 180000857     0.334492566200076     0.695671886752367    -0.132824234066304
 180000858     0.852895979622957     0.314104008666496     0.321119458097976
 180000859    -0.093631877483783    -0.143438508177216     1.029331970054915
 180000860     0.059277287523840    -0.110528066654171     0.238654983148129
 180000861     0.166996065279946     0.657115646182827     0.770614794136898
 180000862    -0.033569204376765     0.592359705539654     1.207584641277632
 180000863     0.754673013026547    -0.177886784300192     0.948288000231605
 180000864    -0.025979614583408     0.638298761567987     0.425610302965995
 180000865     0.397684662178625     0.118143183093695     0.946586823254075
 180000866     0.643048060347693     0.310537496956834     0.480078983352604
 180000867     0.590854104677932     0.707279137606235     0.952752197770247
 180000868     0.945280787287415     0.554220827561023     1.013068817875781
 180000869     0.554372630599572     1.146756664223511     0.800659012705876
 180000870    -0.016852992562410     0.230534371287856     0.692133347269212
 180000871     0.950819389156823    -0.150860829262464     0.817267665341557
 180000872     0.749202392179329     0.379255710516393     0.465235844817307
 180000873     0.077777875712115     0.566891284606390    -0.046889202381766
 180000874     0.626467323798035     0.209790568278342     0.349015265527254
 180000875     0.876068733268374     0.294198658463765     0.345256872390681
 180000876     0.768657936278029     0.403587875025106     1.012478392902153
 180000877     0.708119283457937     0.423651481836629     0.790320855508641
 180000878     0.451178019453035     0.030893766970444     0.624148091488447
 180000879     0.131167298604334     0.675168195432486     0.753337857251987
 180000880     0.966418068717450     0.549511521872610     1.069001257772891
 180000881     0.070960833762670    -0.081274823997089     0.260092538906852
 180000882     0.078817065722306     0.187074756528538     0.479976962085309
 180000883     0.032946709938716     0.563963625668943     0.027800485469292
 180000884     0.064583042518837    -0.111653695171806     0.265825833712383
 180000885     0.745708878522557     0.736499363784036     0.098874234060890
 180000886     0.710549909876821     1.018955323491476     0.157126511749226
 180000887     0.384427990844204     0.215213633828082     0.934720858598645
 180000888     0.059326845207276    -0.104884794307743     0.217604409583943
 180000889     0.700794038415194     0.413955293360250     0.926952237921719
 180000890     0.113891079415856     0.625248519926432     0.784517864871215
 180000891     1.051007338211141     1.142906137190579    -0.051665018299673
 180000892    -0.005607916137299     0.161304558268411    -0.135168881513762
 180000893     0.694254132310300     0.943451346073492     0.298714400175550
 180000894     0.146158245909357     0.713277276801137     1.000911954295717
 180000895     0.658058167891539    -0.080282581072943     1.054506687571085
 180000896     0.511399308103244     0.710342061973492     0.057730475876909
 180000897     0.102365129678405     0.156241758661420     0.814174669964125
 180000898     0.868601914200887     0.034536910322840     0.439262888195286
 180000899     1.019578387642489     0.271418181175350     0.325441770473892
 180000900     0.518322594635084     0.222161891466632     1.054390134282595
 180000901     0.016069588459601     0.935389312480520     1.117090977997809
 180000902     0.103566647029829     0.645463218081444     0.764927750135529
 180000903     0.154648882126376     0.740236219047033     0.866702504893198
 180000904     0.360504284948497    -0.092719607568817     0.669912749875536
 180000905     0.467988510620435    -0.020537273566755     1.129230306730662
 180000906     0.903461248892458     0.359121320526484     0.158588208988195
 180000907     0.578423182839402    -0.192074255105033     0.581736880163073
 180000908     0.507487784816991    -0.093400393964998     0.772136269721310
 180000909     0.158675591886458     0.939989467302323     0.618328562622579
 180000910     0.744335828068616     1.135579819912976     1.077637626465682
 180000911     0.650145355035375    -0.116570020458083    -0.106150373223044
 180000912     0.804085081016383     0.098772294376924    -0.203118671178401
 180000913     1.027291702386521     0.251651733641879     0.795625502169095
 180000914     0.720979351711371     0.712581216522671     0.875256404885453
 180000915     0.470027670644195     0.252121761263219     0.706113215524681
 180000916     0.163322928807481    -0.052652035114255     0.840761417975292
 180000917     0.138622852516366     0.650302551335773     0.786073314301643
 180000918     0.707134796608868     0.283056277041272     1.190468790250833
 180000919     0.605285168558381    -0.154561411244334     0.492555409864181
 180000920    -0.036367979100363     0.518865344685125     0.945738719823248
 180000921     0.304286266823131     0.082545004585034     0.042829597427438
 180000922     0.892513609178732    -0.142556743412123     1.014822303666975
 180000923     0.551490137152237     0.203535988637499     0.149069526655906
 180000924     0.572725470340407     0.214696922209007     0.270296777749075
 180000925     0.697763250265056     0.805689949112774     1.161138028626329
 180000926     0.554066944444729     0.399722496948414     0.829798989585699
 180000927     0.567481767266157     0.682984002618503     0.946942471356729
 180000928     0.576795227943009    -0.111152963559363     1.010918133222152
 180000929     0.724628602225843     0.348066292919305     1.221944997828952
 180000930     0.899160471915344     0.465612938291639     1.022394924638691
 180000931     0.136160959313679     0.642107739161440     0.816765862961818
 180000932     0.299854768438832     0.012505322815253     0.626294489908416
 180000933     0.667426119503399     0.360488342050836     0.108540271324554
 180000934     0.600221929483040    -0.140766058559832     0.851111856369009
 180000935     0.858859354883475     0.859971064147662     1.003018995330119
 180000936     0.645521005849364     0.333906933820501     0.575175340176685
 180000937     1.093271716550465     1.002805828930769     0.474488228543184
 180000938     0.979516677742636     0.999722568223355    -0.061428787719701
 180000939     0.914802148189004     0.731479867054746     0.014842768257432
 180000940     0.706468307580717     0.003741258269049     0.689362944780744
 180000941     0.110813842965147    -0.074848060549803     0.746860906373587
 180000942     0.615836007392044     0.398448103142308     0.211728445801424
 180000943     0.149147759381916     0.631445626430065     0.783779908009673
 180000944     0.478922320653765     0.274781460541725     1.087657870111658
 180000945     0.574924510457455     0.742429576565942     0.871665784403857
 180000946     0.766251673664690     0.213793646583559     1.224795468691226
 180000947     0.310304811499965     0.250868815098681    -0.008143860887153
 180000948     0.349163637267626     0.806884119051843     0.481671874958612
 180000949     0.606687003391963     0.378201439322408     0.147117988720131
 180000950     0.218662027181913     0.069590731261045     0.367521484183095
 180000951     0.460348888312834     0.098070106448403     0.994916390844047
 180000952     0.650833727376365     1.165132815719254     0.116389088953248
 180000953     0.991836816373788    -0.113768042022860    -0.192935364287094
 180000954     0.561507711345383     0.755507961913765     0.417650778890050
 180000955     0.113273695679359     1.155654462039443     0.562936951321679
 180000956     0.139619722994713     0.667877361626188     0.787159229004186
 180000957     0.802299227569161     1.116234065835952    -0.093655635835225
 180000958     0.434548546430120     0.320815656293559     0.594243881003113
 180000959    -0.077796809419355     0.113235340455543    -0.276225553887523
 180000960     0.303813548290938    -0.039107865125557     0.625066499645856
 180000961     0.785381674632171     0.655821271312338     0.912575687406656
 180000962     0.836438071945828     0.852848141042503     0.350456799413074
 180000963     0.628556166726906     0.226478934985846     0.498950401298589
 180000964     0.452346716985319     0.490300584965224     1.125687362948357
 180000965     0.317622895444106     0.210542380414282    -0.080030186882600
 180000966     0.083526657359243     0.673547154438394    -0.216932841210379
 180000967     0.594631854042750     0.695474552969794     0.949995289734562
 180000968     0.358156360071244     0.114060572537223     0.800716403455046
 180000969     0.919669921896915    -0.002592002055219     0.365678759720581
 180000970     0.978898484133147     0.261358901838558     0.140556286650322
 180000971     1.095102415680679     0.781592710187899     0.063601146898302
 180000972     0.063760159576709    -0.064501696440462     0.244683078817720
 180000973     0.822235204509082     1.143391520346922     0.847655901708199
 180000974     0.382097978103529     0.170016320770698     0.020103639209414
 180000975     0.139130314774966     0.653288431754282     0.801981465854651
 180000976     1.019207694892791     0.739312307504685     0.857073984756043
 180000977     0.523417452771256     0.125850748498967     0.683961860180357
 180000978     0.429989827028837     0.184437212192988     1.046260223158897
 180000979     0.279170803299549     0.829369994779709     1.113627017790838
 180000980     0.086644553186319    -0.160701889327941     0.624736198679816
 180000981     0.303312479958852     0.157612737171322     0.663125560829900
 180000982     0.611309602988579     0.685019530605791     0.942561537979012
 180000983     0.606410319493608     0.437188729990308     0.776106940172148
 180000984     0.946360059932783     0.857514491714015    -0.020257643445640
 180000985     0.585390703525221     0.830526994527598     0.521045015709763
 180000986     0.726782500000938     0.347051014016032     0.926074232152607
 180000987     0.857427336428665     0.420415271876750     0.457624525242305
 180000988     1.038449239286787     1.021445240049836     0.107980601654356
 180000989     0.761341703815624     0.201037420033645     0.499203503696255
 180000990     1.034200202274386     1.023791794171176     0.295583067393980
 180000991     0.345006896308594     0.073077880273263     0.305356073795588
 180000992     0.478530508618225     0.434135960548212     0.477884214687715
 180000993     0.589375130670270     0.310158261308802     0.266402290325979
 180000994     0.896572925918646     0.472221041616023     1.043125665258878
 180000995     0.968033727344288     0.549683567050269     1.017799000718662
 180000996     0.135617450439337    -0.111549320298415     1.276639088485245
 180000997     0.035992118644842     0.837110942108892     0.837615690163494
 180000998     0.731095704557264     0.301085556367377     1.028242024589954
 180000999     0.297942550475357    -0.102607018311725     0.566753468226517
 180001000     0.605941702998731     0.639254781696352     0.961193323971338
