 300000001     0.623274866421564     0.709350850670222     0.472055194967073
 300000002     0.502920140718719     0.936833171936951    -0.162974494217423
 300000003     0.115216454177440     0.656150112944709     0.800461199046815
 300000004     0.931303297225988     0.547629516891470     1.104926339042831
 300000005     0.549600775696401     0.313377282300371     0.529549618875020
 300000006     0.753468830186914     0.297002391325142     0.323831800319339
 300000007     0.560529641318457     0.011304951670410     0.645266701499674
 300000008     0.085106049236628     0.721964328219591     1.289495714110570
 300000009     0.373161314158537     0.089478568893115     0.411435402950105
 300000010     0.162775080608928     0.634495217976114     0.753808997448062
 300000011     0.074081041966263     0.300838123633408     0.056098821770071
 300000012     0.210330032084596     1.182997635719551     0.363546578317601
 300000013     0.880756656219347     0.520983621092968     1.144024212328788
 300000014     0.646790167562342    -0.088158283792128     0.350534836076308
 300000015     0.947634574676397     0.507410289140021     1.011127773698486
 300000016     0.125942956141481     0.648363051647172     0.803066701553448
 300000017     0.801861579033669     0.891860439479662    -0.154223319293507
 300000018     0.317642378046557     0.102198008692487     0.074626498750311
 300000019     0.978444487557146     0.478322158738699     1.074017613976370
 300000020     0.864244621274411     0.501649500692668     0.213595811130142
 300000021     0.667381087535302     0.347146243166583     0.479573094396910
 300000022     0.837157706353027    -0.040489789193784     0.232218762721731
 300000023     0.029641029522910     0.468501287519619    -0.138358425419073
 300000024     0.267347565120529     0.132302894226097    -0.055453502589471
 300000025     0.981270148983669     0.326060617515337     0.334244972627628
 300000026     0.560681286804845     1.167549500883163     0.789697321272963
 300000027     0.122667343687360     0.523807933781457     0.237466333500328
 300000028     0.463626013415783     0.303655328178345     0.848868606826645
 300000029     0.125329254944840     0.517642210169472     1.067006036452361
 300000030     0.222128079597789    -0.013828208894348     0.786665378508080
 300000031     0.878987265921119     0.999656688035983     0.272744659220884
 300000032     0.998088026111943     0.507896150828176     0.834184954570599
 300000033     0.436901510486521    -0.156741013783707     0.552007989626266
 300000034     0.460891869170220     0.742571644747727     0.580314584039011
 300000035     0.568525856178190    -0.185590227540465     0.499482461036764
 300000036     0.630017515815046     0.226394039556817     0.442366885064852
 300000037    -0.084139997783620    -0.101287333957181    -0.297594259263128
 300000038     0.040165920809084    -0.066874802896826     1.227060143095958
 300000039     1.031936200876012     0.755212637667480     0.707844745537962
 300000040     0.780031833549989     0.245774042904330     0.271500594233539
 300000041     0.664162868389093     0.226211348762415     0.407650442383570
 300000042     0.506570503369584     0.232003650747402     0.811452272453296
 300000043     0.617413963925573     0.686528225804378     0.911444282759958
 300000044     0.057079971919810     0.684584421022710     0.170652030527806
 300000045     1.040918032437836    -0.183435878862914     1.093321419481771
 300000046     0.098865000446007     0.348957820077883     0.848639932135825
 300000047     0.463319192084504     0.175911272776013     1.087837594677618
 300000048     0.737089097836157     1.044948854856639     1.237750966350316
 300000049     1.099882948083337     0.419967443878699     0.325715152641611
 300000050     0.395909594421500     0.918277343794244     1.074685457780830
 300000051     1.076051940880834     0.779406069602097     1.263857302064352
 300000052     0.392060011050779     0.568659788434202     0.431719997393998
 300000053     1.075901135013656     0.788019098061376     0.065133113471143
 300000054     0.399115362269181     0.069429576984555     1.161606872731574
 300000055     0.932053876429475     0.529487424662444     1.023924986835410
 300000056     0.496816345484534     0.220256224379430     0.550594843211892
 300000057     0.132544546685692     0.666417534821496     0.761334720919928
 300000058     0.510691615668197     0.653011697111764     0.430562789388680
 300000059     0.267676307573064     1.024180555874300     0.087836066864464
 300000060     0.265663794437024     0.393144314549913     0.882851125085067
 300000061     0.436841930895146     0.187883811257833     0.249025260506965
 300000062     0.980296186654851     0.048808298000743     0.920926144280126
 300000063     0.598068949517117     0.272740545510941     0.133367904824584
 300000064     0.267330867676318     0.452606737986346     0.839481628433098
 300000065     0.436590166813198     0.958530669924801     0.485745763962628
 300000066     0.515273822528741     0.401822791707166     1.020104483293345
 300000067     0.411144222659374     0.129870017445572     0.935641580727108
 300000068     0.262811256663244     0.020135420460912     0.976818801575636
 300000069     1.091148083631632     0.480873996187126     0.375492500396010
 300000070     0.129948017700569    -0.058703035254648    -0.125220890036327
 300000071     0.721992104650287     0.821705331436795     0.401573114918618
 300000072     0.559095348730988    -0.050086980854208     0.818692517217137
 300000073     0.181653226366540    -0.096011636379539     0.571560352103307
 300000074     0.794639608630213     1.078479774358860     0.131757729565439
 300000075     0.471688924199325     0.515476592187326     0.093533169849223
 300000076     0.597174826700936     0.311219818473767     1.231113972278984
 300000077     1.044528757989133     1.109400548471742     0.281481443987246
 300000078     0.957782671816556     0.569593158345420     0.940066282645192
 300000079     0.618406356475653     0.712500185482687    -0.271404865909166
 300000080     0.573548190279269     0.011496681429310     0.795601090849246
 300000081     0.983953753257648     0.497018573583844     1.017680011246864
 300000082     0.591919883639130     0.008490679895590     0.784272540590729
 300000083     0.788987498116697     0.172510264078391     0.936126555399632
 300000084     0.280406664576733    -0.159739711067056     0.856329024248256
 300000085     0.614974573572174     1.140622358836437     1.299039400930562
 300000086     0.215368251341079     0.081297308932269     0.691951901321988
 300000087     0.697175861795901     0.995010671975769     1.065029070366323
 300000088     0.786416421365046     0.364106415606093     0.468119020426118
 300000089     0.443372008463954     0.546527943696440     0.232984453505760
 300000090     1.097373920377474     1.109194161418818     1.277460470755046
 300000091     0.502927849705887    -0.069195371254703     0.967759670106797
 300000092     0.698614649145776     0.027945003072865     0.345917327297194
 300000093     0.224233162132225     0.254849752122131     0.577800920471275
 300000094     0.712641149363273     1.023495916904163     1.191879570066859
 300000095     0.558580066450987     0.546478418440621    -0.229588333465258
 300000096     0.081662275948126    -0.095414815488163     0.267258472956992
 300000097     0.789528341892902     0.232104069399194     0.828695699920247
 300000098     0.524621487270671     0.452825270659698    -0.177443708046631
 300000099     0.914068570296101     1.017415107201154     0.252735004898700
 300000100     0.896165200385873     0.472532331682763     1.060822256889508
 300000101     0.544907366381388     0.673978999996235     0.295060614622388
 300000102     0.744066638851739     0.415874378915639     0.972310323813160
 300000103     1.058106182192915     0.980822741359185     0.896010884044780
 300000104     0.351270677690048     0.840397280998663     1.090172545085868
 300000105    -0.029020683302796     0.584892188869569     0.137734453117711
 300000106     1.068800675114942     0.609465519946747     1.173867199600495
 300000107     0.181615749721662     0.631482946572058     0.779266409935050
 300000108     1.031297685891597     0.764945509087012     0.410273136483189
 300000109     0.633024533047464     0.082936153337828     0.658608077211895
 300000110     0.808733822913459     0.431238452787878     1.001210295066266
 300000111     0.718274025253403     0.140173446550920     0.484019946257198
 300000112     0.821860935120795     0.653678647028283     0.408873633865461
 300000113     0.675101617307287     1.184781337110073     0.889265634017220
 300000114     0.998962931076044     0.912506433357304     0.981911915415450
 300000115     0.644779164904202     0.067837356367268     0.444941366094412
 300000116     0.568650730236617     0.177124978739830     0.774326651105412
 300000117     0.888567076621196     0.229061163402795     0.279961454947717
 300000118     0.178837928823843     0.533133737093255     0.778497918667838
 300000119     0.873390690352159     1.197438838722792     0.276224366616110
 300000120     0.679902160687450     0.681530939589086     0.631129428830064
 300000121     0.761662354385067    -0.190641578221184     0.820039988435810
 300000122     0.171440014418837     0.041982411665958     0.599172522608284
 300000123     0.904119961246159     0.948805768211284     0.644098493354596
 300000124     0.483519242171568     1.092027666086555    -0.186331078213563
 300000125     0.136682398894412     0.003871506076665     0.412071512218793
 300000126     0.890054795641140     0.675997013658915     0.643600310162561
 300000127     0.832339184779725     0.744545924135157     1.267300974971666
 300000128     0.500728161923608     0.262687648633175     1.002556254046958
 300000129     0.440489826567225    -0.022686296944247     0.598255335886101
 300000130     0.630388009192448    -0.182049452810168     0.500287161647167
 300000131     0.196535134268103     0.654139157930991     0.420915761411817
 300000132     1.079440766013810     0.169000061530487     0.570959057110587
 300000133     0.546940596189394    -0.017986393050642     1.235207825124169
 300000134     0.935881886581079     0.769489170604088     0.530840905420465
 300000135     0.850418867018607     0.821016762649220    -0.255556862011887
 300000136     0.669958671015438     0.052176759043774     1.284482619785643
 300000137     0.478419722973591    -0.068132364691885     0.568687615504305
 300000138     0.067238649428642    -0.100644880369289     0.240828660252263
 300000139     0.900163979322570     0.674564647061329     0.677320806778664
 300000140     0.497053959195932    -0.019708504600863     0.551880092096864
 300000141     0.795135002346519    -0.148954954867407     0.243212235877551
 300000142     1.038043125764781    -0.057056771984818     0.765119949702783
 300000143     0.299519341118214    -0.037336315100604     1.019184319868659
 300000144     0.078964420078178    -0.104144645098310     0.228694264332338
 300000145     0.432527032999406     0.152519596074401     1.066313859022033
 300000146     0.056786533181933    -0.076891733639695     0.237715850842531
 300000147     0.236998204001744     0.144871268013662    -0.056342700419323
 300000148     0.558960422614437     0.716013688757764     0.987650751549790
 300000149     0.113004582792166     0.312029538854931     0.763223870620203
 300000150     0.928364861807744     0.535294773430804     1.018611659293098
 300000151     0.306937989872063     0.757679903041547    -0.259648000655046
 300000152     0.548961684860557     0.558294419497564     1.174451172892799
 300000153     0.689500766238866    -0.199325072034708     0.577314782950196
 300000154     0.535052044437092    -0.055601846560461    -0.217865805275371
 300000155     0.150646283291881     0.659451385862526     0.782361870356135
 300000156     0.625869554381742     1.142223869856127    -0.044682482155145
 300000157     0.576318150016091     0.368916954521110     0.823944721065393
 300000158     0.793347724108641     1.097077538287976     0.121299109056348
 300000159     0.907874599861110     0.307569179568679     0.463315841429273
 300000160     0.483607099038264     0.240706757380208     1.003234526212694
 300000161     0.998177167939032     1.109697685633672     0.785187161905605
 300000162     0.389947747271635     0.173406240901995     0.962414492374924
 300000163     0.289848246683272     0.095333140371484     0.023265780743123
 300000164     0.857703792466000     0.880422273298404     0.036162630290370
 300000165     0.534195984237562     1.194302934567682     0.718599049264702
 300000166     0.579097214077693     0.239310293641534     0.430981134392065
 300000167     0.743244838451879     0.979303639584001     0.044154310160650
 300000168     0.393686078962010     0.059731403112039     1.073415152994076
 300000169     0.930477672420319     0.903356016191262     0.326176729187792
 300000170     0.331155025696781     0.251123716423055     0.835272061728308
 300000171     0.660539067770686    -0.099636447466147     0.748368453778760
 300000172     0.742898284452708     0.541491396398027     0.336089157730484
 300000173     0.458684473832402    -0.093789042472494     0.668528177630671
 300000174     0.168827379057344     1.146148409233404     0.533469504005028
 300000175     0.954067349638675    -0.047584519202866     0.495589214182533
 300000176     0.699220507297364     0.306361693300747     0.455340452204152
 300000177     0.321227094044532     0.128526203815758    -0.023951962354452
 300000178     0.187909936117124     0.093304928855221     0.744964726653575
 300000179     0.660805448553048     0.221951432600769    -0.011910620725861
 300000180     0.010995078885371    -0.025625865466769     0.148032019753234
 300000181     0.305877428995724    -0.015082818256660     0.033682209532902
 300000182     1.069079342779790     0.783668431057313     0.192119391433957
 300000183     0.249190591887345     1.011177768259705     0.052566506810433
 300000184     0.247535918021120     0.006147750760377     1.045550182662262
 300000185     0.426101319892486    -0.095928468525597     0.852778714561415
 300000186    -0.097502607360137     0.503813150279925     1.153682184076131
 300000187     0.771584365391672     0.124271766699893     0.408467820454912
 300000188     0.634605597546679     0.131443234210836     0.262461458437117
 300000189     0.601938599705136     0.535675926664235     0.853808218291362
 300000190     0.180365554870258     0.009698781642215     0.490906026244236
 300000191     1.083488007021123     1.106417126150316     1.157905605910628
 300000192    -0.076639932712948     0.842284734307566     0.603667983728754
 300000193     0.534135120180693     0.742627433936413     0.961903539327846
 300000194     0.981656337572144     0.604850362056754     0.977335517261933
 300000195     0.163571775498095     0.222864339453741    -0.090021132885800
 300000196     1.000528399615411     1.117846390997000     0.410819638035675
 300000197     0.787065304773976     0.245387650384621     0.775923783202863
 300000198     0.570584528075995     0.692599501424543     0.966512155498829
 300000199     0.076474989689628    -0.105856811073733     0.241158049993796
 300000200     0.616448955891978     0.967503529116371     0.565900211615771
 300000201     0.596431204226890     0.602809400612993     1.066921847033983
 300000202     0.421786369148241     0.116598509555248     0.430591599375106
 300000203     0.776726866976528     0.306860489789109     1.135901443279037
 300000204     0.705290856325013     0.985628023336660    -0.105345412805884
 300000205     0.921307846230573     1.107188722663917     0.053468458405133
 300000206     0.138611657690694     0.649096920484202     0.764702138708112
 300000207     0.374372289234388     1.061799606622271     0.284917721752018
 300000208     0.400508549569710     0.213406594300208     1.089014290392124
 300000209     0.585559074112310     0.170250027036869    -0.137221971944498
 300000210     0.225466060446452     0.982780655497264     0.573514162255062
 300000211     0.890279282532286     1.020626400257815    -0.033321951042163
 300000212     0.709227072034617     0.338543042920061     0.342573775917942
 300000213     1.036447204648869     0.465834942421017     1.178715493998505
 300000214     0.322196720725388     1.168672054362755     0.180879252223596
 300000215     0.444926957726156     0.025431359425394     0.972547612231254
 300000216    -0.095972580192862     0.893491898627294     0.236130137198527
 300000217    -0.074276939580832     0.131716547764224     1.263871356051777
 300000218     0.733458055044011     0.347451146726867     0.986249877532857
 300000219     0.749972803253413     0.772925621856844     0.347721845869500
 300000220     0.570945712596727     0.420374831110516     1.053829652150110
 300000221     0.165721678481141     0.902164279957186     0.172871189484823
 300000222     0.626731171381272     1.014893225138068     0.604235378598343
 300000223     0.883456168726833     0.489017126030788     1.007855350931635
 300000224     0.295204484498139     0.061320565246618    -0.048837680700594
 300000225     0.854159198138169     0.992559724180608     0.438468058540266
 300000226     0.300250421490032     0.096385699959219     0.716817693205365
 300000227     0.141711465620348     0.681181864522221     0.781239118456530
 300000228     0.498140777821728     0.055781461342287    -0.040572369169422
 300000229     1.027925923147152     1.085881377023945     0.601804174530618
 300000230     0.915772938468243     0.551817453757425     1.003067729342460
 300000231     0.906700073595104     0.541252981814221     1.094385088085794
 300000232     0.521631608460338     0.303038737234670     1.003233511120676
 300000233     0.339220930549403     0.033215355053322     1.038806113040024
 300000234     0.447235468188111     0.315103766337332     0.926513509710593
 300000235     0.145614294435402     0.685142238937265     0.818147208277772
 300000236     0.388366654515048     0.284575030415712     0.699921274657735
 300000237     0.073530096720893     0.285082803512009     1.202878060022276
 300000238     0.273981763554055     0.129956450544136     0.017526749588088
 300000239     0.375221180151982     0.177367481838387     0.004346138864932
 300000240     0.056044529797439     0.521273965354774     0.025556621671797
 300000241     0.589876655320174     0.689442806719945     0.966790744939081
 300000242     0.619563393811338    -0.167492820327113     0.508978567271955
 300000243     0.134153242100886     0.652511137037226     0.778115210464668
 300000244     0.166549717954768     0.658459324015803     0.816069619118225
 300000245     0.111063376636440     0.414414500382119    -0.170160868906170
 300000246     0.498304962582590     0.566512766719352     1.028618753839157
 300000247     0.727329270902919     0.060608995661524     1.008937017644726
 300000248     0.408781265557119     0.700233846783181    -0.159489127270255
 300000249     0.550482280780490    -0.188983146651826     0.044907466487462
 300000250     0.097019248255010     1.085534774392043     0.504361530173688
 300000251     0.856085007399270    -0.091631049598143     0.157074225649894
 300000252     0.612234842467319     0.707448277280443     0.943132826209507
 300000253     0.968055438547884     1.173995439013088    -0.213956927373486
 300000254     0.146606905747438     0.648110164139690     0.771517670508476
 300000255     0.640907733209132     0.544488899973591     0.755874719356305
 300000256     0.859577400605666     0.788930541152283     0.021319835854965
 300000257     0.172078012796298     0.679478157944557     0.789409815897816
 300000258     0.246572515786955    -0.002091984255597     0.930660091805036
 300000259     0.073880165487741    -0.097089027950483     0.218431081052035
 300000260     0.321765460562710     0.009796876677250     0.511323405314265
 300000261     0.070369509236998    -0.087348209101579     0.235333540170723
 300000262    -0.007099351049861     0.900371789643719     1.017575350735370
 300000263     1.026047963546373     0.559634420390228     1.029676708461256
 300000264     0.628152806360793     1.070169618684765     0.075680565490289
 300000265     0.750441583263757     0.263950024979909     0.462838362026363
 300000266     0.869276497799874     1.092510237321588     0.531689650436638
 300000267     0.525971354826869     0.243618711205784     0.990793760031534
 300000268     0.940429700977153     0.575220043338430     1.056768240975792
 300000269     0.626154393961195     0.303303680872470     1.103739808607610
 300000270     0.479752197730740     0.732957306573961     0.297059452146022
 300000271     0.875211117196906     0.551070521906314     1.037250294045953
 300000272     0.797968478476321     0.973227444056234     0.639313620864874
 300000273     0.643032165189904     0.989112306241126     0.441538850917295
 300000274     0.686547029599088     0.664389284411092     0.219441281327364
 300000275     0.494612160553995     0.695469260420590     0.505852456163523
 300000276     0.646428185424194     0.795924829782524     0.823029432248656
 300000277     1.015098336111029     0.531776378118416     0.604208386214230
 300000278     0.493190595236197     0.777798029182786     0.492149193119151
 300000279     0.773732369429445     0.524536199872084     1.118665349590746
 300000280     0.138980980071921     0.877712482246912     0.360783794617739
 300000281     1.035930362490741     0.799193515581896     1.184004550594485
 300000282     0.156637965313136     0.642602257706564     0.778622699151499
 300000283     0.025672870544155     0.907694530498261     1.279370462331247
 300000284     1.078033631258189     0.742167020510669     0.092701428514446
 300000285     0.920006891312667     0.381580758614517     0.362401448405961
 300000286     0.776183260245637     0.366160503067018     0.319755172246769
 300000287     0.133059058257634     0.661393922527809     0.778837524386346
 300000288     0.614109505034725     0.751165691778341     1.250591517273826
 300000289     0.635830003452538    -0.062016510710325     0.076325416901229
 300000290     0.603919048184577     1.136567521137720     0.286884210117893
 300000291     0.429792853299614     0.899156964998580     0.782042617182380
 300000292     0.330401186100560     0.200889245347913     0.009693928817631
 300000293     0.867978123939056     1.080296916911486     0.258527613187528
 300000294     0.998534993274236     0.496993078457535     1.009689735368593
 300000295     0.142981760404948     0.652718006456530     0.800391702985512
 300000296     0.943942277305545     0.615158156118338     1.018422785030463
 300000297    -0.085281924960652     0.615201868915496    -0.246891641127911
 300000298     1.045190150485058     0.227777494984856     0.349322302532178
 300000299     0.733060222775098    -0.124189843452439     1.291711180631932
 300000300     0.200822283057155     0.427599118556112     0.725156050491618
 300000301     0.978948172376062     0.886712877448747     0.708024397320652
 300000302     0.702367504558386     0.408043315083376     0.955318330094377
 300000303     0.923104009553738     0.549350631306381     1.006845107813739
 300000304     0.837104464797902     0.253250812790403     0.267800601994247
 300000305     0.576168550225104     0.681353020873017     0.929980919421084
 300000306     0.586123239131640     0.410820125542190     0.745543395266054
 300000307     0.982392624927966     1.008611307227165     0.779771312727505
 300000308     0.706538366885050     0.354751366563700     0.530428450854773
 300000309     0.877053206962252     1.141314068213067     1.261360066163553
 300000310     0.152415902539928     0.988916384788023     0.466681451584287
 300000311     0.850737057410207     1.170573920686273     0.520097985122956
 300000312     0.390936632039458     0.097151221185221     1.102712877976766
 300000313     0.335285398866720     0.808400483045625    -0.094791082228085
 300000314     0.958713261554139     0.516708845663027     1.066988961552786
 300000315     0.118664748224473     0.657385481689642     0.820178579009047
 300000316     0.614380986951599     1.160546617632705    -0.112005723689241
 300000317     0.287505601183027     0.528098437699075     0.354967860387685
 300000318     0.032395052162697     0.188746676426107     0.323439336659615
 300000319     0.576447016375455     0.095407243660425     0.587024081985716
 300000320     0.842011478725075     1.009916728225833    -0.089922357702732
 300000321     0.444236487792006    -0.041470563324961     1.129742027651546
 300000322     0.331971733854805     0.572736364954332     0.578526131893404
 300000323     0.258149562086840     0.361369804294826    -0.071350021518056
 300000324     0.029144154570065    -0.089315290678940     0.956216244437263
 300000325     0.400185656632549    -0.092885569952427     0.555311983584694
 300000326     0.390347605507902     0.005424166219256     0.847986775667063
 300000327     1.063376617242631     0.100225892192017     0.146399669439435
 300000328     0.184695284411784     0.646149535037523     0.809673847739435
 300000329     0.632138073847699     0.735612068139927     0.656345312356923
 300000330     0.265287323661560     0.594183489485713     0.367547021107304
 300000331     0.919975632189925     0.649404400394804     0.769056354767182
 300000332     0.432185372358396     0.870209505159448     1.277394646772377
 300000333     0.423500912586182     1.047480820713999    -0.046135668528797
 300000334     0.441147538432585     0.000196288377285    -0.075222302111387
 300000335     0.389463663191816     0.246879928869366     1.148111325175891
 300000336     0.412888294361895     0.229464134347900    -0.047930802281144
 300000337     0.375911357337768     0.163078640367229     0.515298956224589
 300000338     0.614455671105960     0.689497785258381     0.026530119979443
 300000339     0.618553117869016     0.649597087870432     0.989590297917555
 300000340     0.320299248633792     0.254378820297905     0.852523982064123
 300000341     0.667208118911569     0.887095417106672     0.730262373782275
 300000342     0.321890833514514     1.133447950194892     0.617341214010272
 300000343     0.797510820245434     1.045827569512658     0.473472591260632
 300000344     0.989332315960729     0.460955578395544     1.070442541664708
 300000345     0.787692835831682     0.528769332831082     0.316302927215788
 300000346     0.851474941638894     1.073276686605445     0.300814244109620
 300000347     0.510375882434044     0.562770745367180     0.665273002514802
 300000348     0.712954460612425     0.912474721979885     0.063472933937518
 300000349     0.232295314036489     0.122500315227779     1.207818497458862
 300000350     0.996123027656410     0.296307715720226     1.116044549980586
 300000351     0.478777933142301     0.713318126461178     0.786768840079319
 300000352     0.938829146054308    -0.180720005553498     0.909353483453833
 300000353     1.034617010562774     0.437875022289845     1.012565694616762
 300000354     0.941217545008994     0.097616773105081     0.943300592844637
 300000355     0.757559403526001     0.670207567857003     0.657746498367772
 300000356     0.164813184982458     0.682124710008122     0.751413764083954
 300000357     0.308261946633672     0.126285039036799     0.860046839995824
 300000358     0.693127748016756    -0.152180446950339     0.662547596922123
 300000359     0.203827365068332    -0.058861783259896     0.967609909831731
 300000360     0.054352573802529    -0.094064302734747     0.250674558350878
 300000361     1.037166379544634     0.597196056154852     1.081814461578895
 300000362     0.070251076375468    -0.102015498514635     0.253137391452585
 300000363     0.095835937807801    -0.095445342410157     0.239470415462764
 300000364     0.135933525026027     0.676012392642285     0.781984103847108
 300000365     0.197774390706855     0.880495783609309     1.101077407894098
 300000366     0.126858168973305     0.654220929416972     0.799270601166529
 300000367     0.158839438513466     0.578388493243219     0.559863469632369
 300000368     0.802182821201726     0.059234536899493     0.891256994506789
 300000369     0.678166668989768     0.882064642329227     0.511227087233229
 300000370     0.600788429214448     0.701029654971642     0.906639178453950
 300000371     0.994046197802667     0.616184616260194     0.997941625742797
 300000372     0.074770420929979    -0.101994761157991     0.255897212888418
 300000373     0.580136075073406     0.710157324624295     0.966893078986074
 300000374     0.075116032810191     0.997658646370933     0.636193400434198
 300000375     1.044582850329349     0.740481883314061     0.915938863598698
 300000376     0.257169881834871     0.424435321641199     0.307345128880462
 300000377     0.275961459103308     0.372003557947767     1.076139383829585
 300000378     0.664054350162504     0.566096317948940     0.725428391047887
 300000379     0.854427845637969     0.172841437126872     0.404230622705875
 300000380    -0.095964175191186     0.550498414996163    -0.228950420802033
 300000381     0.747761792416447    -0.192555400261964     0.329825621525639
 300000382     0.346917062143542     0.206200331915457    -0.079146967577324
 300000383     0.772330392984601     0.470448989700527     0.972466557215788
 300000384     0.332607831045911     0.100517984228053     0.679132225754180
 300000385     0.346653285207943     0.580723829304204     0.367618114328922
 300000386     0.220807465531455     0.075329562015947     0.796552679224797
 300000387     0.581365565954123     0.798111981414480     1.131272718893719
 300000388     0.509822912553012     0.543707794986257    -0.118468494309242
 300000389     0.435748797603625     0.147751154742415     0.666318647503813
 300000390     0.777381140204381     0.375856102402569     0.290815675005422
 300000391    -0.032405806169235     0.173873971114883     0.547092331442234
 300000392     0.538539993947989     1.027302260515267     0.501814875170776
 300000393     0.251843856428041     0.714393605586182     0.508506233577231
 300000394     0.592532314759408     0.315364552925871     0.429915996328427
 300000395     0.981907953038546     0.382442913846665     0.305715139911485
 300000396     0.330670214324517     1.132450033600031     0.949971919615932
 300000397     0.747703776341146     0.974205001786567     0.470185510541424
 300000398     0.569694024276209     0.704400647500280     0.956664184499082
 300000399     0.184345214527561     0.689911999041508     0.896455734217319
 300000400     0.148716377911567     0.166488387077278     1.249635103806793
 300000401     0.839836265509222    -0.171446635709117     0.430891437596548
 300000402     0.048130456147051     0.200206192215998     1.286274081084848
 300000403     0.606475811516463     0.441265132220994     0.456777851730468
 300000404     0.417442544096754     1.030498012871459     0.499544971838978
 300000405     0.835292461001288     0.167675928089888     0.774940643502244
 300000406     1.012017070972520     0.773163266417992     1.247265085414656
 300000407     0.124636101116070    -0.019854841829827     0.959345051115007
 300000408     0.319317625189492     0.049526123850540     0.542069271624836
 300000409     0.464530346085596     0.723599538309430     0.541680955179998
 300000410     0.455431142965759    -0.005420461705176     0.281209234369710
 300000411    -0.028900289330685     0.720995070440826     0.097500235055220
 300000412     0.230838327535603     1.000575852524966     0.999705788935034
 300000413     0.768217617047044     0.184620521964258     1.057328425665419
 300000414     0.424578646299852     0.139017153556928     0.520663007055014
 300000415     0.981380830099008     0.736103291311059     0.917882068609747
 300000416     0.713089805175231     0.239758290514721     1.069190451738325
 300000417     0.010576628812481    -0.121151061575180     0.764941043929299
 300000418     0.635853808896540     0.734444038321978     0.938850435462331
 300000419     0.529833641753874     1.121407533285332     0.070674294682143
 300000420     0.515359921103457     0.489897671972899     0.489883021749284
 300000421     0.465525240810467     0.632004013151360     0.536107648279411
 300000422     0.235440148492556    -0.018433408248247     0.828375583873123
 300000423     0.997823464672054     0.506410521918240     1.070417205141067
 300000424     0.421029186493066     1.179400182702700    -0.106725058135449
 300000425     0.768281613593133     0.759752938284934     1.032782765732492
 300000426     0.605352791477888     0.437694246139197     0.964974452652486
 300000427     0.600888988267520     0.077889571092384     0.907108766024829
 300000428     0.277606862076204     0.151523607596441     0.537047530934275
 300000429     1.051293025193665     1.063339512124866     1.171178477213094
 300000430     0.287691477099232     0.118494112076504     0.894134332400307
 300000431     0.836812256065729     1.166897814469204     0.535024020758511
 300000432     0.486450251631019     0.269482467194921     0.421736566706510
 300000433     0.112911143108374     0.644815306866658     0.756757788708522
 300000434     0.572013856567586     0.664019851453833     0.931089941103102
 300000435     0.593642543729731     0.311272502065069     0.447254250064445
 300000436     0.938963225499150     0.693602203893513     1.189597069045322
 300000437     0.994452852320078     0.491757107084093     1.042349603989574
 300000438     0.973163636610282     0.437184141133145     1.028781828915278
 300000439    -0.021576463492176    -0.105232669168306     1.138440100553296
 300000440     0.805148241664431     0.356919618532717     0.482508827130747
 300000441     0.840952734460746     0.717950607715459     1.003696432999510
 300000442     0.417137189052733     0.504993213018608     0.605929354365493
 300000443     0.102089913436222     1.040530416472671     0.704283937040422
 300000444     0.371819338098474     0.647867446872440     0.731599262484172
 300000445     0.688903572630084     0.317267215219736     0.379899859651679
 300000446     0.969707607443071     0.932570542461658     0.905554269115364
 300000447     0.501124711328988     1.115973958183516     0.454633499471362
 300000448     0.962735375995263     0.380196333584807    -0.155967697340315
 300000449     1.043868360873505     0.831381899696000     0.623111732298945
 300000450     0.178914266297828    -0.031076302490820     0.118526803819794
 300000451     0.385350384740832     0.191860213841241     1.063529308635043
 300000452     0.404395011053449     0.699220055209619     0.914845474382919
 300000453     0.559099006055787     0.389351224790801     0.424253412521986
 300000454     0.636462470767193     0.512613858178609     0.111976244369598
 300000455     0.684438747529638     0.000849867002022     0.842041398958207
 300000456     0.138362625933600     0.643017293760558     0.780480047908271
 300000457     0.070336433112717    -0.100581234757808     0.236375677978583
 300000458     0.584623038322078     0.709350475418523     0.901491410291950
 300000459    -0.033325734271017     0.631448615934799     0.075125326131349
 300000460    -0.025165261277058     1.188876277918365     1.232111870469276
 300000461     0.596123406046031     0.659633695452041     0.985175876103120
 300000462     0.509794231700368     0.565633421996330     0.314668347128877
 300000463     0.494211610193312     0.061779735460871     0.598625793880602
 300000464     0.150335081153015     0.127323740642267     1.101062692356299
 300000465     0.558963564643969     0.150593306803394     0.639286059059001
 300000466     0.510655521453253     0.281064889424299     1.027750623828070
 300000467     1.038965222923493     0.715843615631723     0.871231984912463
 300000468     0.566682671028075    -0.135397930175212     0.400032451406648
 300000469     0.832685452832122     0.282677398807900     0.470986248820643
 300000470     0.613801838456018     0.734424333049721     0.926015343204110
 300000471     0.800503052668991     0.193064502152804     0.825475646764159
 300000472     0.584848882182996     0.391105594012769     0.539314633483170
 300000473     0.082459709825811    -0.082206246489115     0.239450790171912
 300000474     0.341558012060258     0.172582560769984     1.083955174548644
 300000475     0.802304748115518     0.409698916065972     0.290515271984231
 300000476     0.323177918341754    -0.086843898507709     0.699912260425470
 300000477     0.213955591088441     1.138710541304678     0.455619550185450
 300000478     0.542785549682077     0.354632393928655     0.269530472465584
 300000479     0.488987712745217     0.218486772706229     1.167853656279528
 300000480     0.822085105404532     0.596432698046242     1.001874102087536
 300000481     0.376638135142856    -0.088790690386042     0.876223860846764
 300000482     0.267198755371017     0.019551741863350     1.077908514795498
 300000483     0.843229451194738    -0.112223899644034     1.190348252344062
 300000484     1.002104983672522     0.478362703950319     1.128369988506026
 300000485     0.059676856035253     0.055462549224463     0.876745952476280
 300000486     0.585467981704113     0.298493619366851     0.950462081945721
 300000487     0.343033682041026     0.835942109553697     0.245890731866957
 300000488     0.354488649658388     0.395723264646537     1.149909079753330
 300000489     0.460448114763554     0.258861738199446     0.982889850857008
 300000490     0.450015762031423     0.173481892143707     1.051279882857407
 300000491     0.400314380654542     0.375606112275886    -0.142590690714431
 300000492     0.460947368737018     0.223941985955453     0.991163765914030
 300000493     0.253299894412817    -0.154946777442782     0.703136216949791
 300000494     0.598909171253611     0.062001819026584     1.241683979914642
 300000495     0.311239278906502     0.177738843280474     0.050435666547258
 300000496     0.488991231050527     0.677338857549617     0.642753234366821
 300000497     0.909581622111350    -0.095730026716278     0.262359507664805
 300000498     0.019252579696334     1.199745349267729     1.230280668518920
 300000499     0.950781517956461     0.526156971684961     1.037839512132371
 300000500     0.004726186046680     0.448530883965780    -0.158105467488952
 300000501     0.670168614603829     0.941928377123552     0.011147528816493
 300000502     0.346311217104226     0.075328270181481     1.128926339088318
 300000503     0.601519161738816     0.723675191942669     0.957579825720695
 300000504     0.820675136029277     0.401654416100983     1.019581916420581
 300000505     0.184419852087355     0.510719939311919     0.772932003899721
 300000506     0.648201598894112     0.293912708707210     0.404370133499918
 300000507     0.963376980760075     1.057106322217668     0.440244974064962
 300000508     0.978176589067944     0.303358374491280     0.230664700522369
 300000509     0.640934572098578     0.522352229520746     0.365424144042167
 300000510     0.235881363295015     0.484283840316331    -0.108118100462192
 300000511     0.347174210682546     0.568076214262599     0.506069304530468
 300000512     0.416361080644218     0.370174275524171     0.447848782971501
 300000513     0.802802498112568     0.359660333571260     0.405353625102852
 300000514     0.273096540012280     0.266303085969002     0.088534258276996
 300000515     0.777745997572668     0.393619120031870     0.530676874583972
 300000516     0.501574203692546     1.062253782633756     0.303757616193201
 300000517     0.959102771128651     0.819954435565169     0.115226443656898
 300000518     0.139708788837943     0.656409114268977     0.793863852961281
 300000519     0.841119515368641     0.370447182598381     0.129599632235710
 300000520     0.141299119990662     0.669894458455121     0.811649691905638
 300000521     0.836093908354287     0.475742099333557     0.259261945891598
 300000522     0.580238246922906     0.712538460669368     0.935577225710363
 300000523     0.414863899858792     0.099819522611348     0.827103703688175
 300000524     0.144687619974745     0.653422776177708     0.787629341586606
 300000525     0.336178376097326     0.817805811025999     0.029606105841913
 300000526     0.890246861754812     0.057870755688695    -0.150735873073333
 300000527     0.385608818302369     0.125320885120598     0.067541539744837
 300000528     0.971068753096811     0.565885103077677     1.073845502920110
 300000529     0.982274661130276     0.303668151607918     0.290076870675787
 300000530     0.673683443286802     0.633849494678525    -0.063076481650371
 300000531     0.979559605961888     0.563190845588450     0.981341800055126
 300000532     0.478567464123969     0.405810667189781     0.445452568366969
 300000533     0.418101206168498    -0.043068026121364     0.945120336857895
 300000534     0.741653265217831     0.224192212599023    -0.069447391856040
 300000535     0.639779641242189    -0.181492288843158     0.506181334222515
 300000536     0.138337966952380     0.413192117152596     1.050178384875004
 300000537     0.650822515020924     0.853200060665051     0.362268595785594
 300000538     0.126365875729987     0.668079440229373     0.782161583840222
 300000539     0.753956023274635     1.151034875010373     0.658009878851712
 300000540     0.967015515342086     0.498768733194044     1.029007342592562
 300000541     0.104916565151987    -0.104379190399683     0.259166554318686
 300000542     0.821154552835498    -0.138914820200404     1.160464044125322
 300000543     0.903253645951018     0.859796436002349     0.435023298260662
 300000544     0.233802514891311     0.095701915688757     0.836632482142339
 300000545     0.242565098832238     0.300123774640737    -0.067713741476245
 300000546     0.424369976014416     0.608574304589545    -0.146589245005312
 300000547     0.294131486104713     0.171979894499519     0.766048555216293
 300000548     0.473105974765807     0.303284042637903     0.508267480992540
 300000549     1.089807926622461     1.153894976449783     0.633889319943879
 300000550     0.561679293021465     0.845250516658544     0.629711334490135
 300000551     1.069186939627380    -0.173016476521532    -0.009774891111444
 300000552    -0.001770441940773     0.584891429933502     1.115065719095822
 300000553     0.396141877007432     0.080202917918092     0.859442981597398
 300000554     1.037182882193304     0.797134846758859     0.833048561375669
 300000555     0.621847487804470     0.479877729216624     0.456784902120946
 300000556     0.910169068542978     0.641704206690836     0.087338600172329
 300000557     0.315410471776299     0.152158438667754     0.954177350368859
 300000558     0.857928319022540     0.427515323999098     0.636833539973802
 300000559     0.968915992704264     0.738086906513682     0.581330604663240
 300000560     0.601459906769317     0.122376361823796     0.888624851878633
 300000561     0.364180160068393    -0.122748525769768     0.540348219897280
 300000562     0.137771514988147     0.510195888359902     0.782887952743895
 300000563     0.403993358996707     0.096260590586720    -0.009638355874917
 300000564     0.558496999169692     0.055331184117335     0.908609595536073
 300000565     0.803363728526403     0.929609179808484    -0.016404602685368
 300000566     0.007415282437364     0.822693850329996     0.559099436820321
 300000567     0.722154406962871    -0.040496180880557     0.685947153860047
 300000568     0.270998338460991    -0.046611026055976     0.833077769279102
 300000569     0.541723295107129     0.213110366148310     0.548116195906350
 300000570     0.121678832383753     0.637569301472543     0.778961550699023
 300000571     0.998316106427440     0.558182816949493     1.024914202313469
 300000572     0.639467885534159     0.319214562387178     0.353183980402952
 300000573     0.267644641104569     0.394382098842736    -0.059867399236804
 300000574     0.601756553093404     0.752977557858563     0.933397066698038
 300000575     0.689433289349082     0.677752414158554     0.070453161461761
 300000576     0.781599650847474    -0.009920707216805     0.787259163473204
 300000577     0.288060155089065     0.013132363831417     0.681567092600144
 300000578     0.632904100214832     1.046111776437705     0.255294413635758
 300000579     0.946580438480873     0.329554129453245     0.469719266449451
 300000580     0.571952417329844    -0.032661399652884     0.880436100135284
 300000581    -0.004781879805543     0.220529613839073     0.196946764611995
 300000582     0.143410138522856     0.672792819754549     0.736520754847636
 300000583     0.926410741426134     0.578255569236277     1.048640588180663
 300000584     0.737986573347352     0.303669120759641    -0.075241444207558
 300000585     0.364364923336607     0.807851653775273     0.207806520762386
 300000586    -0.028912279450015     0.047800528442143    -0.136369886483569
 300000587     0.581476563879696     0.221499240493732     0.222254914169218
 300000588     0.755239872233963     1.055934084866744     0.390187046686760
 300000589     0.707979252302837     0.016557591245140     1.075138824405864
 300000590     0.654992228221719     0.360403501028390     0.595095060451104
 300000591     0.458978832577636     0.073148554885113     0.842885781283379
 300000592     0.901896793073855     0.787604567153419     0.108164556393727
 300000593     0.645966605323291     0.711771586391493     0.721944696485919
 300000594     0.081646026939840    -0.106424734430611     0.242817514484451
 300000595     0.412084943328273     0.506211088473686     0.326698059454146
 300000596     0.576610906425933     0.372766116651475     0.357088424731378
 300000597     0.192285906256505     0.673838231116837     0.778437035290816
 300000598     0.577277445188936     0.054922565727292     0.163055544267272
 300000599     0.624536230706450     0.438964464036132     0.361547532060152
 300000600     0.887476731587225     1.104207299355166     0.243856258133279
 300000601     1.063453150520101     0.281264821803967     0.630002702202740
 300000602     0.447537025523108     1.149310880305116     0.025597640807364
 300000603     0.431265306600855    -0.135213622335052     0.498897727449380
 300000604     0.796862626620142    -0.013088989459360     0.693119565937900
 300000605     0.453553041919728     0.772249493942726     0.590357217018763
 300000606     0.634751874398055     1.024309776719898     0.346748918634171
 300000607     0.927218481413764     0.765588034603777     0.917934208503507
 300000608     0.074996759650890    -0.082853951814710     0.265075349211565
 300000609     0.366049828100791     0.193981938016530    -0.022448956391199
 300000610     0.087263463877540    -0.094414277982146     0.943383973089978
 300000611     0.233958114076723     0.063012654336887     0.821979137521245
 300000612     0.331179366796202     0.022553561381313     0.624471224395066
 300000613     0.787273384420809     0.410218790858142     1.026771800269539
 300000614     0.157566595943821     0.397465376345429     1.172698208967325
 300000615     0.574502436514807     0.155004186389524    -0.014305119596048
 300000616     0.669688410671097     0.759457862178504     0.508297269657207
 300000617     0.623115057782529     0.366001490988523     1.010373184595899
 300000618     0.350353887374210     0.226431908615705    -0.267863879408037
 300000619     0.303902213209563     0.290358424735762     0.915705346595789
 300000620     0.887447942495891     0.627752615940343    -0.198257395155543
 300000621     0.469998736397421    -0.138174126112087     1.019579441099360
 300000622     0.789274164921531     0.191333561037770    -0.132262341464130
 300000623     0.730722232424733     0.647398614285269     0.565052024093798
 300000624     0.313335385124388     0.263467111058774     0.442193536965286
 300000625     0.494347443272402     0.394837142886263     0.997287485511704
 300000626     0.662049838412625     0.135707559668136     0.941055694814413
 300000627     0.858564948479292     0.479623500910670     0.370636283724965
 300000628     0.630024432260533     0.021368094903955     0.542842477951997
 300000629    -0.028958193780063     0.228630581079810     1.030478365846618
 300000630     0.939307398498676     0.537821140355971     1.031534443150846
 300000631     0.765659503399759     0.642494289407980     0.082195545200873
 300000632     0.694419908410585     0.503314296428551     0.365334720989036
 300000633     0.004730500933627     0.181470176414469     0.402342705889873
 300000634     0.659218225977870     0.538285225115950     0.769658690031740
 300000635     0.127839792450604     0.654077822654528     0.777391688979993
 300000636     0.369296847187254    -0.000196607145235     1.017615153944377
 300000637     0.644969546096598     0.811212983146879    -0.245232541575863
 300000638     0.812721831024324     0.303977751745369     1.006036745063767
 300000639     0.281487766987224     0.019196960074039     0.703642819513600
 300000640     0.461737525695799     0.719711441430798     1.151281843045741
 300000641     0.597213125614628     0.726257527821091     0.945981799937011
 300000642     0.421770534659409     0.187786808173070     1.146564440554885
 300000643     0.133565859533597     0.679312194856063     0.827643050320563
 300000644     0.868536289579677     0.824418172546952     0.894453355117246
 300000645     0.214959443103243     0.839917672156753     0.177195594961160
 300000646     0.045308422871348    -0.079098378341961     0.256232657992631
 300000647     0.519952030735050     0.874105094835010    -0.219835231188429
 300000648    -0.090094704236455     0.612030148911587     0.550958922279584
 300000649     0.063487644679572     0.690164872220181     0.285443948794413
 300000650     0.866885530989395     0.316468016928862     0.410277789782960
 300000651    -0.031902111155442     0.661257307870521     0.878201355192797
 300000652     0.326612957282839     0.825675921153444     1.222643870067308
 300000653     0.201611452217882     0.042978126022643     0.215478936885232
 300000654     0.732409433001051     0.436326021179084     0.543179633699308
 300000655    -0.006814296123905     0.994229156256106     1.056484232313398
 300000656     0.441732460768313     0.019974611284030     0.621671683299875
 300000657     0.000076733301987     0.795817390499970     0.851681297392572
 300000658     0.942011627505892     0.497353866572185     1.036605077141035
 300000659     0.453526111169195     0.076895404342601     1.012645194122556
 300000660     0.450248273212042     0.167943093540971     1.146842096428549
 300000661     0.403046231310586     1.072269672521304     1.230086787289414
 300000662     0.395200419365321     0.183643963121879    -0.050477495582505
 300000663     0.280017261612033     0.163172235659315     0.925924697063923
 300000664     0.681474208508779     0.500367760980601     0.937032446552402
 300000665     1.093401958591198     0.887187191162792     0.520485121596394
 300000666     0.785465791457933     0.522326610791077     1.012339398195196
 300000667     0.182867189667596     0.454808530130496     1.137830259627529
 300000668     0.296115265682028     0.994346259999028     1.284295340241141
 300000669     0.372406153052699     0.514215093069333    -0.252498672786945
 300000670     0.862583915113913     1.073293729112427     0.549804774786018
 300000671     0.599202875639604     0.683033426847804     0.955327294474381
 300000672     0.486091528763127     0.088114010937283     1.137338163620862
 300000673     1.002466781318069     0.763224413247245     0.419229458172636
 300000674     0.371397586840194     0.683727503420822     0.492522102663060
 300000675     0.151516302700133     0.076594518297369    -0.029690463759189
 300000676    -0.086764014258274     1.189798809731395     0.329727378565932
 300000677     0.956506935752741     0.560908722224810     1.007632521839142
 300000678     0.637735716488474     0.511223117647426     1.252011331006622
 300000679     0.296276162323427     0.728389438099925     0.045984494910591
 300000680     0.598874075928301     0.659598241704123     0.318258082433233
 300000681     0.603219642891395     0.333539243980963     0.676868388096547
 300000682     0.144877375425809    -0.047521145497602     0.799443302064621
 300000683     0.776251638946517     0.332020013854544    -0.070428106663758
 300000684     0.978985701007256    -0.055159062866853     0.233938720983462
 300000685     0.054084250510191    -0.096788044360833     0.256312414934276
 300000686     0.173382847196185     0.649745450534042     0.793673939894455
 300000687     1.062380738330979     0.553408231460381    -0.249872584970773
 300000688     0.123212968859709     0.211505729616968    -0.237277995636554
 300000689     0.705151973041076     0.502168346343677     0.169122613099697
 300000690     0.371329519864923     0.767828351498798     0.585472125784320
 300000691     0.109532558571542     1.094322665962323     0.314056483352394
 300000692    -0.019106890532804    -0.088362987715966     1.269783714225875
 300000693     0.650999285623509     0.153743217094236     0.239704683285309
 300000694     0.443759073959801     0.082433795789176     0.892551592106578
 300000695     0.075392858566070    -0.086090853674971     0.258956089886868
 300000696     0.691859825587689     1.059885573425402     0.282636514847745
 300000697     0.951948608300209     1.091590501122108     1.039970315234068
 300000698     0.394710658511330    -0.097871762019269    -0.244920771642745
 300000699     1.088401269806227     0.321401901316875     0.643251129836336
 300000700     0.739317115268854     0.461710982159173     0.470946466738816
 300000701     0.150280043495590     0.003026409117184     0.795938766409993
 300000702     0.496790533815633     1.131394023163247     0.585775789230775
 300000703     0.448306513592590     0.149333429568306     0.234644688731271
 300000704     0.991637713000013     0.526344978347996     1.012752001492002
 300000705     1.044015942902825     0.820602599021653    -0.124956182401845
 300000706     1.059462867798380     0.046543389806036     0.046580523590160
 300000707     0.327266382390845     0.166738377150580     0.039562414105572
 300000708     0.022768973526200     0.466400520761544     0.772941828131846
 300000709     0.865539277457724     0.117114233065050    -0.007952232639754
 300000710     0.339934817425877     0.130446788881173     1.208283973117469
 300000711     0.940533947381771     1.140452105272930    -0.023551735040296
 300000712     0.754729440783873     0.258611237820236     0.418723211389671
 300000713     0.804420048434118     0.754399870735655     0.465127060009778
 300000714    -0.033980719268737     1.108990729786637     0.850240930068603
 300000715     0.565913335351295     0.705215485260978     0.938813278206807
 300000716     1.053229858579837     0.274879269395070     0.745297453171231
 300000717     1.098205966533858     0.553397595196311     1.180784100722942
 300000718     0.759274099135736     0.413650899185641     1.008377607301124
 300000719     0.623713654929757    -0.132240585563367     0.580192596155743
 300000720     0.179248822885537     0.562170548184367     1.256106870486228
 300000721     0.061270611619608    -0.101594502457407     0.234890846773455
 300000722     0.673644914049690     0.375213442342406     1.069166022246785
 300000723     0.303878796601399    -0.047790552382838     0.498482942460670
 300000724     0.762075660866068     0.741107053674732     0.468293308266274
 300000725     0.801253371917222     0.380218529815437     0.244194390024645
 300000726     0.620102765733319     0.400563004326361     1.266445617498169
 300000727    -0.006102829653687     0.683166461610872     0.093441197267036
 300000728     0.633854469799258     0.396375363843869     0.305255818663547
 300000729     0.427655152935204    -0.122199868096008     0.643980126104669
 300000730     0.938541351605623     0.729286747003537     0.710314407989668
 300000731     0.095891537989123     0.707388007132362     0.552227905658631
 300000732     0.954333161336278    -0.174654943746023     0.466576499481687
 300000733     0.226402949757317     0.144964884728319    -0.009460629087490
 300000734     1.032847638555856     0.517661661040532     1.135340251060237
 300000735     0.238077705846305     1.114868668262518     1.058664795458404
 300000736     0.010262222889100    -0.042431580375038    -0.155435670080904
 300000737     0.747971898617552     1.007719519421534     0.523507619705141
 300000738     0.519519673201054     0.510247698591831    -0.094407490405170
 300000739     0.761480237270732     0.400496289040511     0.235491375403732
 300000740     0.817731443622747     0.081913513923930     0.067466369899072
 300000741     0.545205370297324     0.723814986414029     0.938369126814741
 300000742     0.418401321256799     0.861691861595119     0.101307666411547
 300000743     1.029920125100011     1.175156253151453     1.143900605764386
 300000744     0.702280656414422    -0.088004032036819     0.096737570089915
 300000745     0.375418224151017     0.045713255314149     0.979997454719785
 300000746     0.561832721711382     0.695070376897810     0.977956930129028
 300000747     0.572848326711786     0.150597389783039     0.754029873969498
 300000748     0.911753315152872     1.176264840003891     0.025056202238630
 300000749     0.530881217714013     0.098083706017900     1.215427645861200
 300000750     0.754344978084626     0.495860957556401     0.274998521341244
 300000751     0.556751834531576     0.202311935746370     0.434329450073848
 300000752     0.674042908863411     0.239632077068685     0.965674439289921
 300000753     0.869291470292943     0.606334318776371    -0.123664434684599
 300000754    -0.025530456130302     0.416473993254323     1.003110607172400
 300000755     0.182230597125442     1.054479754689301     0.670281154891540
 300000756     0.907986884760693     0.820235862642796     1.129162952435953
 300000757     0.684135608830357     0.294281850614345     0.291828799617798
 300000758     0.836084074078997     0.710609143776771     0.233973430223560
 300000759     0.470878063987220     0.211789735051984     1.108944304845517
 300000760     0.294738472584095     0.169209183815171     0.542362980226868
 300000761     1.026005467871574     0.966430472054348     1.246874710743186
 300000762     0.618168888921362     0.853015487251477     1.180799271480179
 300000763     0.072831420470451     0.678893576079611    -0.145466830240127
 300000764     0.078442129300036    -0.097512793414710     0.233070729909613
 300000765     1.081605468427728     0.672692201446728     0.057922190486098
 300000766     0.316671548700819    -0.052381860795423     0.804260469500006
 300000767     0.299998308520477     0.444430161952111     0.486282978588496
 300000768     0.741705257054260     1.152762848497410     1.069766641209452
 300000769     0.072596947050157     0.112217608411226     0.669441179564171
 300000770     0.095498145527556     0.548422393077963     0.492881399756444
 300000771     0.151751227545564     0.658486790277913     0.768759853492505
 300000772     0.917579498989503     0.537653167627836     0.314569228098920
 300000773     0.567259459453725     1.066823564342244     0.634441791294258
 300000774     0.290350708723488     0.067639670213624     1.001537149277566
 300000775     1.002211689231945     0.722069645062345     0.355866248913502
 300000776     0.319403327816432     0.237573996098929     0.028503778891539
 300000777     0.684009642544148    -0.094234218829549     0.592800729408324
 300000778     0.977060668610884    -0.059410843355586     1.256146329676432
 300000779     0.536902414560178     0.289953902615214     0.661175598523759
 300000780     0.353473697743144    -0.003611499726503     0.493559419195516
 300000781     0.411760656560128     0.209430578666473     0.961436772976876
 300000782     0.283662983600063     0.199781769010958     0.172534842610037
 300000783     0.974065446229159     0.491150986177554     0.954384866817512
 300000784     0.699158536711697    -0.059645841023566     0.557963758363998
 300000785     0.572324592118391     0.718400627626194     0.963412743684269
 300000786     0.562526465317018     0.408014338454331     0.101463770000127
 300000787     0.936397963709356     1.056157834646360     0.089857104948571
 300000788     0.657908802420287     0.371215887201144     1.177379957562048
 300000789     0.395917941959496     0.128895934464021     0.891948566171112
 300000790     1.014954642100288     0.887115972300491     1.086308545198180
 300000791     0.717113700256301     0.012408190902482     0.592691449542285
 300000792     0.558434633964084    -0.144952432486357     0.651766049345303
 300000793     0.304730811566906     0.213509829300132    -0.033042206936034
 300000794     0.903374453498758     0.993522790742996     0.807824324155159
 300000795     0.828202548031833     0.209291400717631     1.051326755184587
 300000796     0.934844997030346     0.547160240749002     1.097313635835281
 300000797     1.032059901422734     0.941504140969654     0.159023121337238
 300000798     1.029800580513067     0.008295720566167    -0.241103456583009
 300000799     0.730629664982568     0.954739347929907     0.589021013155278
 300000800     0.835040145455786     1.142000730242546     1.256519768665005
 300000801    -0.034213614540412    -0.189568426697554     1.102692784006202
 300000802     0.711228767772746     0.031582370474934     1.125343180508471
 300000803     0.442487012491341    -0.194924792447473     0.242292054853503
 300000804     0.966946721464571     0.509339437646305     1.075092034691343
 300000805     0.468411870492048     0.092545507330594    -0.129231757033485
 300000806     0.570856086061538     0.151230577764927     0.775719332584869
 300000807     0.968188824585141     1.068746315368718     0.217415798725438
 300000808     0.456672762563023    -0.165016261078569     1.225110818369191
 300000809     0.258573908054564     0.102075140533940     0.042047659467845
 300000810    -0.028541658384108     0.568373455008086    -0.255875446194346
 300000811     1.087561020996253     1.036081672980660     0.023938710755652
 300000812     0.743546085439423     0.870101638294035     0.575471395113515
 300000813     0.953074786506362     0.470355474636350     1.028915795141417
 300000814     0.622794531621747     1.018002354010255     0.132525948184789
 300000815     0.289265011683814     0.136469848678367     0.001154584093818
 300000816     0.138590693565288     0.634076615375651     0.794907060363968
 300000817     0.542112133637985     0.413177495321464    -0.010729667308795
 300000818     0.875730445794202     0.317349853816083     0.855363096685251
 300000819     0.775813696899763     0.328592262411036     0.357494048889743
 300000820     0.072181366891104    -0.077929276697707     0.223489146007924
 300000821     0.789864027818162     1.081422866470094     0.804205421497744
 300000822     0.965804573565491     0.893977464032338     0.522710096732082
 300000823    -0.025201499031482     0.018507006353124     0.209395518719425
 300000824     0.386206713874268     0.185794391591156     0.628911143813748
 300000825    -0.035252260347319     0.509007768945403     0.752596983033094
 300000826     0.062846817172601    -0.108123786615582     0.245835299463951
 300000827     0.185270795916362     1.131158899860035     0.562780544476129
 300000828     0.308837834421143    -0.137892591435908     0.870051417870795
 300000829     0.118411747313304     0.599736317507366     0.922141829234410
 300000830     0.531814850833758     0.693003915257825     0.966002431713641
 300000831     0.622521918955077     0.722409110046332     0.969981715305048
 300000832     0.156036688144706     0.632515970032451     0.778108343073330
 300000833     0.390874518668062     1.136827891779602     1.267460993312678
 300000834     0.873608911436309     0.128389483872875     0.517296826990505
 300000835     0.333157685518354     0.222106701218031     0.879370736697941
 300000836     0.383459938761849     0.145477128093336     1.013576455224230
 300000837     0.122089222455187     0.432927097067895     0.352846095286081
 300000838     0.594663922201867     0.712228779860611     0.967836746516779
 300000839     0.764986128416151     0.762661198579600     0.237569864095635
 300000840     0.695748775741984     0.282283961688295     0.128707518640898
 300000841     0.139573082152322     0.630818463284150     0.776228743813588
 300000842     0.978597078423879     0.373027224731076     0.527153190916155
 300000843     0.202696915246773     0.444321918637634     0.902498484601807
 300000844     0.552097512708509     0.493742470248082     0.101176248032771
 300000845     0.492850282339240    -0.085741471727380     0.690746698957862
 300000846     1.008648635364948     0.036285888926243     0.400183793228641
 300000847     0.573660679160494     0.670834958647108     0.945031026554972
 300000848     0.609222629170203     0.655709771892630     0.925592186326702
 300000849     0.771558692494500    -0.190191772150209     0.819445582282082
 300000850     0.713923664722258    -0.196390881472432     0.846687256202778
 300000851     0.284434778639690     0.195747042845015    -0.065679531296913
 300000852    -0.043479522457938     1.135288329600929     0.484387336940756
 300000853     0.154992316793975     0.662141469687470     0.799840231684686
 300000854     0.434461774051687     0.024115491857240     1.125388587040585
 300000855     0.621919664265031     1.057783218406268     0.836414912526088
 300000856     1.013115907860011     0.566055736000453     0.865953208228794
 300000857     0.120366762360203     0.648502985659838     0.760597414697541
 300000858     0.293266877176726    -0.006608185650128     1.023943797095095
 300000859     0.785998281707071     1.168994825687316     0.694506903178583
 300000860     0.950741623107092     0.901001925922432     0.586956482906696
 300000861     0.892575262721784     0.834503496063148     0.834957386727445
 300000862     0.029378603067756    -0.090938637358645     0.261683634476316
 300000863     0.562302666324812     0.730132379226511     0.950025894952249
 300000864     0.662943764639451     0.117669768777665     0.474646442803355
 300000865     0.867249574386665     0.264889486083328     0.408913337497335
 300000866     0.613147658587209     0.717636834448341     0.923777685993450
 300000867     0.420357251055349     0.537705946978295    -0.290730658999681
 300000868     0.294689849430054    -0.051553492363044     0.877232976785616
 300000869     0.490432640172409     1.155028547450697     1.061990656839905
 300000870     0.535990261774064     0.335851346509178     1.011156506821142
 300000871     0.370234877075906     0.121688773660993    -0.024612921254603
 300000872     0.571149247029277     0.135073699005633     0.896654943453762
 300000873     0.936882280580431     0.039500956812784     0.064678956993708
 300000874     0.623933758843613     0.363411128312999     0.390675876203503
 300000875     0.795716857326585     0.701228948736945     0.954895666785197
 300000876     0.555279561913218     0.915694498803243     0.903016660679838
 300000877     1.034602655692008     1.024635376575583     0.364162511616136
 300000878     0.316801479268308    -0.007270995376602     0.830359058028107
 300000879     0.346374379304376    -0.005073101779300     0.701936263153043
 300000880     1.044757215029158     0.814799194361025     0.542516674345836
 300000881     0.424447914100133     0.843323688137443     0.730286293074801
 300000882    -0.082525184867402     0.551709961427066     0.794131458535522
 300000883     0.269578843600393     0.619350169713796     0.290443261601308
 300000884     0.102855083169383     0.650372230925554     0.777862647381110
 300000885     0.702072725381881     1.068735912608864     0.061759206660314
 300000886     0.290093707027379     0.179609693315804     0.057833672038906
 300000887     0.743252396545171     0.271154777925073     0.452725529011089
 300000888     0.712763110822287     0.131284996734863     0.474982920954140
 300000889     0.520756035145188     0.268201818682914     0.828251685302035
 300000890     0.382764208070235     0.482064556207036    -0.104449094033833
 300000891     0.643411097121642     0.324373665229153     0.969266514128705
 300000892     0.828428286766797     0.647390696509621    -0.152704323125516
 300000893    -0.056592898972155    -0.005855210303007     0.788798443704644
 300000894     0.916915230559086     0.249136849630747     0.435994217192402
 300000895     0.904245186355199     0.490393415272704     1.220355597687378
 300000896     0.325122706269838     0.150956563451233    -0.136095250332501
 300000897     0.570913980686602     0.699316818888711     0.993054313369149
 300000898     0.677523695440907    -0.050298806677443     0.482879333276630
 300000899     1.050925972626659     0.204227093389984     0.051754125819543
 300000900     0.598514058418361     0.198594101829103     1.094697432229444
 300000901     0.427433511519861     0.936003748825377     0.586326601468644
 300000902     0.442738362483852    -0.181638827363948     0.783487399657794
 300000903     0.229595196995703     0.090259615689586     0.607483898398035
 300000904     0.496819904332237     1.147996523889610     0.006617571493527
 300000905     0.239193306477232     1.182273262734372     0.635020269373127
 300000906     0.804317380976422     0.352447551081451     0.281591463153750
 300000907     0.324059634290065     1.031092308945194    -0.145930627330307
 300000908     0.969016972870619     0.234733957818177    -0.031709985491599
 300000909    -0.043462832078780    -0.118109480408034     1.275110114395805
 300000910     0.660394993957837     0.523108146856752     0.393434461173626
 300000911     0.286803339939341     0.351446389941448     0.286099892854045
 300000912     0.615359364121766     0.347722318579918     0.644836187970717
 300000913     0.147478130141679     0.613591997302576     0.777806719908429
 300000914     0.971961745185094     0.569216150705042     1.022762986975721
 300000915     0.110473651165341     0.653117563792787     0.787577820804177
 300000916     0.496289306884890     0.622824026626307     0.858926071415271
 300000917     0.964503264233265     0.438076111925380     1.100257254856663
 300000918     0.279466094604519     1.030559381251638    -0.147760552956274
 300000919     0.595609817668625     0.645732051426635     0.916283717448762
 300000920     1.038881882105936     1.147160534640985     0.029996189955031
 300000921     0.570115148664982     0.687089136970254     0.951062856626855
 300000922     0.696463810554340     1.003411725948412     1.277202238532606
 300000923     0.711863363402762     1.078544557751409     1.090867652570282
 300000924     0.504262768497972     0.323187662370521     0.859285802325846
 300000925    -0.082207489738247     0.903410571319267     0.787969128424681
 300000926     0.856278761597975     0.140849561191699     0.911635217677590
 300000927     0.150264116478693     0.632983708629561     0.782669513900605
 300000928    -0.083859931514445     0.587884154803307     0.069840744442403
 300000929     0.923376901024494     0.746218974418809    -0.061569083791720
 300000930     0.638673553878977    -0.104064369445511     0.494495037389198
 300000931     0.255868196063671     0.249745223795676     0.799070459917459
 300000932     0.603841835098699     0.850680911113878     1.230228911874967
 300000933     0.579870818011638    -0.195918885646205     1.127516452000387
 300000934     0.400000183988686     0.050421573728540    -0.060792910363656
 300000935     0.052060840874256    -0.105053968414291     0.257614549806007
 300000936     0.752044517543923     0.378022837437958     1.285643606774687
 300000937     0.841368189640557     0.260513601681215     0.995070304312040
 300000938     0.683269667057280     0.440623950845640     1.086962717485587
 300000939     1.011483752517964     1.172936844441318     1.019867076717445
 300000940     0.543053462057810     0.649022965895898     0.318682058350138
 300000941     0.654929978603941    -0.038764697288135     0.435255685188094
 300000942    -0.073728533352175     0.199865121430556     0.730349144838968
 300000943     0.122815357069706     0.626448816313844     0.740533246271525
 300000944     0.563426846980723     0.199126142816204     0.953609217369160
 300000945     0.536639177093931     0.007399282106961     0.810752012229023
 300000946     0.243568362890555     0.149270641280396    -0.005491047752567
 300000947     0.540474220947964     0.686322105711355     0.933739409133244
 300000948     0.308028001805352     0.060750230469952     0.835401317404625
 300000949     0.883760709147202     0.526972929799790     0.311460317133444
 300000950     0.984940114738707     0.711905272011007    -0.081378675007929
 300000951     0.151153559697620     0.633854504059140     0.823443441837635
 300000952     0.452592412497670     0.399856974834968     1.185136833461401
 300000953     0.809569908146268     0.375223132126651     0.558957876752979
 300000954     0.637997215974557     0.393008764148634     1.056451250664186
 300000955     0.233597079029794     0.276646048608564     0.715557154712511
 300000956     0.699100485425036     0.396578120318782     1.069018064298683
 300000957     0.130721550360045     0.669709310141847     0.782272980803857
 300000958     0.396221489706166     0.245887462290813     1.016382095424987
 300000959     0.478085026893426     0.647249511673733     0.653289198551627
 300000960     0.133673289551960     0.686292221189754     0.788298386825046
 300000961     1.036052349964214     0.063689287280457     1.018071337687672
 300000962     0.183365385256384     0.627862511168101     0.780135263349574
 300000963     0.516442409565504    -0.154385205029764     0.859021668016103
 300000964     0.099714205123754     0.065230304854638    -0.041951144011544
 300000965     0.385541909344784     0.491274783143539     0.840277763145294
 300000966     0.471794316683159     0.833951264418150     0.525788849484859
 300000967     0.756023099506785     0.409473392859382     1.063479225226234
 300000968     0.917894021468579     0.259095133094662     0.471859740530659
 300000969     0.801211641107496     0.476450336071869     1.092851256689195
 300000970     0.628375054215303     0.721375652977613     0.958912642487125
 300000971     0.673063380940475     0.346721582515691     0.740485042624810
 300000972     0.562546772051329     0.680823949420405     0.963613201817145
 300000973     0.330440362683076     0.278297333947632     0.732535493235419
 300000974     0.090355105675204    -0.095248977841684     0.262675591339704
 300000975     0.765468521339064     0.385749493385148     0.200659871000591
 300000976     0.487277823072441     0.673972125186910     0.526514119198190
 300000977     0.575474396558557     0.865138787968885     0.961339215717168
 300000978     0.343554193482173     0.256573040447502     1.253392544987359
 300000979     0.700842285790023     0.590818499040930     0.417437640120366
 300000980     0.930682990452244     0.565095989639449     1.039578645418144
 300000981     0.048167363579722     0.004943358064051     1.211359991805180
 300000982     0.251543861910225     0.098308742564762    -0.158091634770911
 300000983     0.102248668268702     0.145051175745673     0.789666093573800
 300000984     0.332948712933113    -0.114909095099861     0.877460204975304
 300000985     0.585715427066833    -0.041897524537755     0.957653292822112
 300000986     0.965104087116740     1.004383292462208     0.097045659213348
 300000987     0.105794000964403     0.636271996938644     0.777467350191985
 300000988     0.174119587048410    -0.077101346692667     0.908706518294081
 300000989     0.559865838989619     0.263594352151335     0.698824931103498
 300000990     1.070572859352569    -0.056148522126809     0.862454194372602
 300000991     0.491798573729615     0.095130213048553     0.590423771731712
 300000992     0.394126060490014     0.085890416091718     0.479125970510998
 300000993     0.320267488119642     0.019965107989334     0.795838279848598
 300000994     0.853510864334519     0.416856476486062     0.508565442592019
 300000995     0.924716411010762     0.534663948478440     1.044586066452992
 300000996     0.974536121859628     0.530087271811994     1.054472424678193
 300000997     0.140946709662342     0.683703311098845     0.817504445256788
 300000998     0.793923219838223     0.399574658733295     1.107281244339518
 300000999     0.342282124796035     0.023160344434009     1.071461046653174
 300001000     1.040901516555909    -0.112831412677783     0.717949915701466
