 200000001     0.683338479165282     0.924641979856313     1.162077850924239
 200000002     1.085557741302567     0.995115927890132     0.210129090741750
 200000003     0.694513000609710     1.084927298781526     0.256469671091571
 200000004     1.029642174457841     1.010348727256112     0.433154556637206
 200000005     0.160852823772821     0.661281623971379     0.824734310637443
 200000006     0.238045248595616     0.079757832136855     0.878210089286397
 200000007     0.677068319859481     0.069775970395621     1.070859158710778
 200000008     0.619913159043361     0.598073069174811     0.492778723510266
 200000009     0.477667109697340     1.095719229931599     0.625018109645598
 200000010     0.839564855786398     0.292023839601935     0.442635987883048
 200000011     0.940835493349796     0.246248931826235     0.958572071849678
 200000012     0.979373631887059     0.313942148258348     0.372453705256959
 200000013     0.188405982310489    -0.092226240485738    -0.171250737668276
 200000014     0.578907368420001     0.696127284932641     0.915951824212992
 200000015     0.896532531400714     0.290320272837388     0.489675197389498
 200000016     0.825369277861696     0.395831758749242     0.518292704449427
 200000017     0.934142733175736     0.906552043919596     0.168885067651120
 200000018     0.016647022057371     0.526727110852043    -0.204721859777768
 200000019     0.720232753726722     0.562927928964574     0.973749060377960
 200000020     0.587495114124700     0.387116693628743     0.834450149995107
 200000021     0.112860530073585     0.658177689266988     0.815734533299749
 200000022     0.204208814622498     0.972405826554015     0.049160988334864
 200000023     0.340196790209911     0.143585610457122    -0.085298732231805
 200000024     0.732946362825581     0.958822351200028     0.257578795329484
 200000025     0.331722042610144     0.248527607116734     1.044519170750510
 200000026     0.632126390903756     0.134638201243091     0.662828707187930
 200000027    -0.030055244604093     0.810517269227408     1.090610935579535
 200000028     0.517339014167193    -0.049974890248277    -0.160874239698089
 200000029     0.935866395724593    -0.170957008844540     1.167547997690611
 200000030     0.645295123802280    -0.195241896681609     0.746388340478723
 200000031     0.132984453788498     0.692064811922849     0.805115069987637
 200000032     0.040259555408029     0.196247014222539     1.294387757098395
 200000033     0.961246886696468    -0.170261358210615    -0.173801729441558
 200000034     0.555967794047434     1.192604014118254     0.485256333353992
 200000035     0.715712137817236     0.586210851819096     0.256727821783885
 200000036     0.426729328402292     0.167942069130210     0.903182727681137
 200000037     0.247470775289671     1.177483799834460     0.154628910545156
 200000038     0.847519184539038     0.877807345256161     0.185076359826518
 200000039     0.116767311800545     0.563982659101480    -0.174491425165731
 200000040     0.404764056489738    -0.024743364878234     0.560913821100744
 200000041     0.842558658111238     0.099928932579284     0.963713035001052
 200000042    -0.016382559389696     0.965715670193657    -0.028062785772144
 200000043     0.052395504930834     0.375972621369309     1.199183334528960
 200000044     0.750324753908493     0.654143355504491     0.357066134654448
 200000045     1.099637927481250     0.925869226641316    -0.053424696666366
 200000046     0.454032173761112     0.401335320513145     0.786080940303642
 200000047     0.553181229995632     0.649459372102994     0.498753480995882
 200000048     1.079296779773286     0.891202535730860     0.244803687307466
 200000049     0.966404753737229     0.448798271398352     0.327785173987446
 200000050     0.577391429767058     0.803198285305711     0.478219977613748
 200000051     0.647261610711638     0.051733809756934     0.497675770877227
 200000052     0.847973008557641     0.965444326072394     0.436800172924637
 200000053     0.906936999722483     0.691316751960001     0.010230264242700
 200000054     0.351666711211983     0.549459791818148     0.610173206343515
 200000055     0.123949393643888     0.460277827932992     0.242399705473765
 200000056     0.306794483045996     0.197503802955134     0.479232116827839
 200000057     0.656493490171526     0.574357288126035     1.133326807667539
 200000058     0.152278870117940     0.686019994943480     0.801050391350021
 200000059     0.742568274191016     0.313483722620729     0.433628672136933
 200000060     0.243630499561051     0.564157141674771     1.241811887732779
 200000061     0.132777772513072     0.056024916437347     0.432178013592802
 200000062     0.627623801561435     0.165874457777853     1.143611169224083
 200000063     0.196261847107658    -0.185397615972152    -0.287185638705289
 200000064     0.878565105165675     0.558053932481824     1.008809829038438
 200000065     0.944331885420123     0.568286183846674     1.119365826318058
 200000066     0.534045056517724     1.108306908326826     0.547678922758682
 200000067     0.587138210153461     0.672379504306764     0.949105894511106
 200000068     0.505653221345905     0.676708392292766     0.593304136697223
 200000069     0.541560418891435     0.808273871859699     0.926198990626606
 200000070     0.402953672457685     0.121456457036166     0.853433316803491
 200000071     0.098206675409262    -0.087308491441763     0.257692855695813
 200000072     0.733910292929292     0.367053586910397     0.058583823021755
 200000073     0.912452280743743     0.546646462871522     1.074870145534395
 200000074     0.400402052135076     0.430431925738964     0.328045809067978
 200000075     0.154486176648166     0.670543578508383     0.611277909181259
 200000076     0.072320875309219    -0.102360864382227     0.228037877134901
 200000077     0.245552483949517     0.589595721268181     0.651893982335279
 200000078     0.471056293523200     0.392032661940758    -0.247870738495414
 200000079     0.162642276942246     0.509582250416955     0.699914162949443
 200000080     0.595043914304497     0.288924036125415     0.244227292033205
 200000081     0.077399315618401    -0.077177619394789     0.238084963622322
 200000082     0.413718791409712     0.212393751419523     0.770513222764104
 200000083     0.297868156143429     0.167979035327575    -0.046552628406291
 200000084     0.603340211416575     1.185062600373142     0.948004393384454
 200000085     0.899038811747961     1.016606262536574    -0.182736943164834
 200000086     0.385950293127862     0.186778458118717    -0.020036019979290
 200000087     0.689116071305501     0.627603495408083     0.852997596114813
 200000088     0.153854403565615     0.643250261195837     0.750744526461143
 200000089     0.310506006141521     0.158482645265269     0.036883288396678
 200000090     0.283370050381022     0.256702165331636     1.093062573669538
 200000091     0.074995955930879    -0.100939618838963     0.259863705715499
 200000092     0.210521820562289    -0.092860083115016    -0.270121650865258
 200000093     0.939558002450858     1.022592586495498    -0.032126953723929
 200000094     0.098461219721305    -0.107336468457611     0.254552119597256
 200000095     0.585675080271264     0.722298432447576     0.952411088927470
 200000096     0.381398947584412     0.744627267664057     0.165862112940461
 200000097     0.398121724885615     0.182427624952873    -0.091119444711970
 200000098     0.724170022255048     0.625552717366813     0.201702459188048
 200000099     0.920694965257742     0.526159571234732     0.245032542493225
 200000100     0.328481259695738     0.137864108395251     0.817351535170884
 200000101     0.714979526853019     0.158161534001978     0.671254295872514
 200000102     0.782132005019746     1.017828619695051     0.630854225706749
 200000103     0.974270386682758     0.819688144582036     0.809629602490777
 200000104     0.323976403538391     0.627010350813072     0.802369883324923
 200000105     0.432614942258613     1.057384191510912    -0.282570504104502
 200000106     1.087507132421171     1.189392312102839    -0.108868483973597
 200000107     0.138286811542196     0.643930099632257     0.763150307788886
 200000108     0.745558054863885     0.337033239131049     0.785302452420872
 200000109     0.202999028138149     0.169444900572153    -0.084571669405667
 200000110     0.790501392762407     0.567407176929570     0.776186029982595
 200000111     0.065431791589334    -0.089518035381269     0.221060073679060
 200000112     0.704067988012395     0.245092605706712     0.891163485735233
 200000113     0.655516776970469     0.283573331916005     0.459385896770392
 200000114     0.427016596046893     0.086658217279553     0.888516155284743
 200000115     0.766589428665920     0.784393567962792     0.424546400995827
 200000116     0.046976418854260    -0.082090079501824     0.278636075918985
 200000117     0.854140577984495     0.903744151181664     0.824148276109418
 200000118    -0.050429938697906     0.879559772082696     0.109581794833283
 200000119     0.774302524576946    -0.100838677230375     1.196785785870550
 200000120    -0.052151322263490     0.416037010187946     0.465780776008711
 200000121     0.362343648365308     0.693734178638778     0.557103633660168
 200000122     0.684630788460619     0.261498021658616     0.782365701512441
 200000123     0.577641209798940     0.007737431240981     0.335985893172758
 200000124     0.309283194180849    -0.022968469806374     0.874785701131810
 200000125     0.582799277592644    -0.085128216677462     1.254997467476205
 200000126     0.541567234940070    -0.096952874417565     0.634048675921043
 200000127     0.132566414717906     0.663519814825904     0.758661891280512
 200000128     1.088471400149412     1.009696949420547    -0.025259438712120
 200000129     0.618795262976570     0.927843701810849     0.596733289392374
 200000130     0.633121805069476     0.429856818993207     0.535715244673593
 200000131     0.378792887699203     0.050881542743329    -0.021736452674147
 200000132     0.574052890561685     0.767393251283863     0.247655289207409
 200000133     0.017083550442077    -0.137736092451784     1.290703827263724
 200000134     0.536105123417673     0.540610040889217     0.203172091756506
 200000135     0.841167028841717     0.332330426692423     0.399122598281213
 200000136     0.949009759466596     0.223813730158910     0.350544893866486
 200000137     0.288286316049972    -0.061960983084143     0.105984671774240
 200000138    -0.001100360661163     1.063167833850553     0.403103469610012
 200000139     0.513035771898728     0.156132681714726     0.716555561369195
 200000140     0.951269844420950     0.309516385985718     0.315976387531830
 200000141     0.121211858205484     0.087731072758683     0.522860943740623
 200000142     0.310150375848631     0.825389039635867     0.524754300708760
 200000143     0.262745429230272    -0.182053154706386     0.573880075964061
 200000144     0.963288532410858     0.485622718225805     1.096973203416286
 200000145     0.590791082757183    -0.094307043117882     0.973661770606749
 200000146     0.358127392423016     0.220601770730948     0.659720527935508
 200000147     0.331212155672804     0.502515812110067     0.581450461716029
 200000148     0.334362874842824     0.110637464164615     0.018072600466656
 200000149     0.768900259108340     0.325286685859998     0.163661098126313
 200000150     1.044323407004359     0.355816384544052    -0.170585344219307
 200000151     0.671049866684189     0.012666793636291     1.233703321371491
 200000152     0.147574746545544     0.662774693376701     0.780290894327380
 200000153     0.568204747913215     0.428074469718923     1.172146137698359
 200000154     0.806987965533651     1.043910816266899     0.240160283616994
 200000155     0.422517843314681     1.016458914913794     0.874432669119833
 200000156     0.460412718661596     0.064651950026035     1.061278062439200
 200000157     0.292363122534941     0.614208453703595     0.090530169118760
 200000158     0.591840338015731     0.715918197848954     0.962954358599450
 200000159     0.124575273306416     0.653532594219650     0.773271269638568
 200000160     0.317599028302539     1.171938530945691     0.529528688755980
 200000161     0.434840076281449    -0.077431236010848    -0.273839187450118
 200000162     0.725417973727166     0.767472676382960     0.258828729136686
 200000163     1.092729702502543     0.271987642844770     0.453906119134672
 200000164     0.806110689548291     1.171886729430855     1.138208596232464
 200000165     0.254565764189251    -0.020280608889791     1.118689606753285
 200000166     0.919043519946291     1.110434184666058     0.098846929718826
 200000167     0.338146320991663     0.124117097653356     0.011706538424056
 200000168     0.743881222740709     0.346644554353909     0.936998197786938
 200000169     0.868888719036096     0.837996393549586     0.783167236676560
 200000170    -0.041302880027623     1.128316568772409     0.213300992003829
 200000171     0.767518060724810    -0.044637958811953     0.900464477086189
 200000172     0.281983122650155     0.121909008351955    -0.044757018258375
 200000173     0.982781071871576     0.495419118460430     1.068094166983489
 200000174     0.131294269372980     0.684465086317195     0.772917751355544
 200000175     0.185306404314441     1.000728835594022     0.763774170643213
 200000176     0.697824426081311     1.075798949776662     0.095767954605340
 200000177     0.301310350167072     0.955223912952463     1.196666430512481
 200000178     0.542011995577944    -0.120821113297246     0.402147562264826
 200000179     0.611426072192819     0.465060701596312     0.836490053005395
 200000180     0.123682923079178    -0.191284124489804     1.058171306957311
 200000181    -0.011007706335424     0.566629068574764     1.293287544881203
 200000182     1.010227865937877     0.751747435159012     0.598037247488521
 200000183     0.756913588782751     0.128462061117771     0.581399647764520
 200000184     0.225239099440272    -0.111121841649522     0.652807338057420
 200000185     0.331970656090597     0.473356784476749    -0.098066826206422
 200000186     0.142939848714447     0.645120545770009     0.802947724325173
 200000187     0.562493349706439     0.677968655642398     0.936805005861688
 200000188     0.145290721258421     0.656638741849476     0.784578328734417
 200000189     0.351850112008849     0.498877939141490     0.319162479010813
 200000190     0.328319528224223     0.758876312517134     0.967840340829573
 200000191     0.617851447841417     0.178199095526197     1.040939004859403
 200000192     0.734373072079790     0.768480193259242     0.375018775061013
 200000193     0.706890051861449     0.436226167149758     1.164793439038352
 200000194     0.560610441734960     0.682357028715117     0.274831480355795
 200000195     0.414814214454188     0.066223190184249     0.511498175864213
 200000196     0.093948234044855    -0.089825552893160     0.266639341641936
 200000197     0.754663516146648     0.111339504001629     0.759934697438958
 200000198     0.061807866950732    -0.074777020928573     0.237942259885750
 200000199     0.155463949019452     0.136858621516315     0.944690064413320
 200000200     0.708600978682374    -0.061243300780520     0.666452369997260
 200000201     0.702494156107109     0.256403168098028     1.129330380838129
 200000202     0.289807696764799     0.012121715121429     0.839843630652885
 200000203     0.182504583706303     0.677006218525399     1.213001893024138
 200000204     0.582489897375013     0.667618533791526     0.958930152846386
 200000205    -0.087245771082899    -0.120503682086163     0.024776985875036
 200000206     0.448046433847339     0.151028588122213     0.906084724439193
 200000207     0.556936168690072     0.536404484047502     0.628777019437386
 200000208     0.293273853580364     0.810647006839581     0.034118008967650
 200000209     0.179169813167712     0.734139612789134     0.360780709339731
 200000210     0.715543001337208     0.181243957580356     0.438946046218440
 200000211     0.042551599882700    -0.096938861479069     0.235351051299921
 200000212     0.686494272810824     0.738422835702304     1.284156300669580
 200000213     0.824510762806363     0.343127134319212     0.977547579054681
 200000214     0.082239283814480    -0.087387976027916     0.272922060791788
 200000215     0.884260812511085     0.975750337697074     0.177758478340671
 200000216     0.798436489537606     0.257080961129199     1.166722024353782
 200000217     0.100201796780008    -0.087380433894462     0.250109087772414
 200000218     0.043637360171422     0.219293597475609     0.398536749615706
 200000219     0.751475342372758     0.328709608662596     1.059336422134184
 200000220     0.917233337246426     0.998474113814205     0.600731261603313
 200000221     0.155722974233353     0.685012308967482     0.770096215363497
 200000222     0.632097605770960     0.341079532496806     0.874382591290999
 200000223    -0.063890576745670     1.048862687365821     1.105629974927067
 200000224     0.062049978517766     0.715784950705388    -0.009149995862196
 200000225     0.737085426652593     0.567081598388050     0.494657531735500
 200000226     0.299012055402567     0.708695180131055     0.790884198609712
 200000227     0.523788134523943     1.095143401472658     0.639165239506194
 200000228     0.399703084069459     0.188103113307250     1.069804749727060
 200000229     0.328753556971444     0.037771547367157     0.757456235357650
 200000230     0.818453386251728     0.488544279398838     0.548272167970265
 200000231     0.777901488617195     0.060681654993821     0.903223524892439
 200000232     0.334883786033342     0.213607219310978    -0.087455205289171
 200000233     0.990629258426801     0.307609379792873     0.190752731349451
 200000234     0.066503594450552    -0.107139659950389     0.251045028311632
 200000235     0.924458353854012     0.232341974286427     0.261309343519047
 200000236     0.850649023740071     0.820301661322937     0.339829334902093
 200000237     0.655854932558250     0.854178724304064     0.541295054805751
 200000238     0.067784433595365    -0.105433313624834     0.263155089131099
 200000239     0.817172471598290     0.485075419757376     0.073777622931868
 200000240     0.050322061407995    -0.114311635261520     0.260430045098261
 200000241     0.422143356502815     0.890787835494383     0.255179316500888
 200000242     0.370764732900321     0.899496134317461     0.364930053284899
 200000243     0.648594421571310     0.284758195292393     1.161675433076914
 200000244     0.268751160570572     0.796757775094882     0.999048723363111
 200000245     1.069863779490014     0.823093382379531     0.721920512723544
 200000246     0.376195051939313     1.050522946431834     0.276809594795808
 200000247     0.805426862488179     0.680777926534051     0.226073914087879
 200000248     0.363213063011972     0.138280182210517     0.712446327168863
 200000249     0.498212657128743     0.230403147844884    -0.095942646893892
 200000250     0.746167951546405     0.246302449189365     1.083816755529418
 200000251     0.765148380606191     0.274464196629087     0.526832030633683
 200000252     0.598562541827052     0.691145218706269     0.693863374179702
 200000253     0.417274316799953     0.504186582033427    -0.011696985875831
 200000254     0.865832513299439     0.318562828006792     1.215635149894019
 200000255     0.591086495689509     0.516361879637265     0.561835519114784
 200000256     1.087164877329066     1.163874472286154     0.944072389153312
 200000257     0.365533567387261     0.224265192445995    -0.075075463719325
 200000258     0.675588499581907     0.577506890517860     1.054460189555687
 200000259     0.637833090804686     0.197611083582525     0.193237115887092
 200000260     0.206848767622633     0.244547762892257     0.791559526034274
 200000261     0.561349221717901     0.712841358639059     0.929796898672908
 200000262     0.086213922298711     0.585657611354987     0.681521104296889
 200000263     0.073852396526038     0.831359971842069    -0.016446017472759
 200000264    -0.012815222962928     0.518008491569187     1.037788301283373
 200000265     0.560750892393737     0.707047717788684     0.973953668250384
 200000266     0.887574418966894     0.139873479961238     1.170056001448949
 200000267     0.118477503236256     0.662692142200273     0.781406498500208
 200000268     0.754618904150621     0.283304188022770     1.172849160298020
 200000269     0.841497003070924     0.371329729137173     0.444603468143873
 200000270     0.487474264247481     0.772957785065965    -0.250494458559955
 200000271     0.818014013496716     0.120968907438355     0.391048632495621
 200000272     0.504965542723868     1.051767378991181     0.827234893605803
 200000273     0.890328376360147     0.202218346052643     0.337773018106026
 200000274     0.774802387946170     1.051089299529315     0.908331656697134
 200000275     0.464565143420508     0.125927649855559     0.949789868174349
 200000276     0.223670592550772     0.280007502099502     0.561597544636320
 200000277     0.163542268991051     0.662893628221591     0.796468689462919
 200000278     0.739086280492078     0.400179594305269     0.226173711296019
 200000279     0.627849833142873     0.776956608899436     0.151758136099613
 200000280     0.051545511641704    -0.106568381180965     0.240536134838555
 200000281    -0.054167195401871     0.306027835420851     0.796445524982498
 200000282     0.579110673971075     0.682373750625642     0.990143703924467
 200000283     0.755797626791564     0.509480304893299     0.510454545187342
 200000284     0.714014321466937     0.110328670864069     1.010067309990924
 200000285     0.724288599687128     0.552586177929733    -0.130772626700427
 200000286     0.658445742557917     0.682567191347900     0.987399264582970
 200000287     0.229619310235494    -0.007272639677220     0.874942953319847
 200000288     0.549189115732993     0.191576254788952     0.988889289062832
 200000289     0.000537512925874    -0.191140715022868     0.977630170338962
 200000290     0.336451487596895     0.277037396990641     0.007242265940915
 200000291     0.639591342296971     0.442511927780420     0.559494139237649
 200000292     0.182315263462400     0.096573042387183     0.540733164766414
 200000293     0.075992314001905    -0.102573430762569     0.223925090943200
 200000294     1.084193013286388     0.646344734882123    -0.125168791267793
 200000295    -0.020497443655660     1.195380188649737     0.419040968668001
 200000296     0.768798534035720     0.335463156160403     0.484705054285838
 200000297     0.487030757576668     0.444186989945506     0.176943459148255
 200000298     0.073127696530697    -0.080541577840573     0.280284068878501
 200000299     0.750390951735273     0.465423154640905     1.213717079031666
 200000300     0.776258628071786     0.462982980720343     0.806195530593621
 200000301     0.385037303357496     0.093693052944054     0.035701283890682
 200000302     0.931934174863932     1.041114306182436     0.544972245107934
 200000303     0.678749124951960     0.526419253192081     0.423235444091230
 200000304     0.084459262787299    -0.064125607117461     0.240915275248441
 200000305     0.447903329604745     0.642480377560980     1.088387950514656
 200000306     0.258385478310921     0.097364453541927     0.857652131126595
 200000307     0.655721286936974     0.640420770168001     0.044489982508337
 200000308     0.056362275542253    -0.087323189354706     0.270438902231416
 200000309     0.520090965397956    -0.025364291565375     0.962945087298457
 200000310     0.607635084278071     0.106954800091566     0.702486384656744
 200000311     0.689819656356770     0.191077094585152     1.258061975930229
 200000312     0.347840361752051     0.150029922704604     0.948163900909196
 200000313     0.176823179774805     0.148199996053873     0.799927825596680
 200000314     0.080552665723113     0.932742304971756     0.404340090336059
 200000315     0.464424371107613     0.641301623741707     0.170556618927452
 200000316     0.342327256691910    -0.012854463996812     0.575752574688870
 200000317     0.157816457748002     1.066582335077567    -0.187758363529475
 200000318     0.618891971052161     0.676311992616692     0.962339799946749
 200000319     0.055507017820515    -0.077964771143742     0.217350777577625
 200000320     0.329681445849283     0.011054446488953     1.065165941763334
 200000321     0.227890271841716    -0.130582355408719     1.089920282029638
 200000322     0.959991691403503     0.401664616790407     0.112395622328985
 200000323     0.079608753757997    -0.125988847812053     0.268862809358150
 200000324     0.939243274395411     0.532506507570115     1.019276735961378
 200000325     0.160952590503865     0.663794137856345     0.859425794208018
 200000326     0.253749082675047     0.241616059082767     0.737960996179716
 200000327     0.256452144290900     0.726812451299911     0.369119921036614
 200000328     0.751017794723042     0.627714368507504     1.186556342591343
 200000329     1.010992628274020     0.609084389847634     1.057322478687006
 200000330     0.420315950272553     0.422918648039218     0.820874438571962
 200000331    -0.040889103308601     1.053352509199621    -0.088317859197257
 200000332     0.343971560261098     0.916224433823049     0.090277164076373
 200000333     0.405049880349881     0.109644634033072     1.083972561393651
 200000334     0.096328545456175    -0.184471118498991     1.257168951978481
 200000335     0.099175986505829    -0.098445856051955     0.227191423420846
 200000336     0.165127861831633     0.132010186241607     0.564428943068430
 200000337     0.917038019584560     0.635657509336105     0.082694829866903
 200000338     0.828415983721601     0.811273594112043    -0.100603434330700
 200000339     0.177702947186256     0.916927426244626     1.277323269537810
 200000340     0.563600977519599     0.433470447326026     1.020834031622502
 200000341     0.746023132543209     0.762775323653122     0.452309004937523
 200000342     0.137852100899488    -0.001223864967442     0.917994520109416
 200000343     0.638955380114628     0.682199847934899     0.350360980270590
 200000344     0.147580956730840     0.675733447982286     0.812215016398864
 200000345     0.915707055397130     0.583517512139112     1.041780671647463
 200000346     0.916862536927401     0.285328872855657     0.250532682713609
 200000347     0.021195877964433     0.001695377630872     1.041415139952939
 200000348     0.507438389179769     0.528045854418242    -0.193817041486080
 200000349     0.615469011576435    -0.087243219664188     0.582146585410021
 200000350     0.136863557152261     0.650937682386871     0.817124659272965
 200000351     0.053124843635819    -0.102089050471726     0.224273781729669
 200000352     0.351271041390559     0.141190748193750    -0.106240988644933
 200000353     0.273845058409976     0.097076033211661    -0.029844533660938
 200000354     0.948178876286043     0.552603840208080     1.034160679341097
 200000355     0.808778906772524     0.140756449933641     0.104398412577893
 200000356     0.578022080640131     0.677583534487526     0.956236371895426
 200000357     0.649185296771946     0.297372475818750     0.463406218274495
 200000358     0.752654896352328    -0.123739534568815     0.960787882656206
 200000359     0.378552122785635     0.097102870676224     1.035670518658461
 200000360     0.019895037159191     1.012655322298611     0.525557578676992
 200000361     0.730412606621872     0.651017617786864     0.435832234760746
 200000362     0.386636145486109    -0.077394218251034     0.223025622085462
 200000363     0.434232697100167     0.173266860254647     0.950626659878501
 200000364     0.591226499408846     0.709538008399491     0.938251214797058
 200000365     0.737561971832142    -0.166743561913796     0.599352433737649
 200000366     0.952374555107712     0.531242838330244     1.020713174558160
 200000367     0.396336212328916     0.147991387974964     1.054403705548565
 200000368     0.918341278100819     0.592729754451365     0.838900023222611
 200000369     0.446232373687654     0.032126716039491     0.620136625356980
 200000370     0.101905468254662     0.583502168275657     0.377921048373921
 200000371     0.132857812572865     0.643422914100467     0.765253348736216
 200000372     0.652368311426004     1.050308963975118     0.493921568559146
 200000373     0.113778259408174    -0.053030599287819     0.314278947018579
 200000374     0.641709845144101     0.084931314173162     1.007869879599008
 200000375     0.891276832858603     0.220816140840982     0.584457480242434
 200000376     0.714606865418423     0.689735607059740     0.361404883887782
 200000377     0.589334642103679     0.449957239544774     0.251027662210650
 200000378     0.879641742464840     0.570877598027620     0.512819580237597
 200000379     1.012379945860310     1.101554864632677     0.272064234851871
 200000380     0.276229284234310     0.024264048027348     0.659022237446636
 200000381     0.481432694369560     0.631682480615340     0.861546404836696
 200000382     0.421256960240089     0.262451734651999    -0.138542560385950
 200000383     0.407448617940694    -0.091778940084139     0.788776791437127
 200000384     0.390187164964534     0.284478008069737     1.007115897854217
 200000385     0.122921284208440     0.638664705649832     0.769281750641411
 200000386     0.311023305617286     1.183919412238963     0.634563023506212
 200000387     0.708175953654625     0.505086179166795     0.124725256644997
 200000388     0.479710687177533     0.516423417868770     0.451922646482123
 200000389     0.281196846614666     0.026087692994161     0.512855032288814
 200000390     1.011301588966028     0.838886496132881     0.779684182374965
 200000391     0.809321538022406     1.100071264940617     1.076677220586214
 200000392     1.000744350041941     0.484204505760095     1.065109532392298
 200000393     0.939991563033710     0.510704271526355     1.024757321526763
 200000394     0.754652893680374     0.390927334177853    -0.137206792737847
 200000395     0.610873703349041    -0.086920725448740     0.346470380929101
 200000396     0.573663310455415     0.715845088869537     0.937644245342329
 200000397     0.309894150802705     0.152088870550369    -0.036723295017502
 200000398     0.090332577044933    -0.069496432604558     0.239443105862724
 200000399     0.228466606602272     0.566162363873202     1.027001015079418
 200000400     0.751586009836521     0.510419052485017    -0.284633473325733
 200000401     0.406392079791665     0.154584143187147    -0.108873208167246
 200000402     0.631715727046829     0.450335650979805     0.453818005951861
 200000403     0.918914427053762    -0.058428518205171     0.504445422140827
 200000404     0.530934949091526     0.364735692960454     0.661558331278882
 200000405    -0.083904527995857     0.926259356779349    -0.103592730262437
 200000406     0.677559801768315     0.572584087722504     0.170084766416960
 200000407     0.882708760409998     1.100554820017443    -0.066928794503534
 200000408     0.304225098603060    -0.131770376339909     0.576975392509630
 200000409     0.334197418817780     0.089419392917524     1.017764347027047
 200000410     0.135054682483174     0.655822667258247     0.765182507968654
 200000411     0.601018692251632     0.711809318860844     1.005645980398931
 200000412     0.080792594277189    -0.109424171236621     0.252191693511797
 200000413     0.157006330004710     0.657815989073420     0.756853400249061
 200000414     0.968467090777084     0.553563591391896     1.047602496071422
 200000415     0.965562601877738     1.088587294324670    -0.202184105771983
 200000416     0.654083094946897     0.682085555620282     0.849677381791588
 200000417     0.780799702722484     0.191608106272835     0.504227114864513
 200000418     0.314866458426941     0.631673865174846     1.164011166972239
 200000419     0.768262017036716     0.396244188305204     0.386729354393031
 200000420     0.657631726710316     1.046464796009967     1.033354415804380
 200000421     0.398258291356091     0.183910638093333     1.075356140177175
 200000422     0.142674674608701     0.644864182596171     0.790206172738906
 200000423     0.548222996951537     0.604055969156731     0.536396151779205
 200000424     0.970697810699026     0.463863187190875     0.340416572707115
 200000425     0.731382832414671    -0.140963163373193     0.587638567330040
 200000426     0.289717129372615     0.050376531998540    -0.182958015269699
 200000427     1.017240038513017     0.452161632314797     0.339138685115997
 200000428     0.307483232404141     0.963226572631067     0.002838412496473
 200000429     0.254832712537389     0.807942261028161     1.225749890480400
 200000430     0.949489932551425     0.978077521092838     0.396907192382763
 200000431     1.069783186875465     0.855916614705490     0.348759941159525
 200000432     0.073898286562645    -0.074055458316774     0.261595359566896
 200000433     0.808194159840931     0.011277595032811     0.802973390199125
 200000434     0.323413801780382     0.390143434915665     1.044190406146059
 200000435     0.863064610231273     0.480490207831982    -0.257957696131970
 200000436     0.813342351492318     0.787014362366327    -0.031834848386925
 200000437     0.929966766444290     0.516304925475372     0.636689760164458
 200000438     0.030707718271566    -0.156176830976154     0.573110585530631
 200000439     0.781483100003584     0.850087944943485     0.842602090030557
 200000440     0.468402724592067     1.178674230551523    -0.026908088511638
 200000441     0.908018372631053     0.470597601015081     1.211788072134862
 200000442     0.069409704624515     0.686378306360638     0.791283318682241
 200000443     0.953264573284430     0.490562734384180     1.060638192445863
 200000444     0.611283827584088     0.032382308884405     0.768359675629513
 200000445     0.110394105092070     0.624149898846161    -0.023485002317389
 200000446     0.835911093927098     0.595261837493411     1.240903632845947
 200000447     0.675783162273005     0.022842884669327     0.071743028706348
 200000448     0.549813062499811     0.651742163053732     0.615387555505732
 200000449     0.139252966108054     0.682245703475394     0.817555433494876
 200000450     0.683238022217817     0.762130310420705     0.472539086634118
 200000451     0.171730378618833     1.065833340608973     1.096080656855100
 200000452     0.972607043317531     0.578513584062407     1.039695159389010
 200000453     0.236655024046928     0.121338404837269     0.549905550409506
 200000454     0.084851224741912     1.115409120278527    -0.047303445988936
 200000455     0.293144012582026     0.587030648900398     1.224036189357684
 200000456     0.423982514255344     1.058343789668447     1.278923976707279
 200000457     0.673375860952769     0.406046848470690     1.034924466962435
 200000458     0.218734273631127     1.146137882582537     1.230257465244311
 200000459     0.123036041810708     0.635032792521162     0.779645236494583
 200000460     0.685708179395500     0.634058395189170     0.411135113473466
 200000461     1.054108566527481     1.058608793674388     0.263257742510267
 200000462     0.758927888968382     0.816182117772563     0.048827628512147
 200000463     0.067759987426996     0.316417034107782     0.804256455393961
 200000464     0.459199678144154     0.162958253804213     1.103366973550408
 200000465     0.980633154172277     0.889108718202637     0.281561545968959
 200000466     1.076710640016110    -0.055962661814021     0.515136458263932
 200000467     1.082766029456842     0.345537138876334     0.623206725339736
 200000468     0.205246473529491    -0.070495272843893     1.099139828404218
 200000469     0.498207167058163     0.796141243010390     0.698667847054136
 200000470     0.263352300902767     0.116302890758409     0.005202704613313
 200000471     0.710729267907910     0.160086102926266     1.054193786144093
 200000472     0.126406455540334     0.647486508282306     0.767365916083749
 200000473     0.169004204746346     0.401213758101197     0.480805015720344
 200000474     0.560711135643195    -0.172650885339777     0.790686679210758
 200000475     0.658556930894195     0.661438267684616     0.420280147185443
 200000476     0.645111084237988     0.693353368365869     0.960769080824460
 200000477     0.448338926596165     0.324787261759277    -0.135177970473995
 200000478     0.584351490465728    -0.055605614270207     0.233719934123970
 200000479     0.170390780475329     1.041976849063928     0.100256568282004
 200000480     0.056868074205472    -0.082198018365653     0.247133851132478
 200000481     0.417296467563305     0.132694695667343     0.021971771183325
 200000482     0.599088984403386     0.722473276436977     0.936193990494098
 200000483     1.058083537860448     0.376029452766621     0.576885863044253
 200000484     0.677892079449675     0.312479543423648     0.470192956777542
 200000485     0.906805251056100     0.337696368383999     0.061720260692965
 200000486     0.944014621319165     0.407322867106088     0.044643452552190
 200000487     0.333809211237359     1.039673892391934    -0.156709677727451
 200000488     0.015389364493203     0.601263236598931     0.148833504600640
 200000489     0.360412441360896     0.209439469973508     0.195660201037904
 200000490     0.575999470384321     0.051435669567158     0.086286567902284
 200000491     0.056438743070662    -0.105094862435155     0.250983665733101
 200000492     0.995638045014643     1.154917210254877     0.900377654904575
 200000493     0.932086532701635     1.168657378324570     0.845027666744077
 200000494     0.732085705265686     0.208399891982729     0.895020210317953
 200000495     1.003848148441328     1.138671044619757     0.062951273417931
 200000496     0.436695640864494     0.640337917501766     0.039307582406699
 200000497     0.596990991962833     0.698903987246930     0.928688220242775
 200000498     0.289155160406148     0.406264597240366     0.119208396542194
 200000499     0.592629743120825     0.364440908137711     0.548826170113903
 200000500     0.758113517107779     0.148589672679549     0.891542974292760
 200000501     0.056127387413351     0.995428832508718    -0.199554250941587
 200000502     0.694018586665413     0.475976732949297     0.582728855837151
 200000503     0.062619044171077    -0.080784188522254     0.262594454695142
 200000504    -0.060826740866149     0.621698464996001     0.975119500839074
 200000505     0.151478433097764     0.125733146931303     1.258759980598779
 200000506     0.974548048368664     0.549114646957018     1.086755441248440
 200000507     0.692309716470751     0.353197647183465     0.544061613209108
 200000508     0.930317853191197     0.926760243941698     0.425121103283923
 200000509     1.030991483742214     0.703757611617635     1.084826879529714
 200000510     0.075356023778521    -0.102699763495691     0.257027148562873
 200000511     0.539689635757257     0.715751355520424     0.957487984216727
 200000512     0.078633739428326    -0.104893252256680     0.246966267149037
 200000513     1.043167003094871     0.390509496603421     0.617412411754612
 200000514     0.922476331286224     0.658844141767972     1.191593878698149
 200000515     0.971049761174535     0.352070402597307     1.141799872567737
 200000516     0.503799074286399     0.016136120250804     1.008094835362193
 200000517     0.843971544469493     0.565393610817759    -0.085551828905334
 200000518     0.259994597257003     0.200923627596011     0.255655994462118
 200000519     0.957659308229317     1.182420106720180     0.446783722785839
 200000520    -0.029394404647997     0.793395381029436    -0.053181674480181
 200000521     0.062398948024703    -0.106862198849414     0.241722136448021
 200000522     0.120030778635872     0.633818635551637     0.765555416060864
 200000523     0.438236268841139    -0.110196518390819     1.168438701509440
 200000524     0.653789574397348     0.991342628762438     1.059467097733300
 200000525     0.888725907254043     0.919579109755959     1.052036817574172
 200000526     0.691708569845590     0.162698331106801     1.066310560908184
 200000527     0.680116157864438     0.212891269191134     0.494624103490176
 200000528     0.568593547651084     0.644932556827983     0.989365986357214
 200000529     0.503469120777591     0.587027447281033     0.510222595174408
 200000530     0.861576059747804     1.195790936148654     0.023584222914998
 200000531     0.251727058961578     0.550549928999009     0.263597855328944
 200000532     0.041931642147819     0.960632421633244     0.280314839214519
 200000533     0.918668609433817     0.103457227831950    -0.067947458055196
 200000534     0.575581030427463     0.829081906507767     0.859843680609422
 200000535     0.468838617396506    -0.003322421020422     1.013698572097303
 200000536     0.248911674972637     0.112256270603082     0.083346612550788
 200000537     0.679938830305800     0.343193010399726     0.259114862726373
 200000538     0.512711972586421     0.439386339281067     0.965365008625871
 200000539     0.850974666373990     0.243141912519912     0.985260436291734
 200000540     0.577139795427249     0.153985803557831     0.946812399153820
 200000541     0.567521187863158     0.011169235786972     0.766962607727873
 200000542     1.093407299939330     0.966760821883570     0.429225201213613
 200000543     0.906012551615076     0.800649256633029     1.024540195462466
 200000544     0.966137348481212     0.575244054336984     1.068054225223375
 200000545     0.326435596409721    -0.044564242853367     0.616076981421071
 200000546     0.874671542849799     0.453312499058284    -0.085043219488907
 200000547     0.257233527449481     0.125990269274563     0.026073633500131
 200000548    -0.041910811974949     1.054461473867267     1.039240455474292
 200000549     0.579877037149793     0.734994064666030     0.948527740741861
 200000550     0.471406685325919     0.169452875963152     0.893670933472772
 200000551     0.394202654438757     0.111988830284455     0.715635602066421
 200000552     0.231765579387391     0.213715543514541     0.319587873261113
 200000553     0.332868736775194     0.171736824751053    -0.064577913720267
 200000554     0.932869321158407     0.518873306066279     1.066052493690167
 200000555     0.832016314609227     1.092191224494946     0.250686467386773
 200000556     0.581742274400974    -0.157129397951439     0.971438330662628
 200000557     0.631453480761887     0.792037087596676     0.830921770585054
 200000558     0.071814819124629    -0.081349372954147     0.237416666804574
 200000559     1.023596501222245     1.058115596065108    -0.194636343303326
 200000560     0.663542851397720     0.259588666163886    -0.032592647693455
 200000561     0.970461132030279     0.099186867954668     1.295279320036637
 200000562     0.531934447944526     0.341749005253767     0.442686613776097
 200000563     0.663522374829054     0.279565542851297     0.184904717203156
 200000564     0.721363730175844     0.357139080810845     0.877244540804792
 200000565     0.288240171302491     0.117452509666217    -0.102384633006188
 200000566     0.382477045832309     0.183392883405025    -0.139266411120748
 200000567     0.594980183981998     0.700692070748548     0.933157958613034
 200000568     0.579209104251841     0.695216663266782     0.939853586646846
 200000569     0.775647433976321     0.083348331556266     1.022459863103776
 200000570    -0.041896792543099    -0.147475421921140     0.497472022936546
 200000571     0.796129828100392     0.153853844630535     0.528470403510660
 200000572     0.867830126275200     0.158707296068610     0.360244907829732
 200000573     0.067883777790966    -0.086695175652549     0.232148508364210
 200000574     0.843405580462561    -0.062843678094438     1.067362523971259
 200000575     0.499297617973538     0.998457531143968     0.448641469799540
 200000576     0.691427031107898     0.981464027226370     0.125755554155512
 200000577     0.563395310897595     0.075714384019611     0.643563216986912
 200000578     0.460654157863384     0.751414998891877     0.616589974504558
 200000579     0.578798470707085     0.708192027225364     0.941513649999488
 200000580     0.443638166075994     0.267783621120686     1.210372894355421
 200000581     0.616544313822598     0.311495786845764     0.568276145421586
 200000582     0.105796872237116     0.915119306914736     0.028822085265079
 200000583     0.354823597454603     0.675561671141903     0.231101664765944
 200000584     1.068711610954545     0.979586180736875    -0.101922172549288
 200000585     0.754103186889966     0.394602139895045     0.470539105598126
 200000586     0.847067320673191     0.492429485748986     0.322040287450091
 200000587     0.079871644280768     0.737904841617719     0.269218192978015
 200000588     1.064044544306439     1.161964474232639     0.044579687270196
 200000589     0.005709303751850     0.738165558951860    -0.267768151789061
 200000590     0.380224438765841     0.083911991610475    -0.013837108319964
 200000591     0.858115043198816     0.850134430608014    -0.110990144323692
 200000592     0.443859047585425     0.891779619971087     0.343509824167797
 200000593     0.985218311435678     0.427733230264655     1.049911675919226
 200000594     0.442666089123015     0.075255252482816     0.612163823495527
 200000595     0.027346348546005     0.885995537735672     1.028611883832665
 200000596     0.934534233037730     0.513890428977206     1.010663684260596
 200000597     0.485160488605426     1.122572036902502     0.284766789329930
 200000598     0.641892195064174     0.671876001830538     0.517326666443753
 200000599    -0.072645074574400     0.909281373664581     0.734934665466327
 200000600     0.785935572495064    -0.054211055024759    -0.132487297588606
 200000601     0.084126843054811    -0.110042950982948     0.237371268381536
 200000602     1.073955168690738     0.502649793847064     0.818758467333919
 200000603     0.332624677055619     0.144750492955156    -0.027913571426189
 200000604     0.226650642295993     0.427272288542732     0.810971054151527
 200000605     0.083806967619254    -0.108437361994695     0.266723749576124
 200000606     0.689648740607788     1.146593509768005     0.645727158078291
 200000607     0.514031822149618     0.064388155716670     0.830887179283479
 200000608     0.273750265693547     0.083945254287620     0.595414610375293
 200000609     0.898798464374046     1.152171536482328    -0.294245461637689
 200000610     0.129685446373944     0.667835271425794     0.751102452632613
 200000611     0.937702107649696     0.429139514045211     0.377652472016817
 200000612     0.114360597010160     0.806072660503708     0.195758038496914
 200000613     1.011171032200178     0.539437157304376     1.061100556968722
 200000614     0.469540675398575    -0.069192173803812     1.159531495122043
 200000615     1.060927014679108     1.059857617623050     0.429492612338930
 200000616     0.576773055696493     0.703010255565305     0.951753397221415
 200000617     1.075887961242151     0.974028842003395     0.112748677236243
 200000618     0.309688762795405     0.474297531737838     0.251222950472067
 200000619     0.709841403756534     0.858308704733196     0.178662758934035
 200000620     0.633630318249243     0.354543714224816     1.109814211414899
 200000621    -0.000194027133916     0.273805063907793     0.183316266224057
 200000622     0.840252628187042     0.493241960083212     0.310987648600198
 200000623     0.993336835678089     0.232233551676397     0.196975397871713
 200000624     0.536907003046587     0.227820752221887     0.757160148413681
 200000625     0.274786038291453     0.951103972238009    -0.144466306610110
 200000626     1.047341766561067     0.558880139693156     1.066488956535015
 200000627     0.854237512191869     0.547761089446294     1.077271620976069
 200000628     0.655795888605879     0.091070099654920     0.957529973509634
 200000629     0.353156398415040     0.271890541504891     0.864426253501971
 200000630     1.052230397589285    -0.182089788717924     0.296020825900934
 200000631     0.613637338689873     0.702826679196734     0.937155804454978
 200000632     0.640360145351790     0.617585944285435     0.721112693715132
 200000633     0.376090297678856     1.086739252317570     0.417764817198228
 200000634     0.282346176042137     0.136412364215170     0.882583013543981
 200000635     0.887357838369822     0.466413092710804     1.056738703540002
 200000636     0.830248977442447     0.428257731457206     0.469453272560478
 200000637     0.790268077667641     1.083108804494813    -0.294191340963350
 200000638     0.698499362870694     0.279546461719669     0.323419546954623
 200000639    -0.090471120630261     0.065081945518934    -0.074078077155513
 200000640     0.210518466685231     0.318249815707224     0.880717726632473
 200000641     0.368353087015300     0.045872527030160     0.565600247028959
 200000642     0.647575097908028     1.012575908667966    -0.093759359998714
 200000643     0.427747329318437     0.178622353218566     0.975806235721761
 200000644     0.937181924330336     0.506573892206780     1.038845551573973
 200000645     0.113738687973060     0.675990803913521     0.765606575269041
 200000646     0.640339952321514     0.223707539252944     0.948219876609197
 200000647     0.931746641949309    -0.151721063459111     0.935735933653147
 200000648     0.200517252717420     0.789909441959360     0.244450148555053
 200000649     0.326817889962869     0.103969803741495     0.013139030487205
 200000650     0.791525570507528     0.760643326207376     0.966287582795449
 200000651     0.375874558175028    -0.055979775705424     0.812476874309231
 200000652     0.640714363706453     0.457798008156978     1.041913825914229
 200000653     0.061257448902643     0.417766110610108    -0.043893393700199
 200000654     0.056767306360090    -0.101327522413459     0.241589531201071
 200000655     0.376680432578636     0.051247480674368    -0.085396791660169
 200000656     0.569998694910710    -0.108835020763796     1.158830487707355
 200000657     1.042244494347318     0.349789101032500     0.207430686858727
 200000658     0.598540164044402     0.684481281776105     0.994000133026187
 200000659     0.606380474114454     0.673524740208297     0.981511853450930
 200000660     0.267416106709591     0.186036450743917     0.397901366636497
 200000661     0.632794552045690     0.117813095605682     0.429366869002199
 200000662     0.235613789533645    -0.053997632379840     0.480568820418100
 200000663     0.168769082959814     0.659957613437281     0.776310204973486
 200000664     0.176771391434043     0.119822808867176     0.705377167520309
 200000665     0.715420728507793    -0.077612716071328     0.654874629159648
 200000666     0.300050301184081     1.008809674789035     0.396081821545966
 200000667     0.897813377781103     0.261399774862458     0.417423971171369
 200000668     0.613686039051171     0.970468510348374     0.596052844662637
 200000669    -0.061114707917336     0.670781597596741     0.778694777082028
 200000670     0.703287136277462     0.412264830775448     0.437705931891550
 200000671     0.146742666727183     0.650950197176103     0.802610872015372
 200000672     0.068864274674467    -0.104042975664569     0.247051295348358
 200000673     0.264161589107210     0.223001369662104    -0.075770916010832
 200000674     0.760528112390483    -0.183933969569861     0.571259299201246
 200000675    -0.019944766468408     0.983863278653950    -0.159419844742411
 200000676     0.181441967957819     0.365301111334854     1.099697107267711
 200000677     0.729544557753214     0.990301427345369     0.115134942306506
 200000678     0.600818138027004     0.880425968785978     0.857929844275131
 200000679     0.495909551465356    -0.059113069224536     0.734839617456876
 200000680     0.498636919564681     0.703836886637800     0.506967765426006
 200000681     0.797305698452823     0.467129739342886     0.585402311617416
 200000682     0.376464502607469     0.196513941609305     0.959916932201223
 200000683     0.387025996440874     0.253754985142058     1.123133760778828
 200000684     0.423897443269280     0.224949240198009     0.955987449499380
 200000685     0.109329333996137     0.386555267187897    -0.288705886628143
 200000686     0.202024801688502    -0.194216117212374     0.788511166739436
 200000687     0.409358784967181     1.084657880218147     0.106229727100663
 200000688     0.181591448741761    -0.132433816114676    -0.031301294009681
 200000689     0.210427323690639     1.043878149830213     0.756438191549419
 200000690     0.392811808117915     0.947937397115040     0.513266711033557
 200000691     0.917554529596636     0.573314141321341     1.056557323157499
 200000692    -0.020835891756828     0.488723329403298    -0.194620513450968
 200000693     0.331024838763239     0.008764307252341     0.959197229449037
 200000694     0.478739276762631     0.314619095243945     0.833159215836839
 200000695     0.143083389640767     0.640831406461737     0.781468024358567
 200000696     0.369464932254173     0.255533647235982     0.589501804087645
 200000697     0.025478729846487     1.066953815190615     1.009931103289286
 200000698     0.831253556694408     1.086108383510339     0.180844633978488
 200000699     0.631509730103001     1.099393673032879     0.577552297697589
 200000700     0.737133946037828     0.566248489981353    -0.215513206073566
 200000701     0.085365673245959    -0.090299050227502     0.260508530872076
 200000702     0.500392024553803     0.663319705331881     0.612946883964488
 200000703     0.587838570822433     0.725054640283009     0.956932979451214
 200000704     0.983952679269224     0.490732552270305     1.012595906647106
 200000705     1.049100115799117     1.189229130449900     0.000057219842073
 200000706     0.646856351151363     1.136919246208624     0.135188509449876
 200000707     0.527294026479639     0.349753715137859     1.168613946731295
 200000708     0.063391302942501    -0.113392105388969     0.276212426555913
 200000709    -0.087341939419299    -0.184641249987045     0.893006678279903
 200000710     0.096484052194024     1.096596419241909     0.622827169303947
 200000711     0.351965585975594     0.056727082442340     0.968452460610208
 200000712     0.537254196602874     0.694498246482718     0.979940754559323
 200000713     0.153487393794774     0.609617245622087     0.810716742164809
 200000714     0.135511372740584     0.619164024933732     0.792156019123784
 200000715     0.786001085116073    -0.086881232534662     0.627399448343680
 200000716     0.130797561065902     0.651691667734002     0.798367183054064
 200000717     0.945614740056041     0.099281724634023     0.669576771487808
 200000718     0.597018756595744     0.440810465805308     0.949235158600003
 200000719     0.282720812233872     0.243767148913767     1.090976199339048
 200000720     0.583957823729439     0.222206665891023     0.814246275500836
 200000721     0.758456208432860     0.759829133095938     0.559908491599603
 200000722     0.384141500990781    -0.139059003820176     0.575089711882299
 200000723     0.788552296935356     0.137646877563290     0.302068125605997
 200000724     0.694754480103971     0.371258049260627     0.479459663803798
 200000725    -0.052899401059933     0.733039087953295     0.449727545283055
 200000726     0.169591203451556     0.615956070192020     0.781727940278384
 200000727     0.065193890809783    -0.082298060180829     0.244139939610967
 200000728     0.958332789848067     0.517120425697724     1.071647682904674
 200000729     0.523878699250606     0.737118835035354     0.116947427983642
 200000730     0.184384799878290     0.667639704251801     0.803336471162720
 200000731     0.618982873962905     0.740991687840458     0.377315671468838
 200000732     0.966382317542620     0.725770325107390     0.609655900472290
 200000733     0.505322377502599     0.533907816897182    -0.254303339268617
 200000734     0.304856827958473     0.026776422956293     0.670909007789773
 200000735     0.992481495731928     0.590662014149744     1.054999428865874
 200000736     0.348544003994262    -0.011283327122526     0.685254321589746
 200000737     1.045753792787103     1.123561438849232     0.717036768490417
 200000738     0.600616870139159     0.128417077796236     0.529065947106760
 200000739     0.336497812257133     0.220011522410641     0.921707080058428
 200000740     0.148881045056965     0.686660728860662     0.772345413401942
 200000741     0.779404739156718     0.478749309895442     0.673182682198383
 200000742     0.747264493312689     0.283530846204680     0.741763403428759
 200000743     0.858401060540836     0.328297158293861     0.432096507821208
 200000744     0.988036004747616     0.398240873616217     1.261556310986167
 200000745     0.569017336600969     0.717506134224323     0.972677961691115
 200000746     0.068753814490753    -0.093353251847532     0.237496893583916
 200000747     0.805210111004541     1.162442767477750    -0.096326092812699
 200000748     0.884364907304670     0.102287398494605     0.228531960121077
 200000749     0.393267437724838     0.474354460368184     0.902993321654075
 200000750     0.910258492193586     0.182508688829457     0.140657561197783
 200000751     0.556578731489383     0.203673772297265     0.796141115373806
 200000752     0.634954817831546     0.314669934804298     1.042666925600363
 200000753     0.527723909320322     0.336826169932906     1.043030106325008
 200000754     0.160199707993585     0.142166259278224     0.243358973597782
 200000755     0.250680364199823     0.019421881570047     0.856521066586695
 200000756     0.575436232088048     0.408457085542296     0.379972191329975
 200000757     0.740584088977837     0.190900196301766     0.250573555098509
 200000758     0.143727915021651     0.665760020729067     0.787773174275673
 200000759     0.587778184785226     0.718837714047382     0.944401922224852
 200000760     0.320267101249021     0.073908709800217    -0.024500547263974
 200000761     0.443752633404839     0.695586544453760     0.383954568398073
 200000762     0.741706394708517     0.289492297489797     0.496077395782585
 200000763     0.778884937787759     0.826149889217707     0.659139279488928
 200000764     0.534245448143619    -0.086357429480588    -0.010621916212563
 200000765     0.068236466301102    -0.086762717103857     0.270926212504027
 200000766    -0.011135327695967     0.743243181229233     0.019906292539416
 200000767     0.840023703610448     0.721831882913985     0.309503747634345
 200000768     0.318866192378830     0.725190708574272     0.063042320935689
 200000769     0.202261107739450     0.729345334680317     0.776102323017335
 200000770     0.437060879050688     0.078414630395615    -0.078371648230206
 200000771     0.417735171866840     0.613276241544685     0.426512612919115
 200000772     0.121991899925042     0.099294458067508     0.765305426912868
 200000773     0.578439689646180     0.358274103014037     0.484732039870104
 200000774     0.167884728028227     0.728573449618863     1.109131865102331
 200000775     0.928579225824556     0.045261451693922     1.263629513963392
 200000776     0.558867112134062     1.096087659865151     0.146559352691352
 200000777     0.888200331361908     0.517707956663428     1.084029122380934
 200000778     0.812797199727563     0.315543398091300     0.319531879897240
 200000779     0.294838240469800     0.282848841473891     0.848792783179726
 200000780     0.064045860702338    -0.086288499030072     0.254020257007192
 200000781     0.237966628072891     0.899428104852143     0.280825837450598
 200000782     0.322106310265211     0.751567559346442    -0.162455270516022
 200000783     0.521345614016880     0.693146124076350     0.939394976692954
 200000784     0.813035279295820     0.171970980471809     0.295793859538592
 200000785     0.171452407297836     0.152688671273437     0.401482077855310
 200000786     0.734958385200067     0.216437073768522     0.452939618152756
 200000787     0.681974083879103     0.413217130975599     0.464079347973962
 200000788     0.518664690639152    -0.141780487079130     0.642006991184931
 200000789     0.919136515740288     0.550744410677208     1.000202286719139
 200000790     0.802645886786940     0.659517613986407     0.772274030113201
 200000791     0.965204367519331     0.569329929261785     1.095148172242186
 200000792     0.348175500430036     0.068773081467290     1.105676502533307
 200000793     0.838555989007121     0.509010418525943     0.128331870908875
 200000794    -0.088333919549617     1.028881723675223     0.544052362785687
 200000795     0.476781676152706     0.633968936440757     0.400380891463123
 200000796     0.957261231187921     0.380997923708202     0.542212019723250
 200000797     0.398984955962441     0.106047589383078     1.086972801482395
 200000798     0.201318394715318     1.192426971347579    -0.233729612523610
 200000799     0.769843965989023     0.473758267700912     0.878758776300769
 200000800     0.589180292746654     0.464564214857882     0.451372434734250
 200000801     0.691812406413694     0.168105646671339     0.547339247067500
 200000802     1.088213902300696     0.625601731591673     0.161933740904894
 200000803     0.599737257984092     0.767396674033869     0.204131120134913
 200000804     0.906262595151045     0.104614049954576     0.894267290467503
 200000805     0.383610278698136     0.075358110560664     0.500823881255342
 200000806     0.388116333260891     0.046243152222421    -0.047103589610137
 200000807     0.132950482015761     0.675732118540606     0.739007295076299
 200000808     0.129596849092662     0.840728947882280     1.228016461612959
 200000809     0.106452884729547     0.104714178702058     0.462346744367406
 200000810     0.426996493770346    -0.177837971903521     0.648651632544537
 200000811     0.129451617276572     0.639209595028407     0.778949732156843
 200000812     0.145921150626468     0.031293641224245    -0.091773732040364
 200000813     0.156816938282646     0.628426586130615     0.803415909932636
 200000814     0.550344723164083     0.744716732992906     0.986522118431914
 200000815    -0.060880219907413    -0.057542099308278     0.868241247686880
 200000816     0.681361180474907     0.723796363472858     1.279918109760162
 200000817     0.633197487893994     0.152549189743177     0.494423359303094
 200000818     0.670673626707265     0.110092426310598     1.204857066209200
 200000819     0.086713518837066     0.329026924451567     0.468827614790623
 200000820     0.666797886826610     0.381533074491454     0.432358217540037
 200000821     0.559160859624637     0.697799234251230     0.453274780729200
 200000822     0.700636893356779     0.423748022453870     0.047104484947104
 200000823     0.206701792116452     0.684670088222421     0.394301729627797
 200000824     0.378262861748071     0.852343407169715    -0.019481558168561
 200000825    -0.004147654216068     0.335121345698854     0.631868492687992
 200000826     0.148261804813204     0.258159935592270     1.280887835221090
 200000827     0.594763409259442     0.676882201928773     0.760848935163615
 200000828     0.750685614970517     0.501630335150546     1.157861625292609
 200000829     0.856086490593105     0.368653866798111     0.281484533843181
 200000830     0.031053642097192     0.381168955663157    -0.225752697737896
 200000831     0.404823961095335     0.457613878204669     0.582826427766786
 200000832     1.014584422318219     0.443771151906516     1.013103803204853
 200000833     0.301516762982216    -0.022492901121007     0.738134997263434
 200000834     0.364756067872703     1.058667992967285    -0.139628088902016
 200000835     0.478164697547275     0.103574146423498     0.820395325874187
 200000836     0.982198166130141     0.820318419372669     0.395033302404056
 200000837     0.580385736916339     0.735557413141192     0.905344120440536
 200000838     0.892867878646190     0.114158175820275     0.089322244166356
 200000839     0.881314337691385     0.184835985524533     1.036970297524077
 200000840     0.274804927064061     0.003738953736535     0.085562871919411
 200000841     0.426047484418433     0.854215277226847     0.689326854864702
 200000842     0.623198342105047     0.318432541319023     1.074235206086732
 200000843    -0.097081566998941     0.040026136762161     0.818235444748356
 200000844     0.858243531631006    -0.080474473925519     1.223278888675384
 200000845     0.735080543357125     0.000828813439305     0.081423992320143
 200000846     0.376016351557585     0.181202420211444     1.103512257764062
 200000847     0.413472817929548     0.532205319050650     0.474604367871834
 200000848     0.617933948455569     0.297262413483587    -0.222181471996758
 200000849     0.708400404813350     0.909227417348817     0.678440144332674
 200000850     0.431446214702706     0.406321446830001     0.860065371013383
 200000851     0.296779727844536     0.486657001510348     0.008348455190010
 200000852     0.224605374366689    -0.033316694269392     0.636558145785107
 200000853     0.396138630780727     0.112819984708302    -0.122687315401526
 200000854     1.010022833525123     0.374197128159034     0.239230866214788
 200000855     0.676359105814167     0.158992863961227     0.379355937052180
 200000856    -0.015366597742545     0.002262454140559    -0.068354580675759
 200000857     0.550600720428135    -0.134473941582739    -0.212107589039272
 200000858     0.414065780827665     0.058725639839504     1.045383292950731
 200000859     0.463468139070311     0.535824594129937     0.459466027295557
 200000860     0.653239209398780     0.991042860334695     0.763374615691092
 200000861     0.373016331436753     0.635555203006796     0.302781456503708
 200000862     0.842948855832352     1.048427282024513     0.598183549703054
 200000863     0.065857146085087     1.007948844655250    -0.256589958632981
 200000864     0.941853623666866     0.576753503273955     1.053144413634036
 200000865     0.566459868263217     0.032066199637414     1.137559475913021
 200000866     0.079896646145395    -0.087248931966850     0.223017139965633
 200000867     0.916607726837059     1.152714740302444     1.088896543139316
 200000868     0.927429543113352     0.594810275793393     0.989162115813657
 200000869     0.131973552813486     0.536017929474140    -0.101987366359152
 200000870     0.068765007514672    -0.115093797900544     0.228374305665888
 200000871     0.311936561260981     0.097589990913987     0.673020437377237
 200000872     0.441315629538054     0.230391781175402     0.942871799317454
 200000873     0.119274604352127     0.584349506833978     0.386702356298263
 200000874     0.932957052613116     1.027269763412421     0.457355496766554
 200000875     0.314282769694445     0.086823485170614    -0.032586331639089
 200000876     1.070910040104911     1.137924995337743     0.259572855983587
 200000877     0.363135607731663    -0.017607127097802     0.901075032408499
 200000878    -0.065746787500191     0.454472233290049     1.179800684751828
 200000879     0.509403687430088     0.051432199285817     0.493035686112694
 200000880     0.736513701365531     0.298605979958958     0.328474471955611
 200000881     0.245064723230578     0.724303704293540     0.750547719700419
 200000882     0.201129735416613     0.788707090545090    -0.176828433905591
 200000883     0.596123123270948     0.717532717391115     0.962294604418029
 200000884     0.581727472735456     0.047478649447412     1.018501222419372
 200000885     0.372162794380045     0.145014493819954     0.085820634190547
 200000886     0.058839998825956     0.630649527492506     1.100473064761682
 200000887     0.781508912144961     0.228043170129182     0.921673545698899
 200000888     0.156319286735420     1.012675844127458    -0.108448943870680
 200000889     0.726038339402202     0.338272566273696     0.376998179071768
 200000890     0.077268527162629     1.150057811798256     0.720248027417623
 200000891     0.955606431083247     0.589392765122257     1.022575368046677
 200000892     0.135796214193500     0.664885746502818     0.791497656617669
 200000893     0.477441092004162     0.714741245603368     0.598099755854374
 200000894     0.769139582747695     0.642691481176711     0.730702759096591
 200000895     0.084689139344453     0.123283710304831     0.740310730029020
 200000896     0.336892959502700    -0.073677314047894     0.831418327713693
 200000897     0.975015079914506     0.584177368416229     1.012413658597237
 200000898     0.311288633541731     0.549014108965264     1.030171255427486
 200000899     0.992886408724462     0.036247156647124     0.623100268525861
 200000900     0.672487579705529     0.043991531415535     0.473195676538092
 200000901     0.120296226098195     1.046180811732885    -0.019777234656809
 200000902     0.594566232197608     0.982776295057555     0.207172947329057
 200000903     0.422449748285723     0.098248939796878    -0.020523984323412
 200000904     0.414794154845806     0.093641719629341     0.048624316092601
 200000905     0.647149759545322    -0.049967496597483     0.678050488013515
 200000906     0.893813983753528     0.562667130597461     1.050178651829523
 200000907     0.360979576600845    -0.068430023968549     1.044180221918630
 200000908     0.258101398381578     0.226598553121969     0.873210255184989
 200000909     0.191429029878800     0.662927656614069     0.749237894157059
 200000910     0.072722354604680    -0.111497011666804     0.262933488408334
 200000911     0.678342338988427     0.214308102917510     0.427354507485009
 200000912     0.169000920528824    -0.059943932289057     0.824766278834039
 200000913     0.523949499829803     0.329116310539031     1.054425165563846
 200000914     0.089203930580201    -0.130995432482987     0.222558640256719
 200000915     0.602887678834626     0.257494021298003     0.347084943003324
 200000916     0.942210952651989     0.583854431014108     1.042776187273334
 200000917     0.555853330433549     0.188171817062722     1.019310045536576
 200000918     0.010534523759877     1.002408533111975     1.156514560328082
 200000919     0.974140323977961     0.484136957672983     1.026863591837097
 200000920     0.595033416026615     0.025621539174234     0.932545392956462
 200000921     0.056256436507025     1.184626438440097    -0.283919940483363
 200000922     1.017952522597168     0.537081750682781     1.037590656799140
 200000923     0.198447258564104    -0.165674186774375     1.082810153327079
 200000924     0.986199202040821     0.535806630762776     0.995552517699176
 200000925     0.426494766751939     0.155689316721724     1.053406542142768
 200000926     0.582418577801182     0.685364493828289     0.943914277001837
 200000927     0.156054115769378     0.726593000871480     1.267938725783042
 200000928     1.087921249693902     0.776889435576055     0.389691535020957
 200000929     0.584666955782780     0.701089971182895     0.930704237836303
 200000930     0.365426783234308     0.579919107333567     0.778850131079692
 200000931     0.148279836296582     1.116819815609659     0.002006366572683
 200000932     0.044456849694192     0.434124785136053    -0.171206235997893
 200000933     0.041367585486942     0.017623586854585     0.810504792417969
 200000934     0.373240364160347     0.219782092687200    -0.032113465236772
 200000935     0.601685794935058     0.711419731283929     0.957067490534539
 200000936     0.073106370476842     0.143389811756438     0.606283624559389
 200000937     0.713689284980480     0.759284946453932     0.351554614872277
 200000938     0.627361121382615     0.795548435045106    -0.008495110322784
 200000939     0.596540741314780     0.747392597743105     0.940279838826610
 200000940     0.735285764186177     0.259761871880214     0.629426378400455
 200000941     0.678847175218251     0.222154618624892     1.208410690392716
 200000942     0.320182757953904     0.145471993508257     0.902031610080328
 200000943     0.593527862199590     0.200162129487667     0.441876406679038
 200000944     0.548574428385586    -0.010949878577270     0.731999855347012
 200000945     0.794516958432514     0.271288850602620     0.006938346463573
 200000946     0.243407024203715     1.075443390255096     0.574048354379434
 200000947     0.819014599007017     1.039354474017805     0.334979230574309
 200000948     0.363098661718920     0.171869962153867     0.497809452437447
 200000949     0.526242241666244    -0.129714458497660     1.297792273473864
 200000950    -0.047374650691866     1.091720084173911     0.890585242899419
 200000951     0.385066738642143     0.118462215977379     1.080356775811113
 200000952     0.116928349245785     0.921439522016982     0.982175296900409
 200000953     0.852642063157317     0.179488140880754     0.207356416383484
 200000954     0.615114126097003     0.717239041853504     0.438984540425101
 200000955     0.648920233997941     0.712598087057717     0.980993240163745
 200000956     0.600010175410541     0.252838571539265     0.927959725933122
 200000957     0.424712069604780     0.611993113431130     0.693825261755612
 200000958     0.764361399619288     0.822055257306270     0.668221012480042
 200000959     0.838373449691552     0.260876243370299     1.051858775342642
 200000960     1.055126284175861     0.390771143642580     1.212165564566319
 200000961     1.037332829345834     0.649892254852814     0.996051167268464
 200000962     0.323847170872080     0.104954040700764    -0.043829060314132
 200000963     0.696873577723356     0.751002675329557    -0.070952159409453
 200000964     0.076846097157227     0.438860640664855     0.482793139194908
 200000965     0.345052376378554     0.907474759852021     0.887122613826860
 200000966     0.051442747645774    -0.093204130808857     0.250604179620555
 200000967     0.644246643202243     0.411141334859715     1.108902686593736
 200000968     0.716378133377389     0.751771911971518    -0.050078322583320
 200000969     0.769437949619578     0.815536664416466     0.280508345554907
 200000970     0.640230898306612     0.027392503079725    -0.244344254708190
 200000971    -0.058682537248041    -0.137439661589627     0.907518892619463
 200000972     0.922792829087406     0.832224220957376     0.295742665881796
 200000973     0.460529901746673     0.084172701765791     0.699093708517100
 200000974     0.363714255053639     0.167814859855024     0.774657466816923
 200000975     0.191036876356861     0.245075194040588     0.144416980610506
 200000976     0.052330192063131    -0.118465115674744     0.262084726250273
 200000977     1.013876237455280     0.547923381347114     0.966616456763898
 200000978     0.808609773409979     0.212900306889064     0.574555187941124
 200000979     1.011998701169831     0.717921187777635     1.076541909698922
 200000980     0.230352243590541     0.806360135308836     1.119493700024997
 200000981     0.221985105267688     0.703443492976605    -0.061575636899327
 200000982     0.965203777218116     0.462121807017202     0.285148377006395
 200000983     0.215990529553854    -0.120432602058646     0.808199893936911
 200000984     0.622663004358565     0.744926522134925     0.819964595972581
 200000985     0.195731795643816     0.025049875260192     0.693045852642562
 200000986     0.721687409973508    -0.070840582941828     0.323533483001413
 200000987     0.556986313917642     0.655150556453141     0.516863411075374
 200000988     0.231913959003737     0.061318643615813     0.715754269673012
 200000989     0.367109918742803     0.959820174046577     1.251254748516774
 200000990    -0.085340662119707     0.164429461735327    -0.236601167046599
 200000991     0.424923469509940     0.235255132916859     0.147973035291440
 200000992     0.145109242975000     0.745694396763892     1.124117343865250
 200000993     0.587199853209668     0.199059710888334     0.409831830617484
 200000994     0.379457890428358     0.590390216118972     0.715059108356459
 200000995     0.581866080664243     0.726914193649825     0.953573260218239
 200000996     0.788999202508615     0.519306439104435     1.070509323157964
 200000997     0.759841819811766     0.428118941718250     0.500428496425421
 200000998     0.627669560679971     0.145343316440262     1.110551480152503
 200000999     0.731621714420378     0.454575932020596     0.173318566934506
 200001000     0.776740936758101     0.376149819512472     0.420599869276456
