 340000001     0.937232205090366     0.632753613355956    -0.055250489857087
 340000002     0.515986651601027     0.504410073187042     1.217304924228494
 340000003     0.147669366191608     0.666911039356590     0.791051539961297
 340000004     0.457786731201645     0.656499730882403     0.968072861217958
 340000005    -0.000969429685127     0.988383121498394     0.236361493183359
 340000006     0.233117567136516     0.623417882990565     1.294706879610236
 340000007     0.583651570678735     0.702345489495789     0.966182329117801
 340000008     0.457729443549205     0.055050262973789     0.258332382452929
 340000009     0.758870048449714     0.958753741986987     0.342802459936507
 340000010     0.625755737486287     1.126921306265876     0.635759876262497
 340000011     0.424154125725900     0.671878550748556     0.405998109786781
 340000012     0.680219707832529    -0.056867139543781     0.746540025189226
 340000013     0.273982751929601     0.168135479085973     1.086068365712467
 340000014     1.047302836670442     0.747852899846092    -0.111743581138735
 340000015     0.474273465986959     0.115435935298976     0.446362105406170
 340000016     0.999889265583696     0.459307280289848     1.048100882164234
 340000017     0.937392808769344     0.579755502511674     1.022830784030616
 340000018     0.396491213299908     0.886015724463198    -0.115937015816268
 340000019     1.002986488157321     0.912542411473548     0.706376477808731
 340000020     0.468926903853467     0.109273084186117     1.025606948573266
 340000021     0.807127336419111     0.270506622853174     0.474150847821444
 340000022     0.945958571028192     1.186683594212338     1.107171626687598
 340000023     0.598112596805003     0.728872629723199     0.949462535359626
 340000024     0.601345799881770     0.225589986078566     0.491880476204767
 340000025     0.556854933834350     0.713611014412022     0.941255548492127
 340000026     0.445004172823311     0.031439492349585     0.583453617788219
 340000027     0.974313459763224     1.071187064516886     0.399731947284849
 340000028     0.264051128832755     0.019262806076916     0.638084595381356
 340000029     0.347801094125868     0.036557222856533     0.385201932374147
 340000030    -0.075822030711260     0.217288845815756    -0.130492610243449
 340000031     0.570381438146942     0.671054244878944     1.216205827669061
 340000032     0.561756678917365     1.106355003780243     0.869871189199463
 340000033     0.498186544535280     0.067828749643812     1.171974516507361
 340000034     1.007344832818934     0.738433996469308     0.792917657680502
 340000035     0.362613417695328    -0.074817207356770     1.035710625935876
 340000036     0.122197525475983     0.424005281144958     0.468209821432001
 340000037     0.563011038574787     0.697758968935726     0.619824573043947
 340000038     0.055391033621080    -0.076673341001887     0.247937693807940
 340000039     0.295022853727772    -0.015350884231775     0.577602093078930
 340000040     0.524983351165896    -0.080227935878745     0.628086918864250
 340000041     0.957556362603546    -0.110570307299692     0.665072896300895
 340000042    -0.036336018670218     0.072929160259480     0.060732204859733
 340000043     0.415640937499235     1.154820274167961     0.429160752694121
 340000044     0.600085610105144     0.835246919820598     0.207709199827850
 340000045     0.127453380791979     0.048163423454481     0.672809777903915
 340000046     0.066459103495226    -0.178520741791197     0.407892750580497
 340000047     0.581466524181079     0.971027891679387     0.873785805543714
 340000048     0.154477419862552     0.636624897041345     0.802655893235060
 340000049     0.254891657624415     0.216779034008387     0.591184611626308
 340000050     0.715669831052141     0.159721675740599     0.366672700121365
 340000051     0.339543021939942     0.101555361132051     1.124726254526066
 340000052     0.482561508687360     0.040781448011682     0.573086665162625
 340000053     0.672687253946574     0.193415079456190     0.868886711647840
 340000054     0.781920868065699     0.204418332577852     0.537641329069013
 340000055     0.386039497914849     0.237064657144499    -0.099096273884702
 340000056     0.396094408682297     0.078817913217348     0.583857865966563
 340000057     0.622242861081032     0.714030569073035     0.921040164240213
 340000058     0.857729307192050     0.258895589391933     1.016516165586979
 340000059     0.602889218657510     0.681258143007647     0.934248715952848
 340000060     0.938009685359826     0.517487415252490     1.038360658294950
 340000061     0.599919881095975     1.195036973999289     1.055138801184492
 340000062     0.343952848560349     0.162536556859665     0.211470899320391
 340000063     0.358446275901030    -0.037498705835068     0.646074596006562
 340000064     0.355934671171434     0.146641096065921     0.575319747553232
 340000065     0.863763921365119     0.020551033164487     0.348888395037587
 340000066     0.868453658859344     0.451164973292155     0.187543695640839
 340000067     0.356982864148529     0.101454339547398     1.008532509342068
 340000068     0.701182521348407     1.064415796109814    -0.278211013577274
 340000069     0.808009980111172     0.374497809147404     0.200839176234342
 340000070     0.603982405834525     0.071737023424317     0.856492748656984
 340000071     0.111948172057129     0.840327991270785     0.942154920930777
 340000072     0.330935511417532     0.208272754442110     0.029993691813337
 340000073     0.685655530860765     1.186539089486508     0.418036453524150
 340000074     0.464353183867876     0.152977812811156     1.067047331327775
 340000075     0.543895407362241     0.701447970682861     0.943700800239602
 340000076     0.352135067293047     0.076854449741464     0.507607630401601
 340000077     0.476803791897719     0.600608487458377     0.806353505608622
 340000078     0.219486748025279     0.184474746569787     0.684689430433901
 340000079     0.340481269087021    -0.034465461146520     0.764637012047765
 340000080     0.768585249670275     0.643821340895173    -0.189062584809295
 340000081     0.117031105643231     1.181088961570192     0.114656256309336
 340000082     0.308881366086650     0.188512149428711     0.455977378538916
 340000083     0.406025427200776     0.185675543036589     0.603501766080233
 340000084     0.592128009202516     0.292847216044445     0.963151336935442
 340000085     0.812696279012916     0.302912389124624     0.945536710437058
 340000086     0.433627642302768    -0.165405255015246     0.014234120038053
 340000087     0.684428985596093     0.375179226812674     1.168273917596376
 340000088     0.759746097917103     0.034772732193760     0.441225786109658
 340000089     0.666696886811197     0.684831239078320     0.445610444306404
 340000090     0.419402707677296     0.200943530969688     1.171683322594369
 340000091     0.345919866072967     1.137888660909161     1.203317532666815
 340000092     0.574710762907868     0.319040106434451     0.310136488893000
 340000093     1.001408546875009     0.379193128197608     0.790260722835446
 340000094     0.598985472902827    -0.098199961422713     0.748272911586758
 340000095     0.286106391984832     1.172138222496773    -0.202589259433867
 340000096     1.077852191010367     0.603772202264512     0.352790285533050
 340000097     0.451224423265292     0.170516930885588     1.146161481707277
 340000098     0.683034337621055     0.986283294661480     0.194558845282346
 340000099     0.630515097118780     0.449649048907748     1.000279130020322
 340000100    -0.021898453626681     0.746725111095347     0.375577054777548
 340000101     0.971987212407085     0.308683844277645     0.680516293328518
 340000102     0.091987343474491    -0.107464292338203     0.222705655571509
 340000103     0.653691042745002     0.670344504804404     0.920602049239368
 340000104     0.884492296781866     0.512395287191703    -0.207250979231294
 340000105     0.346030504590457     0.413809037865959     0.915405917823329
 340000106    -0.095013147920400     1.137616553346301     0.383734699673965
 340000107     0.065842871745672    -0.096495322453102     0.232164358866281
 340000108     0.271463738890630     0.208659087633882     0.953407339979671
 340000109     0.326559129221612     0.048751943461896    -0.287084141768304
 340000110     0.611188121483466     0.669616594879894     0.914892396828030
 340000111     0.569335778531773     0.713114113325927     0.971339692488622
 340000112     1.007581300359451     0.713413959246489    -0.249057048735210
 340000113     0.546670404735068     0.349449871193091    -0.267761121925940
 340000114     0.978087547533041     0.466474329051680     1.058666976646134
 340000115     0.424816493831910     0.077577170210875     0.628306255761963
 340000116     0.624998054273477     0.456249384498601     1.164530488809666
 340000117     0.921256987553557     0.700815285462144     0.493942895071657
 340000118     0.555745516479437     0.702813109868273     0.974949924423255
 340000119     0.854397983246170    -0.022752527394098     1.296363240126902
 340000120     0.044900690566812    -0.010817795073746     1.045088707097837
 340000121     0.588953349475664     0.408505641810609     1.013806617029466
 340000122     0.993913121974825     0.567388338536694     1.115352451265738
 340000123     0.984149166371261     0.288762518132200     0.162807885468645
 340000124     0.687154887070835     0.204550594137306     0.375249849705376
 340000125     0.788402134236344     0.408220493771905     0.598599272386050
 340000126     0.342865915681156     0.651351280800743     0.372058013166542
 340000127     0.794923679373319     0.418784143836631     0.519693609785500
 340000128     0.600537627310702     0.733682336788090     0.950419654538948
 340000129     0.107709068292765     0.614550160432261     0.796516633816443
 340000130     0.756265861392516     0.772110229281633     0.091573264804609
 340000131     0.688574460972318     0.276722939418455     0.924728832954756
 340000132    -0.026665050363842     0.108674547903467     0.397674822824605
 340000133     1.032557707807195     0.691078759596269    -0.057444692015248
 340000134     0.568805306163987     0.629721711592530     0.693599317006946
 340000135     0.227339312764933     0.904368095026340     1.192486070757160
 340000136     0.705383319197130     0.371476149936582     1.039227286191403
 340000137     0.920867085312014     0.608051159085241     1.078566057631387
 340000138     0.685625232421665     0.345938713337299     0.388563966564644
 340000139     0.120691025991221     0.339610129009115     0.446066137094691
 340000140     0.569501361765140     0.726925771899873     0.954389716435682
 340000141     0.922335306546923     0.467298573023758    -0.289946984959318
 340000142     0.979342833249983     0.932793642058153     0.540536784859147
 340000143     0.800100139837308     0.341044113715077    -0.079595275327362
 340000144     0.289725500956536     0.387278672257737     0.821607032840202
 340000145     0.740475972672688     0.295417328902661     0.177719782632863
 340000146     0.569503378924512     0.709034551572015     0.934202289954955
 340000147     0.676761952695358     0.153288181749079     0.976349659671780
 340000148     0.686883940104758     0.168110885939906     0.288235874853911
 340000149     0.149625208490919     0.634362062253787     0.801756016581261
 340000150     0.429525813005004     0.683811495978986     0.606428870317998
 340000151     0.973162241295174     0.533767431571162     1.065386605550164
 340000152     0.395281108535360     0.132125006347030     0.949437770315823
 340000153     1.023500385055541     0.683749600597293     0.728337931890930
 340000154     0.451134379971689     0.085439542376477     0.963301866302590
 340000155     0.784556910426564     0.327690175800951     0.207305436011119
 340000156     0.413340321645356     0.738542720972019     0.454524572388002
 340000157     0.653208221120206     0.676118525904396     0.351859761657412
 340000158     0.579296305496463     0.355738391418943     0.337305306461178
 340000159     0.973549740815268     0.561471131794685     1.106389564651865
 340000160     0.303220739686587     0.352615265569940     0.063441464456020
 340000161     0.377724795521120     1.053013683598955     0.896976137488034
 340000162     0.164295057447746     0.682087736113909     0.073699438005641
 340000163     0.530434473925427    -0.033739834323041     0.651367090782193
 340000164     0.977257515393672    -0.118554948345928     0.700136855736371
 340000165     0.025530702354315     0.846431712301084     0.194802830050513
 340000166     0.913626063819518     0.483203839365544     1.027571393280345
 340000167     0.679678482472247     0.280035715266083     0.375759300705695
 340000168     0.165729587405704    -0.073992252344262     0.468956062943363
 340000169     1.090428996683722    -0.162999033955429     0.053187578786762
 340000170     0.517140272415803     0.282612979443769     0.196818579793254
 340000171     0.544709852861751     0.716021398674050     0.948320453860574
 340000172     0.998122003215609     0.453806756335037     0.257178176011710
 340000173     0.286830426237455     0.353893306871857     0.651743553457140
 340000174     0.537800984183128     1.057716730758064     0.051373949693829
 340000175     0.658649658191285     0.711905986589529     0.524742447512346
 340000176     0.354701538678216     0.395280840856024     0.876247855508550
 340000177     0.242167626620461     0.175702255050737     0.045547695412619
 340000178     0.636467697138193     0.818807101120433    -0.202420590546853
 340000179    -0.046217991229404     0.569625850726939     0.507875993900711
 340000180     0.398467714633454     0.876351457667244     0.407948440733046
 340000181     0.740936715367089     0.481410653474629     1.084896902956393
 340000182     0.040813221614747     0.537773708816999     0.980522155364270
 340000183     0.114796544222078     0.672391644605390     0.803681015898021
 340000184     0.533940892224238     0.190959122859635     0.980847880042231
 340000185     0.504074362997103     0.079381061865239     1.076911764507983
 340000186     0.280266877561169     0.134817788718732     0.632489021848870
 340000187    -0.081978886581267     0.521636356431024    -0.080622474660902
 340000188     0.856478388639805     0.402716977545052     1.077268568927628
 340000189     0.146067863471723     0.564426231959213     0.133689392719917
 340000190     0.396095027533709     0.168993967210158    -0.042911546347199
 340000191     0.963798803938015     1.051832995095093     0.343242933904211
 340000192     1.021478215306336     1.185944860209319    -0.054776280810614
 340000193     0.600531538488706     0.717081271862067     0.671072852074690
 340000194     0.616076670472910     0.720375946400066     0.954353426766539
 340000195     0.765157263727560     0.955616229890735     0.054881356012343
 340000196     0.357293679330827     0.152629149422269     0.873008694582670
 340000197     0.360773526954100     1.125270399871859     1.207008464004359
 340000198     0.315091800879538     0.124049433548530     1.037666379914171
 340000199     0.523666195510227     1.014613422149583    -0.026034260299594
 340000200     0.734463791570817     0.075257451374022     1.152691232380022
 340000201     0.087483523812092    -0.106180107568052     0.228049125436341
 340000202     0.394783632745245     0.167199406045455     0.960517050074683
 340000203     0.558390073984413     0.705288692346532     0.984417534077038
 340000204     0.753583147806281     0.206272089242449     0.750614454053824
 340000205     0.653917640668683     0.335677349989779     0.343642539536828
 340000206     0.962432337287048     0.906065648652663     0.859495412582923
 340000207     0.507738027442867     0.441499138537430    -0.211446217201318
 340000208     0.138512001610914    -0.127490486297030    -0.204025247549575
 340000209     0.820048456922994     1.180052886608470     0.061792906977083
 340000210     0.427231627740265     0.206534689998899     0.663097791826307
 340000211     0.336467021897175     0.065903318936850     0.796069281954081
 340000212     0.356866362850931     0.602325209375889     0.319882866637125
 340000213     0.211062235169500     0.096493211751982     0.566623309038211
 340000214     0.756812354384883     0.105704638631368     1.192731566312019
 340000215     0.469000842401170     0.462129857203731     0.842902658114245
 340000216     0.075954249309883    -0.085969071597885     0.248984714163338
 340000217     0.902067424101647     0.764896222292182    -0.117943074387293
 340000218     0.368516057227087     0.017001636754400     0.393114154001927
 340000219     1.067006573847540     1.186903643473891     0.018162816404385
 340000220     0.908686668302347     0.547339317697012     1.041140392031319
 340000221     0.107629765975129     0.646252660799000     0.770913474550871
 340000222     0.299959195063853     0.205502047487155     1.253896745418307
 340000223     0.062023183353643    -0.091554323329605     0.243596042078906
 340000224     0.914864222227705     0.567402822033429     1.171921695173876
 340000225     0.007013803978900     0.392631704640986     1.085472683848575
 340000226     0.276268543208895     0.695184124597804     0.835687113018871
 340000227     0.726467528362448     0.178718131035416     0.388659683606166
 340000228    -0.056987070093839     0.217928026190424     0.827045209256656
 340000229     0.561822442166440     0.713794859234125     0.958541542058451
 340000230     0.872406154321510     0.852703898032633     0.573685973969693
 340000231     0.175387550953642     0.669564345878932     0.793670121630434
 340000232     0.799565261404982     0.429299848875473     0.046197879982076
 340000233     0.807711278435311     0.248062758317945     0.396954375157756
 340000234     0.590588398547158     0.038897407800498    -0.250418753769204
 340000235     0.391504633849954     0.132610749338641     1.018267888604545
 340000236     0.833768878555204     0.910515811193556     1.099694199605012
 340000237     0.403340127353240    -0.153345005950237     0.533393983167776
 340000238     0.399801035897121     0.032229069729186     0.742846728802519
 340000239     0.540766899689402     0.715632904857317     0.932624278103700
 340000240     0.261713705479333     0.823191956347006     1.252176538485637
 340000241     0.735522360736009     0.105259529452090     0.324377812818151
 340000242    -0.003998927687626     0.695506361806060     0.226793480950535
 340000243     0.017147752380667     0.111656371604881     0.870521514849590
 340000244     0.924882409022480     0.834988385477076     1.244356946949850
 340000245     0.083219070006048    -0.091351028460020     0.230559117735516
 340000246     0.372355578290314     0.107345560969368    -0.058103225602638
 340000247     0.444467961652677     0.595010517149401     0.550589810015811
 340000248     0.519316457315600     0.730204573868526     0.552319471830551
 340000249     0.444042842380496     0.857110021584018     0.303536858410546
 340000250     0.514071838948518     0.743231108655543     0.492997817944798
 340000251    -0.089804114185250     1.178764992231619     0.656725828599897
 340000252     0.319611274177295     0.058487900019422    -0.014007136184282
 340000253     0.243881544673640    -0.007821385142086     0.670759927854721
 340000254     0.980135322698644     0.513666626339766     1.034510112588194
 340000255     0.168845676508114    -0.009163843663423     0.498972292300184
 340000256     0.460293812697194     0.366114476873121     0.212324599308121
 340000257     0.282449230232247    -0.063279169870538     0.811428334514206
 340000258     0.674798979588365     1.108002527101659     0.048734450218664
 340000259     0.216213755439892     0.228594721646503     0.649226629546085
 340000260     0.124089220821313    -0.025229974890472    -0.134525365191575
 340000261     0.045843545451609    -0.106889415922113     0.221583301011333
 340000262     0.089732613594015    -0.087373258569028     0.264704248458873
 340000263     0.872102645432250     0.543404917193615    -0.020133804106512
 340000264     1.017503334198910     1.128844152494775     0.542405938946115
 340000265     0.196081387176670     0.212391029629041     0.235844060359707
 340000266     0.299458430962883     0.112993722055734     1.204371868899201
 340000267     0.394480119090722     0.080228391242313     1.149337803332238
 340000268     0.148330879494842     0.640795537445010     0.793826453463288
 340000269     0.221584845592841     0.149399617790657     0.630076334650411
 340000270     0.676548350173683     0.045581780386296    -0.211259542127586
 340000271     0.940032491798587     0.491549664648553     0.752351048527517
 340000272     0.524472546253682    -0.124500632883523     0.739497993770775
 340000273     0.025679198964729     0.256909381585998     0.215072287709074
 340000274     0.105090529711202     0.007950610142283     0.567932075410413
 340000275     0.114928523682807    -0.185347245936518     0.506038551576935
 340000276     0.423221107972561     0.229759208436727     0.941064988816986
 340000277     0.119802564309032     0.629561194466965     0.795091448431254
 340000278     0.065040272057646    -0.062669432347101     0.259752788397305
 340000279     0.832774719909178     0.428753605546586     0.446670687183869
 340000280     0.746913433439603     1.049621449205751     0.230499744961634
 340000281     0.871098687403131     0.854765101230436    -0.022711017430886
 340000282     0.558093335330506    -0.157438163086214     0.541193722843453
 340000283     0.401421908452799     0.093085563387859    -0.102638157560039
 340000284     0.137049676622847     0.637698673325454     0.786970746286451
 340000285    -0.061515522935069     0.279594557875000     0.971071345087635
 340000286     0.779836322318972     0.803149748786864     0.036159427790440
 340000287     0.415497937109514    -0.033835692891962     0.704271905128081
 340000288     0.511295758263877     0.677583959753781     0.812943635811407
 340000289     0.504355835442590    -0.054601642331465     0.811840646977151
 340000290     0.242150218546202     0.595518046376264     0.615096317915257
 340000291     0.630732318421507     0.706790876410635     0.208296661879559
 340000292     0.924417268816020     0.477382303403951     1.055979863270873
 340000293     0.683219037005169     0.682694204406832     0.018600617544465
 340000294     0.148038539453898     0.211626869665941    -0.261026287907280
 340000295     1.031733073030900     0.788733201210396     0.171829755109118
 340000296    -0.015426662032575     0.090820911757544     0.690584286236992
 340000297     0.425606431863915     0.083272655868449    -0.089854912735059
 340000298     0.811460106935704     0.470295884826875     0.498688238107820
 340000299     0.728886991897742     0.363912279345870     1.222717209490489
 340000300     0.152871739090558     0.671931672107746     0.797158591925437
 340000301     0.611606785074767     0.259307388085371     1.043029442734340
 340000302     0.340357739344188     0.073013569167495     0.814136446374986
 340000303     0.383034535492928     0.999536454356050     1.146634789035431
 340000304     0.693181059311794     0.352737861569925     0.384933342966950
 340000305     0.333135764420633    -0.069798822985076     0.698772349923310
 340000306    -0.083424349524614     0.066452669332381    -0.227897181346433
 340000307     0.793571587521970    -0.064051795267945     1.113867821287460
 340000308     0.075596773292434     0.407707245542071     0.192470737968129
 340000309     0.899253752045061     0.594635531216051     0.830492365772452
 340000310     0.125617900669664     0.667269432093055     0.819657764543804
 340000311     0.931835771968236     1.070632689470502    -0.034845822593987
 340000312     1.045870014103907     0.791951436217130     0.606307778995746
 340000313     0.151564382952187     0.627675539923159     0.787557371404908
 340000314     0.572846360083216     0.495408950924082     0.523282090145436
 340000315     0.606805580078271     0.702157963655561     0.960665430739854
 340000316     0.803536064225977     1.088956948733997     0.123015003111885
 340000317     0.492626929348230    -0.157420880819273     0.709755425342927
 340000318     0.962102067165477     0.497648752332566     0.987246415265898
 340000319     0.337445354251162     0.130977710593229     0.602105498709725
 340000320     0.254124420029696     0.120306620550594     0.624318784534866
 340000321     0.901538904266459     1.071399917501248    -0.139306318734138
 340000322    -0.001837405667638     0.734694002272990     1.088817673634308
 340000323     0.885799588534997    -0.040062035458075     0.626834492416674
 340000324     0.435042565307798     0.051295387058982     1.062492529249121
 340000325     0.650840457394194     0.369326412794472     1.089369524952959
 340000326     0.785503892102091    -0.046565225103962    -0.281342687743518
 340000327     0.694034553491442     0.332139053555850     0.584175340118595
 340000328     0.109167750139947     0.653529144115840     0.780771898799980
 340000329     0.573228658489301     0.701232678703649     0.880349537531730
 340000330     0.234164373039535    -0.067768039959972     0.682443859387188
 340000331     0.549638156828401     0.340377922124652     0.487575824645762
 340000332     0.428702150407749    -0.092043331133921     0.156608867901101
 340000333     0.562504686058079     0.691433374076661     0.974945418414958
 340000334     0.994277827787482     0.667566394155077     0.764448194862062
 340000335     0.115461888891668     0.681919529551233     0.774544841177043
 340000336     0.143974776333938     0.044745459830153     1.205219333953272
 340000337     0.482129245229181     0.761015137440719     0.434180814622457
 340000338     0.061240566345477    -0.108655090757488     0.226616722435846
 340000339     0.070486667792364    -0.118267783608045     0.233093132539358
 340000340     0.351520316984778     0.082107227619408     1.025854948372369
 340000341     0.623446878965850     0.275165385932162     0.386933631711445
 340000342     1.081224596850155     1.193672817786824     1.103310617553864
 340000343     0.471348739674470     0.404965266067354     0.587682600231567
 340000344     0.563895387962060     0.799033366777945     0.609654115525349
 340000345     0.471899248002839     1.198983143728443     0.184025007315592
 340000346    -0.096613067098666     0.786930824887126     0.914982642980884
 340000347     0.976865561053947     1.058107455664979    -0.216085155460029
 340000348     0.183229794996590     0.086406361935225     0.877860224358183
 340000349     0.167627191835885     0.631099068363559     0.790544269930345
 340000350     0.206206678031830     1.087135936894661     1.275244822366716
 340000351     0.653690673335832     0.029162161367130     0.932187980872220
 340000352     0.172972352917178     0.771518547135670     0.312670683575765
 340000353     0.640535492749334     0.135953033499364     0.618256663706408
 340000354     0.766571984541266     0.343990067688870     0.282239685682710
 340000355    -0.075180129486091     0.338530997767485     0.352102386520596
 340000356     0.433245823063377     0.170224514832085     0.464266489241925
 340000357     0.313179687463141    -0.015935393968920     0.416948505052901
 340000358     0.483873021843535     0.850705528885556     0.844422730134127
 340000359     0.376664502939961     0.148198275035973     1.062623888204268
 340000360     0.990643892016366     0.951970251012046     0.839226095448270
 340000361     0.945204926433203    -0.121849764202145     0.056453540448163
 340000362     0.492595701868129     1.060151873371388     0.321587862075444
 340000363     1.003665774548492     0.201801129123373     0.357911043971738
 340000364     0.360728227405101     0.244853418850138     0.883176718003276
 340000365     0.756899225614337     1.174815342198896     1.030341121485894
 340000366     0.562100381375641     0.763156316566995     0.525911025540075
 340000367     0.993167560256636     0.463868221739665     0.998546982379340
 340000368     0.677446901630138     0.531739419707909     0.603159695677038
 340000369     0.997704351990904     0.540456506825214     1.067337128212194
 340000370     0.314035286302200    -0.026225865634885     0.792398390405010
 340000371     0.619868543989705     0.730722229179225     0.968029654963447
 340000372     0.102452272152856     0.952579894040845     1.160686567694212
 340000373     0.580793971909078     0.702477635796943     0.988821664994517
 340000374     1.042995358923442     0.469316720039383     0.002915731854625
 340000375    -0.058016541452386     0.822709120392478     0.082381111184330
 340000376     0.601609821039188     0.327827151617934     0.399008897493876
 340000377     0.117375508131742     0.671713978554511    -0.088177908663392
 340000378     0.968381694123108     0.562775978244913     0.962889165751315
 340000379     0.719277052914972     0.590921726533944     0.011034985288742
 340000380     0.480136047767600     0.546359148345483     0.451771691836510
 340000381     0.882355467375948     0.910424615997880     0.457988413240520
 340000382     0.965100335837612     1.030890221011565     0.825901478707988
 340000383     0.410317849295986     0.164997037525126     1.033145735004446
 340000384     0.594604112541877     0.730532054292489     0.973924978981823
 340000385    -0.008700692035496     0.749056419385946     0.128416303021404
 340000386     0.748269572308529     0.764140080498100     1.106049827011864
 340000387     0.067214699849051    -0.100704668218835     0.246488409810996
 340000388     0.070652952274611     0.988041340528299    -0.090016668747692
 340000389     0.087612626799106    -0.085523484089413     0.221027453084039
 340000390     0.874658970665853     0.239953047394863     0.391120627559584
 340000391     0.578246439051321     0.665281304989709     0.448389986538636
 340000392     0.583277251183555     0.396439195286533     0.210321452417568
 340000393     0.488293565407874     0.188281462373543     0.314603146481564
 340000394     1.026428936702994     0.625722774320167    -0.052547387239333
 340000395     0.020323562583116     0.105164381670559     0.835916431613016
 340000396     0.544515847822566     0.181898156703240     0.531912469001112
 340000397     0.142270960047964     0.688863249020978     0.765919374316727
 340000398     0.516710534210439     0.651354238239020     0.562804766822761
 340000399     1.088476643141640    -0.148795077320163    -0.099266548185964
 340000400     0.684827324145973     0.581940291792251     0.518186804876895
 340000401     0.136709738814490     0.635403450896685     0.767110917717795
 340000402     0.339598825029183     0.228077305498721     0.956012028472885
 340000403     0.575902569728850     0.832045743906116     0.323982263556987
 340000404     0.907636137103213     0.772505028516142     0.697419309650469
 340000405     0.849477636232188     0.696960177841293     0.954381468924600
 340000406     0.087266424562311    -0.096949212165125     0.226777155485322
 340000407     0.731811018448692     0.507608725510254     0.538278425390972
 340000408     0.935036672453809    -0.042886511948251     0.057178745458369
 340000409     0.591295132980322     0.722501131540310     0.091778065895885
 340000410     0.712452133612737     0.242603708911813     0.466082232733851
 340000411     0.551633257610936     0.748803341747028     0.975747334414348
 340000412     0.628239813724141     0.268682655925592     1.035498230921301
 340000413     0.319055951276567    -0.096002491199940     0.592615429009291
 340000414     0.343241976630108     0.007040353756815     1.138717440400963
 340000415     0.973621925461225     0.429943052277609     0.372833441794510
 340000416     0.147307103023259    -0.083909058140461     0.640735298852882
 340000417     0.277461678844108     0.387407709188323     1.014427944758376
 340000418     0.540628636020624    -0.077135168504618     0.839723896179616
 340000419     0.944600490280246     0.937893913909619     0.313472192130992
 340000420    -0.079417320708784     0.454333422543826     0.335739654945224
 340000421     0.877668179104141     0.293886281284145     0.315780585144642
 340000422     0.066394257681256    -0.107718964200690     0.243997480948464
 340000423     0.697148635873683     0.317015279480808     0.317628684377805
 340000424     0.598605755724895     0.723036508226785     0.965761537125224
 340000425     0.112385022092718    -0.170558669690727     0.336738095066994
 340000426    -0.062216578985693     1.043428929868851     0.039034402642215
 340000427     0.422145037590003     0.055621934226799     1.111999556300698
 340000428     0.748181681812755     0.156741916622807     1.230619146410750
 340000429     0.284224777783034     0.220757046029489    -0.027558603690187
 340000430     0.749523931961127     0.642925016180645     0.436092412129922
 340000431     0.183590878675914     0.053603231087507     0.707587555235383
 340000432     0.548991360671036     0.673048107008490     0.935064971461793
 340000433     0.599890005706533     0.305050896039973     0.312073250439697
 340000434     1.006800255453926     0.531381869615315     1.024331777354773
 340000435     0.450887611835586     0.843425931671118     0.687721025231330
 340000436     0.563287361563179     0.762118774248643     0.135542135496668
 340000437     0.949502994998340     0.784329613436057     1.232556688462348
 340000438     0.575702050669945     0.968987077709119     0.317060335085002
 340000439     0.347852632596342     0.158163801013903     1.216188498855684
 340000440     1.007649790386149     0.913026970001720     0.971547210342999
 340000441     0.796059508172823     0.506795822041221     0.217485547519191
 340000442     0.076466764441062    -0.095167742695374     0.235683420296947
 340000443     1.098673929882643     1.095317229826272     0.468549814879206
 340000444     0.699606505004256     0.285031542546912     0.416211135196877
 340000445     0.804639419565187     0.303791959856575     0.889051680583019
 340000446     0.085161051656495    -0.113518820339710     0.252845458043412
 340000447     0.976037023247285     0.912311853454572     0.752414262841188
 340000448     0.622773148635785     1.048717619460797     1.040841249380803
 340000449     0.472880231371351    -0.037890837390015     1.113924395878339
 340000450     0.177959040768388    -0.036287863901099     0.720774683409070
 340000451     0.027573113312215     0.319680607895493     0.240177855031027
 340000452     0.931769417582176    -0.143082972143656     1.021746507661316
 340000453     0.139659928418428     0.669092419712020    -0.235296007683459
 340000454     0.808353394391666     0.370896552852548     0.321919345483818
 340000455     0.616660875790930     0.664432451744415     0.453249021775236
 340000456     0.565068374995886     0.742607427879814     0.980461752151121
 340000457     0.286128513420816     0.653744361149994     0.199006293457485
 340000458     0.576777435891779     0.428097316192079     1.102481044439681
 340000459     0.343126518840269     0.096237649986685    -0.089196477506290
 340000460     0.988187872280846     0.803935183171287     0.637828395482126
 340000461    -0.005202403636047     0.868218111044169    -0.296258525428600
 340000462     0.248734553216818     0.836865283565286     1.138613401058372
 340000463     1.039620346779230     0.361154887236257     0.836744261164095
 340000464     0.738612903582818     0.660166661337118     0.585485896022846
 340000465     0.060376576153494    -0.083576961407959     0.246936838530970
 340000466     0.496520273787163     0.317878227905595     0.903182925010408
 340000467     0.766126421492142     0.463582971537729     1.127345908194918
 340000468     0.334505677957518     0.232136570831515     0.444982050172120
 340000469     0.936581079402279     0.511425509043422     1.019135815992265
 340000470     0.431710069249417     0.733607182006538     1.106884418602834
 340000471     0.399382043570871     0.654874439799228     0.412814714414082
 340000472     0.646778179609482     0.432933013888031     0.933685090264166
 340000473     0.284190261814026     0.830780345043182    -0.216590502721547
 340000474     0.533368797033934     0.542861025175533     0.723385105031628
 340000475     0.002219583515622     0.831971843873203     0.727084666592983
 340000476     0.848589990775923     0.868994405558944    -0.077949974496417
 340000477     0.867199707607992     0.980052804521548     0.360473297921988
 340000478     0.412163421056656     0.180889476213544     0.022870924935099
 340000479     0.579161530820712     0.747914090074483     0.392954969030538
 340000480     0.661139405976719    -0.082812802032333     0.584903826389258
 340000481     0.874130650749919     1.151538705953943     0.171935553644057
 340000482     0.773261663942321     0.418119452198120     0.821015929193750
 340000483     0.118393726027056     0.647784930216126     0.773289698559704
 340000484     0.520671985759339     1.044779146011576     0.475356209657210
 340000485     0.466417781093286     0.177969476469298     1.111167022737594
 340000486     0.709708280663686     0.906402818227681     0.911341386392056
 340000487     0.718490830490770     1.196692507649153     0.465373510917946
 340000488     0.812000125049210    -0.034794608494767    -0.186643761414484
 340000489     0.129728234413597     0.639840604639768     0.809312199525450
 340000490     0.311791030026761     0.245082622324157     1.046947644198499
 340000491     0.745914650259161     0.505202080853516     0.895865676448865
 340000492     0.016493451415351     0.238413798960392    -0.000683240799269
 340000493     0.800380125948090     0.084359396109298     0.390111566252667
 340000494     0.711791079193462     0.576204758899570     0.963406715064167
 340000495     0.469394421765808     0.023550739555562     1.000761755296267
 340000496     1.018950248578456     0.492843892990057     1.031057589632481
 340000497     0.947973254300330     1.159173250881440     0.694060791391184
 340000498     0.660926569220617     0.855614969027628     0.572831715242771
 340000499     0.503889338053483     0.305950981265724     0.140664408243693
 340000500     0.429091474455929     1.119221066932777    -0.044348398247549
 340000501     0.759679577123444     0.367303473103053    -0.140409595828854
 340000502     0.387284609049685     0.426673073776538     0.204008661965757
 340000503     0.156955103422541     0.658922414998987     0.761294149558501
 340000504     0.654250708465975     1.184340634345271     0.400428578475753
 340000505     0.570418365396769     0.753902825478238     0.934562813123091
 340000506     0.640263217093112     0.422762034264740    -0.068228166036539
 340000507     0.917461455798903     0.479789435809906     1.297116622540328
 340000508     0.763560717918121     0.391988746486514     0.298033377279573
 340000509     0.150953903829872     1.150143359925545     1.090029175229237
 340000510     0.791723197704095     0.377269360832762     0.427264667065139
 340000511     0.840863825472422     0.016585351513234     0.249329059658370
 340000512     0.322014544275011    -0.153438466126846     1.286594974249430
 340000513     0.680043326844932     0.241378869700787     0.505398547150726
 340000514     0.192880148276787     0.254325318686297     0.384193645546271
 340000515     0.892524592430401     0.317364278487788     0.332043693853984
 340000516     0.421140217783673     0.164924616418616     1.054686082914765
 340000517     0.686368923532906    -0.171380172182258     1.186200785731088
 340000518     0.874581132991197     0.813067389170526     0.154268158263181
 340000519     0.124805550133612     0.646517280069365     0.803975845406673
 340000520     0.050511200871070     0.372879782866653     1.168146707010932
 340000521     0.842336032899355     1.053385440222317     0.822554276753829
 340000522     0.560905958447660     0.720798494092893     0.956922153475001
 340000523     0.383087251287306     0.031204579103326     1.037633448232691
 340000524     0.105840135855030     1.105502786129383     0.686442018759938
 340000525     0.433449950493317    -0.035552437803158     0.696648753553253
 340000526     0.535782789978253     0.790974039975650     1.084098881415932
 340000527     0.438900366222350     0.629077897300712     0.581426099857107
 340000528     0.916242777762976     0.209792730534575     0.106001496298432
 340000529     0.219801076906431     0.100689891847280     0.621399816655504
 340000530     0.515658030001818     0.220732470496499     0.929494086292094
 340000531     0.238179953673781     0.160306513252611    -0.118630555638616
 340000532    -0.017357081040475     0.131792539433860     0.117443690171802
 340000533     0.621794575717705     0.015793644188840     1.122041243616336
 340000534     0.674908057999902     0.742496415255573     0.507479840445670
 340000535     0.464522874800413     0.051681100766555     1.116728639069899
 340000536     0.984604536454312     0.815891464970753    -0.120242050933152
 340000537     0.317544977092720     0.245998011961513    -0.127423074301689
 340000538     0.610761623017748     0.413285523904590     1.091228930753970
 340000539     0.963236453612442     0.239921842349800     0.613145375415226
 340000540     0.076113806914063    -0.100752212522836     0.228387982539150
 340000541     0.399516595415572     0.197271923541623     0.397264800006593
 340000542     0.680746258407107     0.986030228388973     0.948255519559992
 340000543     0.238367557043822     0.469515355741946     0.311137560939751
 340000544     0.613363969721205     0.687167043039095     0.937844246891823
 340000545     0.804634076819177     0.892840796378618     0.811111229364243
 340000546     0.131017806348699     0.621435916669949     0.789206420608030
 340000547     1.032439175189222     0.973923156918480     0.534040648941732
 340000548     0.755322774483190     0.798591185969908     0.412185771388688
 340000549     0.840803786833418     0.236659216296381     0.496416279734912
 340000550     0.947383906232931     0.951247700473819     0.393073280109261
 340000551     0.619440760929871     0.346387461638190     1.030122915272323
 340000552     0.246107282106012     0.034989569837878     1.010346813116045
 340000553     0.605255261470216     0.703210914759079     0.932596617819021
 340000554     1.026350970605740     0.246388533055079     0.213737190782256
 340000555     0.573161321444258     0.099492126239259     1.057136621496005
 340000556     0.535627967415484     0.451203154246437     0.898753219058662
 340000557     1.043250045452044     0.325551851060402     0.366915630256494
 340000558     0.072823147743490    -0.094399551675707     0.227581691551486
 340000559     0.422134986278269     1.118134881735025     0.751988535991497
 340000560     0.234753966804881     0.383977067922194     1.254483005553868
 340000561     0.454977991093087     0.646323539099043     0.547420769947214
 340000562     0.496614013054808     0.100341780080419     1.126387149887255
 340000563     0.751319962849207     0.314514037727969     0.204287441354289
 340000564     0.991159311088829     0.398349947120719     0.616367842687636
 340000565     0.913313573743476     1.170854118087151     0.307601333262765
 340000566     0.211171407947995     0.203195053625891     0.614244685584135
 340000567    -0.063449892406887     0.630029150710844     1.153940208127622
 340000568     0.551048258625565     0.720261673383126     0.948683094454552
 340000569     0.447812964940425     0.793342062135867     0.830706285538539
 340000570     0.504869325680059     0.616904231801588     0.278784468042245
 340000571     0.141528473246993     0.666521490309532     0.754570825547177
 340000572     0.458592086356646     0.098543791859394     1.074490877682160
 340000573     0.417000643966053    -0.043704550928121     0.642593332761290
 340000574     0.194583981112517     0.359217584878911     1.027461987323085
 340000575     1.029459030537743     0.768485066817583     0.196734324975241
 340000576     0.262196497690250     0.151395929209687     1.227527367350721
 340000577     0.876557573226613     0.121010580752634    -0.131419176002757
 340000578     0.904772070628239     0.580453889752059     1.113701997996935
 340000579     0.204800996377478     0.050241311721979     0.683802030493651
 340000580     0.952188879104230     0.518682712822767     0.981517261960421
 340000581     0.677743298061395     1.062718807802562     0.442884833850504
 340000582     0.240954204405936     0.954532607013447     0.599232274551725
 340000583     0.623708056992396     0.002412696929174     0.665126793701823
 340000584     0.946485486647676     0.781144805253613     0.975122538377011
 340000585    -0.094825488701609    -0.072842947910246     0.387263891706786
 340000586     0.681115979841925     0.157950150488201     0.911560190955882
 340000587     0.321518117187171     0.123154596575017    -0.052484900025109
 340000588     0.554930467355931     0.158300595907822     0.993730417139636
 340000589     0.877929237526677     0.352685562948227     0.836642553788879
 340000590     0.142104516915625     0.694506322735682     0.781602944202869
 340000591     0.307058417523072    -0.114536448584934     0.675293453778690
 340000592     0.441495788430798     0.056109712024142     0.694534691081207
 340000593     0.481489523939231     0.028873151473118     1.161046484711507
 340000594     0.179004453254628     0.467492603041948     0.422107381795783
 340000595     0.566620592803807     0.300445159433768     0.181088222214283
 340000596     0.997558103865626     0.755600602972177     0.677204729032563
 340000597     0.137809040252950     0.634416295227849     0.813367886694563
 340000598     0.207224454022411     0.141107004383783     0.785563019760751
 340000599     0.798571220478923     0.296548059624996     0.449853825062795
 340000600     0.368507438769608     0.197771598969131    -0.090650565638974
 340000601     0.913433502770819     0.440008879460062     0.116063342963071
 340000602     0.401069966513462     0.043818961203087     1.175956122651817
 340000603     0.313873639154712     0.067062574121922     0.574462172260077
 340000604    -0.054563226198172     0.479002913660050     0.741958702464469
 340000605     0.164254728662332     0.656166780779866     0.787546867929999
 340000606     0.651342291701686     0.464690958291578     0.465049313854625
 340000607     0.707118979944236     1.071662298561846    -0.136652831907963
 340000608     0.581921027167558     1.158057216766657     0.072023773404657
 340000609     1.023586404161400     0.993812587136624     0.822353243592074
 340000610     0.256011161988920     0.481130238362950     0.827413567357835
 340000611     0.477944031184642     0.136690112957112     0.772627291128799
 340000612     1.047296034118978     0.809574640172372     0.484987512037964
 340000613     0.038643054845267     0.800650779202225     0.190744721706536
 340000614     0.601335716631782     0.680915000724347     0.929517440726722
 340000615     0.520450593174493     0.536087126336339     0.475399852841700
 340000616     0.694620706767314     0.310030990050185     0.346119357150462
 340000617     0.563777822810431     0.822116525369313     0.645013590645635
 340000618     0.938882682600560     0.596451420951279     1.027207900377345
 340000619     0.671398020141857     0.438410771108823     0.452954720630592
 340000620     0.239082070358851     0.177177729709450     1.074777618924766
 340000621     0.449515697076528    -0.054937426641066     1.035376447629331
 340000622     0.402416741624904     0.124824433699149    -0.011249797272655
 340000623     0.082006458554155    -0.102451161310359     0.245632049084326
 340000624     0.932297709320564     1.012590017511920    -0.268342905586976
 340000625     0.110642930853052     0.663916161341816     0.801134448785826
 340000626     0.746776059698048     0.577731582495002     0.741190642356066
 340000627     0.036844863105545    -0.084778684911171     0.251051045743250
 340000628    -0.026371852979088     0.344394907084306     1.005500208865706
 340000629     0.145038941658183     0.669766949348547     0.766093086215183
 340000630     0.742328109480236     0.180059191355792     0.890112654886005
 340000631     0.386260179476303    -0.033958585596392     0.185592033751314
 340000632     0.343301034684947     0.132688389004098     1.064699710484354
 340000633     0.058903907552850    -0.106318725757808     0.277150646729474
 340000634     0.394339297558112     1.182822168827355     0.762813390524287
 340000635     0.984002388261637     0.510832558571781     0.640702562914537
 340000636     0.950946937175708     1.126353208423039     1.257043826521895
 340000637     1.009222575722341     0.740131553731566     0.859533991320234
 340000638     0.915086806246586     0.928451154199658     0.684569507521455
 340000639     0.896294443761430     0.398402181580577     0.221419252986481
 340000640     0.328854730533253     0.427833370544287     0.758917822564327
 340000641     0.857921598615630     0.580655771245016     1.053345690177430
 340000642     0.040373771040292     0.147802984005697     0.299338522911878
 340000643     0.646630563022920     0.326823768002900     0.482629444474352
 340000644     0.623166296825339     0.221783181211058     0.813641534494115
 340000645     0.910494221403504     1.090684937225688    -0.031285056835473
 340000646     0.610551010749370     0.702166257616698     0.935807704151184
 340000647     0.850333398837542    -0.188644529370587     1.295419176287431
 340000648     0.699229984320375    -0.157413486699034     1.094898284542068
 340000649     0.142611586001616     0.656695788883554     0.773963817767082
 340000650     0.654002156843607     0.425296040592481     0.597973229707060
 340000651     0.818396582423466     1.101074236512454     0.916655794664333
 340000652     0.434673516345591    -0.041935055477737     0.933801834884219
 340000653     0.980261646353852     0.526447900300202     1.053870615222569
 340000654     0.470104222135684     0.063792352293872     0.785956785144339
 340000655     0.451981486062364     0.041039398519940     1.000402147414162
 340000656     0.328808962682035     0.944720087939235     1.122714392061389
 340000657     0.928977015560915     0.848126272706515     0.687711037139935
 340000658     0.295977270424867    -0.020590643436597     0.655343621008680
 340000659     0.886542957327376     1.177834833247136    -0.062313857420077
 340000660     0.742665058067125    -0.112856756845759     0.193663116426281
 340000661    -0.039792540150065     0.101307734308520     0.244156657337772
 340000662     0.157315188111461     0.685047843216348     0.787908813452239
 340000663     0.491626889645353     0.141659264447001     1.163400477457963
 340000664     0.429696274033575     0.082966205944519     1.103782350535963
 340000665     0.223257126521292     0.199473587788299     0.865849584740674
 340000666     0.601977019203231     0.205667850261364     0.945173041526023
 340000667     0.010495313561539     0.387376218550039     1.103189354477428
 340000668     0.399532576476788     0.208906217708242    -0.007702868691672
 340000669     0.781510846179243     0.261615076983001     0.996532718070842
 340000670     1.043255773905511     1.096313897703618     0.908932620603960
 340000671     0.131350121690599     0.654588031067085     0.805247513983574
 340000672     0.712933162922075     0.345096233937390     0.348549615111926
 340000673     0.151279694211908     0.072317247546781     0.397566414033242
 340000674     0.562618225358746     0.865741230372395    -0.002613092428365
 340000675     0.596379580255789     0.192470375081343     0.617261663747036
 340000676     0.060892130994875    -0.100964838247038     0.234075086825833
 340000677     0.573085816466698     0.359253471318173     1.052447686493019
 340000678     0.071606311966814     0.088896490522522     1.139498394599457
 340000679     0.082784441879064     0.063903012788720     0.781856907748034
 340000680     0.585750011155116     0.761154967809794     0.986497189197132
 340000681     0.199952480159677    -0.110162585473969     0.635284121871328
 340000682     0.649933814937698    -0.175553742939806     0.875492025925586
 340000683     0.360510450395591     0.353320626502127     1.256626972721077
 340000684     0.124998479087427     0.675081278757441    -0.046721031193254
 340000685     1.081144161173867     0.567717342828129     0.768790866995742
 340000686     0.901348226147563     1.033329770213444     0.537971447330555
 340000687     1.000299134724524     0.866583422136854     0.345049912807702
 340000688     0.700360627736423     0.265303121582382     0.363895267851350
 340000689     0.542923606923983     0.677874671153503     0.227413272496976
 340000690     0.767806497232312     1.051670329314736     1.043972333283869
 340000691     0.066077658325168    -0.094589237528021     0.252907766162599
 340000692     0.354028164677695     0.179160307151656     1.055910644391595
 340000693     0.372140008206049     0.134198127063704    -0.104487289400102
 340000694     0.762534786704945     0.346218311585053     1.150135417290248
 340000695     1.085035224736485     1.090226708603496     0.658733198439606
 340000696     0.761920055815319     0.287855766564207     0.457158625335250
 340000697     0.540789653818422     0.975227961155179     1.009650836444825
 340000698     0.939471700204314     0.620528584075874     1.073171782186852
 340000699     0.313510231421994     0.722317149579252     0.280448825542684
 340000700     0.396307298864320     0.915876304218624     0.626325079373868
 340000701     0.107003296645159     0.675566883818033     0.779445798865719
 340000702     0.580891135179858     0.113886525795816     0.649172686696572
 340000703     0.136564953420815     0.644168352441663     0.796920092699520
 340000704     0.175415047013437     0.304628469934935     0.118860176376853
 340000705     0.390749162773295     0.674205142685113     0.437783222207357
 340000706     0.707644226213710     0.524634010507457     0.327656528216230
 340000707     0.482818819249304     0.352093200411044     0.563486839482905
 340000708     0.865627717836307     0.640228970575525    -0.056841426893055
 340000709     0.116753752496389     0.653567379371752     0.803868394182295
 340000710     0.734925379690054     0.836227717153334     0.521885184456915
 340000711     0.161703723432991     0.658703152768428     0.777530451376994
 340000712     0.774481426201024     0.142616909100163     0.927347502720462
 340000713     0.944140988699889     1.070575646993779     1.277357140841441
 340000714     0.166112835903013     0.758686419933797     1.172972280933889
 340000715     0.161239552439940     0.652947620097162     0.806041147696036
 340000716     0.521758465258199     0.320693769151003     1.241999931004989
 340000717     0.398016821961601     0.439828160318358     1.210308859924837
 340000718     0.409192614245576     0.549216499821342     0.517580525980134
 340000719     0.488781278812497     0.082503818280350     1.126553182503249
 340000720     0.875441554900997     1.130385554135942     0.200492078264783
 340000721     0.582622004588675     0.683569682177811     0.919905620933691
 340000722     0.610824541675336     0.706469284511376     0.866783874282289
 340000723    -0.011071744848540    -0.124050456713173     0.153943731306930
 340000724     0.885951564772504     0.609118134716771     0.388513229828312
 340000725     0.695538143776229     0.263951506479336     0.285177107938844
 340000726     0.402135429169411     1.046977928559395     0.428731352533735
 340000727     0.771167975346404    -0.051679183793780     1.138076011846588
 340000728     0.079369917194209     0.911061006990012     1.081980562740286
 340000729     0.725071707662601     1.135506293155578    -0.008911293617002
 340000730     0.630657183733285     0.277853482761552     0.463405499885104
 340000731     0.345527103791057     0.211743028579760    -0.074827461895077
 340000732     0.623311483041100    -0.010431949569156     0.977769321074844
 340000733     0.052147574692239    -0.096875175072626     0.244479231026178
 340000734     0.679391541224342     0.515198228274072     0.983431293325712
 340000735     0.854574539676906     0.282488846885406     0.425821880348161
 340000736     0.382863308054379     1.188082462156017     0.444891834864482
 340000737     1.021224715534493     0.470172640708462     0.623110975969160
 340000738     0.970904894907171     1.002575063100555     0.235648102850019
 340000739     0.456418608245663     0.394303717954931     0.878418883522837
 340000740     0.455292000656256     0.209994616784956     0.545799288439217
 340000741    -0.005235736093018     0.526843240292132     0.395001837763867
 340000742     0.369266584844460     1.028721958531150     1.254099217410127
 340000743     0.633734149431563     0.877405356069678     0.391682832263923
 340000744     0.546612958044375     0.129738151376959     0.551176677050779
 340000745     0.680222915572206     1.116481293150763     0.975710382196278
 340000746     0.277640429907941     0.152870702518420    -0.130644198857822
 340000747     0.193105228244806     0.017767521339259     0.561784530194642
 340000748     0.502853338259982     0.411654749430046     0.656792509101909
 340000749     0.487092552227996     0.714230448975254     0.815827084881849
 340000750     0.507055121256198     0.698750651867957     0.960716518550278
 340000751     0.653452445398482     0.398456900247269     0.343945659714867
 340000752     0.517208792234072     0.639454019385099     0.177582511122088
 340000753     0.012802452707874     0.183431476024411     0.549455406704335
 340000754     0.528002983099065     0.758478457438385     0.523766455283174
 340000755     0.925537427050589    -0.099838285267860     0.406221598939018
 340000756     0.070758674852688    -0.094752269420332     0.250299536489130
 340000757     0.316451885191461     0.328341604187761     0.154016437974444
 340000758     0.525630527531511    -0.179068921695820     0.998497365672114
 340000759     0.717012589992230     1.135877396385793     0.241531919873384
 340000760     0.136625433128349     0.660399652129747     0.767405416473635
 340000761     0.755594559476485    -0.140362817647603     0.408323647073393
 340000762     1.028689035380419     0.576965747847063     0.936439939220724
 340000763     0.585857640405261     0.841572955129025     0.379332816210372
 340000764     0.379845255691523     0.004859603191601    -0.008353120139953
 340000765     0.518690908693807     0.311215642214712     0.823742227540859
 340000766     0.125104537762844     0.701570391557008     0.805459409196767
 340000767     0.591709302613074     0.626840347100637     0.364709992480994
 340000768     0.260918076156373    -0.095805220376090     0.159194795212146
 340000769     0.927417965817372     0.552538725210540     1.024771524367231
 340000770     0.122515131084500     0.642502008961140     0.792452147476237
 340000771     0.986933017665538     0.492843045897042     0.965552534739871
 340000772     1.084737690334757     0.092321000816208     0.865983398026885
 340000773     0.490924542657926     0.160719339270533     1.175824457901994
 340000774     0.883096622458166     0.168078176455603     0.519803960092405
 340000775     0.551397527346016     0.712866174328925     0.994717155129491
 340000776     0.230160739091826     0.738026355639261    -0.151371273014480
 340000777     0.402038441000293     0.343096319738415     0.041713082461587
 340000778     0.362229787900940     0.306814415280823     0.447847661483881
 340000779     0.969182980505575     0.088300929901140     1.110127979902381
 340000780     0.060175077153616    -0.128363746955131     0.238389391959822
 340000781     0.642854369014033    -0.033197220228350     0.748019977499352
 340000782     0.197156310172589     0.765062891748244     0.536127929563777
 340000783     0.998399830794984     0.114556380857583     0.504907710725018
 340000784     0.314891821116954    -0.050600054040733     0.553243492739377
 340000785     0.828784643210753     0.403752026827284     0.420650599650176
 340000786     0.886030592005518     0.506167380352733    -0.257035990584330
 340000787     0.000840370668740     0.255394016074971     1.107925496651895
 340000788     0.911082663908396     0.522478820098742     0.999150715619318
 340000789     0.633518541305721     0.689589086451627     0.204168950816685
 340000790     1.013946151100371     1.051173381486542     0.932826532184167
 340000791     0.925769994229173     1.195416685915490     1.006838789651215
 340000792     0.394120661428418     0.013871704316801     0.508196027452709
 340000793     0.650456585697841     0.642368336595208     0.469637300989606
 340000794     0.706679970137914     0.456154611489496     0.250881041310532
 340000795     0.455254351862366     0.224024170131482     0.938547348954073
 340000796     1.014087776304029     0.779331310613934     0.827395850317033
 340000797     0.756457325655032    -0.166995586060617     0.651634866888494
 340000798     0.247521822008885     0.117758555978763     0.575330060417564
 340000799     0.243319053803625     0.139013793523651     1.259949214115699
 340000800     0.416542327922958     0.083077365204844     1.114958527563542
 340000801     1.083847169597759     0.202009462193758     1.094698562781289
 340000802     0.599435734494023     0.718543110231962     0.950548251766037
 340000803     0.189715576301834     0.149972397871920     1.025944555636747
 340000804     0.593502216705833     0.798556084105954     0.496915935708772
 340000805     0.960520163525670     0.566180244436987     1.040401298733890
 340000806     0.726635363042897     0.723638290623297    -0.218757735490866
 340000807     0.527155020647081     0.616920133330231     0.356684194337660
 340000808     0.797818282480562     0.456152636814430     0.975004870457944
 340000809     0.979805842073098     0.318623975440045     0.228534256945072
 340000810     0.521092794644911     0.615350282896048     0.788687000751148
 340000811     0.340171414669478    -0.126884837752651     1.129808161018148
 340000812     0.107946108757431     0.287439799252143     0.488248768312560
 340000813     0.738585090101617     0.199379796639933     0.904455978937490
 340000814     0.555031245205309     0.664371146088905     0.951941585492443
 340000815     1.079135745163602     0.594926335657403     0.023899809679488
 340000816     0.062132688914523    -0.066312879139487     0.229659586858322
 340000817     0.955788576470916     0.110548206968272     0.254167808700964
 340000818     0.363820286858115     0.594963031205881     0.438642786724457
 340000819     0.676546640135495     0.758406931134303     0.203849775365428
 340000820     0.794821634538286    -0.185058625847691     0.042102573946430
 340000821     0.738944895571245     0.217011207087430     0.471414221861798
 340000822     0.542141664865021     0.038305359386404     0.977605011515508
 340000823     0.981701664396910     0.229181474455565     0.534321150068689
 340000824     0.398038146736474     1.118553296621770     0.005449470477479
 340000825     0.297960225020908     0.269169421019342     0.990152848978502
 340000826     0.422440612855434     0.604411804466165     0.580401290428893
 340000827     1.011073748661768     0.015602948305389     0.563282566655434
 340000828     0.968753771855345     0.362614582310272     0.105743700447869
 340000829     0.742215449964158     0.477590136116466     0.416409059474727
 340000830    -0.022438186553909     0.039720356395748     0.611136388204651
 340000831     0.453725374915244     1.140509458030280    -0.148239078545763
 340000832     0.965603513550064     0.406037038802789     0.353273990285061
 340000833     0.160035914719182     0.673875710017178     0.818249502693236
 340000834     0.688636236597805     0.163110150431065     0.814025243140524
 340000835     0.317379103094440     0.197510000301471     0.635803253770028
 340000836     0.741769922555975     0.232608111416228     0.092585356406685
 340000837     0.459504411962899     0.802560389885745     0.780314828884019
 340000838     0.465814629287438     0.015995441257530     0.749543129278625
 340000839     0.058122270790934     0.229068954854478     1.092131569690546
 340000840     0.305256682535227     0.870712681160354     0.616618321866453
 340000841     0.153721048027507     0.658557091181287     0.787531015949333
 340000842     1.002211653022528    -0.164303687498823     0.150380718546608
 340000843     0.089779155624309     0.201249683153059     0.300824498888524
 340000844     0.131342099608848     0.650606451008118     0.755280092743179
 340000845     0.175408742316293     0.630749791476801     0.826697340846454
 340000846     0.142686683768462    -0.067156826338627     0.693460937181604
 340000847     0.407196483177757    -0.047277105019604     0.583174172524411
 340000848     0.368730087486222     0.262073733456982     0.946344604759497
 340000849     0.684109550962324     0.711911075729525     0.533125583410909
 340000850     0.718482808067371     0.274693492440060     0.363367711967287
 340000851     0.959352027220591     0.553080051752062     1.023175730234418
 340000852     0.522950356109900     0.581318154680502     0.766172306155529
 340000853     1.061521733122019    -0.199977675387127     0.623608783877458
 340000854     0.983125074582019     0.585676315466575     0.012774381440706
 340000855     0.136569987181072    -0.048059051427986     0.406939175878436
 340000856     0.262996552479181     1.051483249473614    -0.295842831214761
 340000857     0.182730168625920     1.182300111327205    -0.248053594181697
 340000858     0.530300357103267     0.433331563600413     0.576937177186780
 340000859     0.112387711967249     0.010113304544794     0.090249098720475
 340000860     0.971966671775443     0.555100086908382     1.111325643233735
 340000861     0.303099930818069     0.125247347163647     0.027915676188694
 340000862     0.963198872988277     0.553288590252103     0.619569531024666
 340000863     0.350204967536911     0.380653667978966     0.004139460427008
 340000864     0.922472113372631     1.084901691420221     0.785972409750913
 340000865     0.444794679967281     1.061204258204312     0.241949933241140
 340000866     0.263715463622654     0.019087631761636    -0.047626997001803
 340000867     0.891663760312424     0.343712117390684     0.884035656787372
 340000868     0.743282220263462     1.071962781812951     0.802757227362322
 340000869     0.569876084564765     0.255133368225678     0.401815572186311
 340000870     0.423002022767165     0.371791839148098     0.728951685934229
 340000871     0.432904784941885     0.059330033822961     0.656901020755467
 340000872     0.948488063836595     0.950270886101095     0.163275823435111
 340000873     0.746693544421501     0.229673729413337     1.079271945600774
 340000874     0.072855566296448     0.461930101920484     1.111111382876247
 340000875     0.594076537595858     0.244931702010368     1.066570593036660
 340000876     0.300235970367839     0.037365860183243     1.085603927609341
 340000877     0.338828330633254    -0.108582630921477     0.610945015737485
 340000878     0.638043721515632     0.297409314987732     0.396026976301467
 340000879     0.580363922026599     0.214616386295577     1.190647101262653
 340000880     0.484643454383281     0.528240313113257     0.658810804334718
 340000881     0.140938760213731     0.650178060151244     0.762083669894956
 340000882     0.376177962669527     0.966636858586034     0.385270063684456
 340000883     0.867994561528857     0.604403231483827     0.488433426883797
 340000884     0.532515194961380     0.036991830592179    -0.174386041632375
 340000885     0.115137840168867    -0.167735136074004     0.690238131081434
 340000886     0.842501404014394     0.320414629728266     0.598056282973840
 340000887     0.994244205728469     0.340219161041507     1.132842446766880
 340000888     0.131951560182163    -0.077460960787709     0.788382349478354
 340000889     0.995584330780547     0.861577553150746     0.130739039521759
 340000890     0.676093538498254     0.901473085328155     0.523924289711309
 340000891     0.714538061432802     0.261549404234528     0.929951764289184
 340000892     0.657150492802821     0.527169067314386     0.860585764695052
 340000893     0.355847390153752     0.090879306804850     0.625798268045077
 340000894     0.595577595715580     0.695266120624220     0.958416615234818
 340000895     0.515506615007203     0.360360923848139     0.622368239024465
 340000896     0.633560957409675     0.238765022867826     0.344154780669358
 340000897     0.730194187704719     0.995192742191692     0.684858601276928
 340000898     0.539323513774567     0.942940413231149     0.546269896576421
 340000899     0.517370961646286     0.516471424487723     0.828178910419269
 340000900     0.047282273397645     0.885025427498892    -0.058655202313102
 340000901     1.031378756392354     0.879903754268615     0.749529348610003
 340000902     0.563383676532164     0.742880624040090     0.451427611012772
 340000903     0.533982713816371     0.629073111691668    -0.111124009364178
 340000904     0.556169425171666     0.773508802646475     0.923087613026844
 340000905     0.264648905041124    -0.007555605716443     0.615308742287191
 340000906     0.783809410939103     0.705566243143732     0.733326462804589
 340000907     0.335045047316042     0.152705767476881     0.988259376387600
 340000908     0.664859210193530     0.231476785764350     1.178123689667838
 340000909     1.090560663327384     1.174403416794224    -0.295864042322667
 340000910     0.444302590958248    -0.014743171008666     0.999986000999407
 340000911     0.122864096499700     0.467992278638121     0.064573979204693
 340000912     0.718527560449536     0.585111385119539     0.875755967163227
 340000913     0.610813576649788     0.842347610900083     0.938255751127989
 340000914     0.070385423688504    -0.113767718623394     0.253885604367157
 340000915     0.231476390183068    -0.127827447230913     0.423327563678007
 340000916     0.939697236074497     0.569039849810428     1.039097493020837
 340000917     0.121784782851723     0.653723203648760     0.800007778726751
 340000918     0.088856824705692    -0.087774324272730     0.263599988847356
 340000919     0.211092978161106     1.071061397155540    -0.186330705266429
 340000920    -0.096554280765404     0.411385025426529     0.292461913980814
 340000921     0.961901234958298     0.533285607252076     1.007383648868652
 340000922     0.485085805362234     0.550848472376641     0.178840533219576
 340000923     0.331915853173759     0.128091208565065     0.837195691816546
 340000924    -0.099319604836146     0.984874541558132     1.114349439470375
 340000925     0.233577503316898     0.183547618629172     1.093404249758246
 340000926     0.343524770921087     0.119007353601633     0.957856017575392
 340000927     0.543925929464495     0.272454404017884     1.054531856586207
 340000928     0.436050722425585     0.103271783140307    -0.265090204763224
 340000929     0.140343052470334     0.685376345101321     0.814100134356840
 340000930     0.384238650815397     1.158048775863736     1.012532370033686
 340000931     0.982849010061722     1.052205089402639     0.235161470750841
 340000932     0.327895717123870     0.015875608875874     1.155585067261696
 340000933     0.063734781633079     0.541676938937074     0.424843663468180
 340000934     0.123314008146545    -0.079155149685061     0.247408684322355
 340000935     0.459023110727214     1.175487185523067     0.090748574758593
 340000936     0.699653129608620     0.898908240562314     0.310859423657998
 340000937     0.685459077433273     0.113330807916593     0.614534328212402
 340000938     0.194904882828183     0.526875359859033     0.725137543395353
 340000939     1.043931727800763     0.498298139658984     1.027712634294246
 340000940     0.545250573036052    -0.036281235167440     0.802228910869929
 340000941     0.833044470292983     0.400530632868174     0.368866685768020
 340000942     0.877122636680985     0.602477566110449     1.051839074179138
 340000943     0.538514859673571     0.204378016372639     1.193874560369149
 340000944     0.052925386737934    -0.111464197238122     0.236170871628928
 340000945     1.005822310729901    -0.164304914064026     0.269772872310991
 340000946     0.333179624354625     0.148995994395779    -0.044596664435198
 340000947     0.352287847333720     0.242618396493832     1.009875820737188
 340000948     0.361946831101711     0.327617888932641     0.642705171145402
 340000949     0.527031643121682     0.624637344931511     0.512075119090763
 340000950     0.285820921470921     0.152747258316027    -0.029371491474694
 340000951     0.311970133816275     0.288681269148316     1.111359659051436
 340000952     0.562713161264057     0.187707121285614     1.160997271829082
 340000953     0.139502021955785     0.647664651235763     0.773753148086572
 340000954     0.974085974052276     0.545378026854779     1.089892438792715
 340000955     0.583788113519758     0.661959366778940     0.461296038520949
 340000956     0.998139893718988     0.418335107935965     1.204996454049964
 340000957     1.038806954654639     0.078118044349351     0.604435865808572
 340000958     0.717203570052123     0.851512872535157    -0.061318357170691
 340000959     0.136161810190232     0.656453596387505     0.779188240475863
 340000960     0.062695309131217    -0.095437898265967     0.260556507293879
 340000961     0.267182646188602     0.147293367898348     0.020914011552058
 340000962     0.388437797729112     0.148253165141888     0.466267649656865
 340000963     0.957414086862753     0.832551561242066     0.325001603281819
 340000964     0.181693961829271     1.156429245671101     0.122176526860754
 340000965     0.305128319877112     0.139312579318771     1.081427677416880
 340000966     0.718946495357561     0.086843000147461     0.937501228706777
 340000967     0.308611990917905     0.489017603483460     0.544852842548881
 340000968     0.493879527613348     0.979710683237799     1.050235126041522
 340000969     0.738762698811772     0.458739659562615     0.563929345662574
 340000970     0.049263340353060    -0.100308180934923     0.240097267100169
 340000971     0.726549538956241     0.227615872560143     1.150444077796243
 340000972     0.843760716805985     0.648861199695148     0.667972698323046
 340000973     0.575481996624821     1.135448350947290     0.923694967012409
 340000974     0.733603693350975     0.032063047995517     0.867515965656363
 340000975     0.561084137525843     0.229065550239834     1.025900576335957
 340000976     0.032056288414700     0.910699962619440     0.615333479799608
 340000977     0.408058896961727     0.873940453978240     1.278882815678084
 340000978     0.162600937275706     0.639488901473851     0.761686188989499
 340000979     0.493951294559239    -0.137969737880338     0.631740309117909
 340000980     1.036538793909977     0.230566453746547     0.795658310212331
 340000981     0.934666449295426     0.526456119040569     1.012188051652317
 340000982     0.294579419885012    -0.065863981489050     0.658313122980706
 340000983     0.567148094069746     0.699793145624811     0.953508291168103
 340000984     0.874984080770618     0.590797745374403     0.232432729734391
 340000985     0.733732992685927     0.200684764959593    -0.035622077153175
 340000986     0.284017150117071    -0.084641968838703     1.003697300677979
 340000987     0.442980741475246    -0.121163946139883     0.844701676355982
 340000988     0.827841114642000     0.537538177152356     1.129895421397158
 340000989     0.383270277974768     0.632997776474180     0.078653187636387
 340000990     0.473373728710239     0.828860066834281     0.411276663898398
 340000991    -0.089409266417195    -0.081789193483951     0.553498872817462
 340000992     0.601424577910109     0.721957193101181     0.933770257150858
 340000993     0.786991214778221     0.810407491803790     0.000188237559773
 340000994     0.470535788911778     1.036032036118479    -0.292078043404612
 340000995     0.197041605783622     0.430123260699911     1.161748085780820
 340000996     0.299436445723109    -0.005966372046440     0.583994491518239
 340000997     0.481618989082527     0.492741797802538     0.943297556980560
 340000998     0.414112610714704     0.025728751543664     0.651474200142777
 340000999     0.591729332630637     0.223720666202689     0.222994987003940
 340001000    -0.041720537641626     0.827540004826152    -0.087491647136177
