  20000001     0.528820465771506     0.016598594878508     0.889638876950680
  20000002     0.922694301804729     0.528807855855347     1.036808629300839
  20000003     0.343909790248636     0.497163512996873    -0.122078253449276
  20000004     0.967304957215771     0.383307036568755     0.716787107915053
  20000005     0.957519047030095     0.207023409161774     0.990149161947203
  20000006     0.304054399686397     0.251540031047776     0.442538542111929
  20000007     0.061347215140374    -0.091156782378050     0.223951853211799
  20000008     0.091475831789005     0.460163064465027    -0.111226895064047
  20000009     0.938847919450883     0.356708918598999     0.340720743611490
  20000010     0.818616671831410    -0.162570660980804     0.217519964615622
  20000011     0.772856328767574     0.360770678307127     0.269541209807679
  20000012     0.026576942914226     0.592825033203942     1.221191239410748
  20000013     0.175885677866604     0.658510795172995     0.766333771976341
  20000014     0.236700210688201     1.124277655469738     0.583116211533889
  20000015     0.865367013638049     1.088136907268715    -0.020156083997473
  20000016     0.007751981774196     0.792054140789881     0.319659007199165
  20000017     0.505999641195637     0.586009630794122     0.634586340777819
  20000018     0.377724841535376     0.138480245799364     0.531045619669205
  20000019     0.439071319032392     0.199687902933029    -0.103005618023868
  20000020     0.163176060749819     0.628948062689662     0.749701789009294
  20000021     0.288192176215375    -0.063864254595018     0.935148584973479
  20000022     0.622157931495462     0.548670699483129     0.543086625235374
  20000023     0.689302255820019     0.658716160493178     0.071181419091576
  20000024     0.714495736429837    -0.012359378181342     0.442258712283336
  20000025     0.559605595037692     0.701610684595336     0.956028311334487
  20000026     0.482231618993223     0.975732978215621    -0.070566829745884
  20000027     0.920560114421647     0.759043260549389    -0.131733764103521
  20000028     0.946779300188364     0.510527549406038     1.073912956003208
  20000029     0.996487459749419     0.502505787304700     1.052609998876050
  20000030     0.401526646583270     0.341170531453010     1.263943124509616
  20000031     0.489656977714134     0.159937377573188     1.091669392867058
  20000032     0.804456693306860     0.865201070528604    -0.266925814350867
  20000033     0.856796982103882     0.812862403298890    -0.020380647083654
  20000034     0.057230606193683    -0.130043338407015     0.231836425089704
  20000035     0.726907345911758     0.262531900087928     1.148611626652572
  20000036     0.353803287324065     0.656593230658364    -0.131802312131208
  20000037     0.673352609978636     0.518983316210897     0.639953881667236
  20000038     0.562031602233285     0.102619705778462     1.035083946129305
  20000039     0.718332397557349     0.228239312642596     0.820441522216094
  20000040     0.669982629293437     0.265500691675389     0.360469565386456
  20000041     0.960321339786324     1.043727080538607    -0.053064571459223
  20000042     0.544715040721547    -0.085169180604581     0.863408792947498
  20000043     0.207566040352114     0.196188977242454     0.698574945819613
  20000044     0.568580004395709     0.721990094589913     0.942758421874109
  20000045     0.361122614792692     0.810763584269019     0.637106418532123
  20000046     0.632855837620051     0.510533283490326     0.539308583939412
  20000047     1.011644533392184     1.088172322820379     0.700483984214024
  20000048     0.964803421082960     0.600023639232974     1.030668280346380
  20000049     1.083992288762819     1.080100822699369     0.371272292885052
  20000050     0.332455574033996    -0.111451131058304     0.592772129490564
  20000051     0.324466910043425     0.264117475587697     0.992415082367866
  20000052     0.294302283637684     0.853265565846308    -0.265501919205316
  20000053     1.089151557644741     0.986623988492731    -0.167728020899462
  20000054     0.757211041126455     0.271946218026394     1.167932724083310
  20000055     0.569242855419041     0.214830851610788    -0.199066109303967
  20000056     0.484436153357985     0.557344883982457     1.148521472155783
  20000057     0.871104478552790    -0.168849743339763     0.062653371331566
  20000058     0.480113140613787     0.626153707219854     0.483671481999436
  20000059     0.562448567844247     0.209960776090378     1.072777327131747
  20000060     0.820051243368359     1.110978929029086     0.333503525259534
  20000061     0.944159598421819     0.551519125514585     1.017092920363820
  20000062     0.714787752269568     0.264214450500741     0.499018984595875
  20000063     0.527172071584665     1.002456212791916     0.201496788825633
  20000064     0.955343700691550     0.999296978842357    -0.271832322432141
  20000065     0.242006067659429     0.279613373891155     0.418560903484621
  20000066     0.132929383381115     0.135719213462473     0.928827339356519
  20000067     0.578926427990591    -0.046141105206001    -0.200527433259888
  20000068     0.183203910106174     1.039404695056169     1.136890549100332
  20000069     0.690500162704272     0.336708843101369     0.476748239274682
  20000070     0.417597136327339     0.117241860352262     1.045628668582345
  20000071     0.305098925450434     0.766294644852632     0.111526901331516
  20000072     0.252194608299219    -0.059168367350140     0.852181998274365
  20000073     0.999271221659182     0.998561617281697     0.160207094157796
  20000074     0.321919046393027     0.201678250299191     0.716549167944467
  20000075     0.338177273072722     0.301861850458520     0.829131793021989
  20000076     0.430875212100572    -0.183277418080093     0.798854921419202
  20000077     0.747147393366530     0.233033616252283     1.057171647112842
  20000078    -0.038236317575038     0.572683848101360     0.229984467302107
  20000079     0.992459509694285     0.466347557724405     1.068138876977364
  20000080     0.212466144377799     0.684113527577909     0.295977387335476
  20000081     0.148703059878104     0.656975222320600     0.804562392974517
  20000082     0.640087196864571     0.423277036004318     0.280320223414490
  20000083     0.886662974940991     1.055658522173443     0.085090825782157
  20000084     0.014328919938981     0.985434257792800     0.354613430383667
  20000085     0.881082824275746     0.088827057657238    -0.218268472490344
  20000086     0.612841233956825     0.787517962978669     0.455548614492679
  20000087     0.880154032583718     0.341817153662601     0.517579302974267
  20000088     0.203318019983757     0.107206065499731     0.991842286779481
  20000089     0.427696447165189    -0.069533561481969     1.099610367087985
  20000090     0.656704052004244     0.799094465504698     1.197621357625725
  20000091     0.551592489647497    -0.061553943894334     0.749873565881018
  20000092     0.347393345611960     0.769163587817881     0.393715102427829
  20000093     0.987426637349350     0.390346336228268     0.708717196039763
  20000094     0.069026664617300    -0.092911183160091     0.268705433608696
  20000095     0.140644227149102     0.674637946020569     0.793324424841004
  20000096     0.237084233142633     0.135178851667459     0.004681016373542
  20000097     0.101252306870285    -0.108351839206839     0.261343563809323
  20000098     0.508227497270428     0.459524922654613     1.131801548283826
  20000099     0.560837575758134     0.656884667669087     0.971272889506313
  20000100     0.659914878203571     0.475478025959834     0.829393718056621
  20000101     0.627102944135144     1.046469326830243     0.380149416884182
  20000102     0.727333786837456     0.968138797044401     1.036017541730966
  20000103     0.209947760784713     1.046729170731959     0.180389932144168
  20000104     0.450338928057095     0.132069393724134    -0.222638144755810
  20000105     0.525588312977570     0.870868389864634     0.473044383697223
  20000106     0.814696890901668     0.251317421410181    -0.001793472410795
  20000107     0.498596087662931     0.385495725851545     1.006011108031370
  20000108     1.013913604095604     1.049413210618560     0.021525328479560
  20000109     0.059790718824064     0.401247811476933     1.278303404368512
  20000110     0.221325766679751     0.149049533639282     0.081702108310069
  20000111     0.341974486266158     0.177446325435284     1.106411720879549
  20000112     0.364386770315792     0.596921328676603     0.247214121140522
  20000113     0.250595960994755     0.073316054284161     1.000912699909745
  20000114     0.585264691888053     0.298890765451434     0.787570492330119
  20000115     0.415758392655313     0.189534163273219     0.044816658979756
  20000116     0.763273352545986     0.295431523926904     0.488960191039766
  20000117     0.650453127895040     0.354459049955939     0.431343317130260
  20000118     0.084883041512559     0.762356479605772     1.133085487193588
  20000119     0.895825829437264     0.949132389447944     0.594914446486085
  20000120     0.145941621782516     1.095215492031556     0.955684320788916
  20000121     1.034838027337704     0.751806498299580     0.185925205487889
  20000122     0.539927181228181     0.084668633016620     0.704227850814225
  20000123     0.803334494464972     0.122914096268939     0.742554637775840
  20000124     0.608710020957608     0.037878556211374     0.554061505360461
  20000125     0.057665906439725     0.892231718747148     0.055918799610745
  20000126     0.708276215391995     0.403224617701827     0.832215840417606
  20000127     0.248796481119783     0.028438612197667     0.953343590321127
  20000128     0.558061321261863     0.539779310740872     0.423337902622807
  20000129     0.608116488561074     0.688546350232050     1.009116466404297
  20000130    -0.014363863515446     0.207785490713190     0.136291811151951
  20000131     0.457172918524466     0.783767274775719     1.155652124944780
  20000132     0.122714157464694     0.804457434349922    -0.098732640102402
  20000133     0.497356627401770     0.182894296033574     1.063225670729808
  20000134     0.107704383716388     0.032576024893972     1.220831916892327
  20000135     0.142846217173860     0.638707774825328     0.803944142081053
  20000136     0.631459839524084     0.421925926225280     0.703268610190191
  20000137    -0.043741952806011     0.605891217147990     0.191697317127735
  20000138     1.073229772801509     0.285756077456318     0.237395876722962
  20000139     0.834528089638152     0.307398217061065     0.369938447068881
  20000140     0.367910661548241     0.330414494509977     1.252599319108029
  20000141     0.380197965975101     0.933480521568006    -0.119081562586720
  20000142     0.511432835360917     0.327091626609409     0.367525164885029
  20000143     0.526838747390490     0.706037686762934     0.926202729755317
  20000144     0.448889128596514    -0.110067871401527     0.836868021577708
  20000145     0.894014908410006     0.252872859763223     0.685944079211292
  20000146     0.309005813734161     0.008195655006832     0.000312046889834
  20000147     0.717515562253146     0.252170764932605     0.748699066226929
  20000148     0.700441961784558     1.009242298581352     0.879446918958519
  20000149     0.873855634188934     0.390019303663865     1.210810734561552
  20000150     0.228089784012476     0.270044203323718     0.934007775444339
  20000151     0.906540175638867     0.886336573681517     1.095399595495179
  20000152     1.088968036385105     0.699762629760977     0.207070482709941
  20000153     0.353938943650682    -0.151756739011074    -0.160819932786108
  20000154     0.744200911070484     0.248459104495664     0.475690951996434
  20000155     0.504441819191004     0.578705109799810     0.406639245785858
  20000156     0.793117640450328     0.256573655817525     0.524491089643227
  20000157     0.702916581401490    -0.157921951960327     0.723003225918542
  20000158     0.050794308330249     0.077498347317012     0.529089796857949
  20000159     0.472053413733567     0.113537686091118     0.001160487675289
  20000160    -0.037899418274344     0.144320453329120     0.303840418895463
  20000161     0.624253641046300     1.009081166344167     0.396643720293794
  20000162     0.052831466553078    -0.084490098181158     0.260821434810153
  20000163     0.641524171520305     0.791585538937593    -0.002624290162914
  20000164     0.306775740446738    -0.037050188385303     0.582440344544093
  20000165     1.061427926240765     0.827717354237456     0.330763011866915
  20000166     0.506924011319722     0.553324858813398     0.036849784163765
  20000167     0.168508764838174     0.676838577666700     0.781226081665468
  20000168     0.776561850748062     0.437790523572284     1.010274567371299
  20000169     0.280076892475823     0.154231378228710    -0.024790679557304
  20000170     1.025513257047507     0.391339042875204     0.344944939437011
  20000171     0.288034454787164    -0.191780059483032     1.016835521106803
  20000172     0.329310813976379     0.077802013819831     0.608605205001158
  20000173     0.067923763411185    -0.085121603222205     0.257859696962415
  20000174     0.443015859746335     0.127052290671304    -0.037208792222136
  20000175     0.485290725736994     1.126580446953406    -0.100103918038477
  20000176     0.869079111385836     0.902578334849290     0.019759557985206
  20000177     0.558528503440020     0.714903700487548     0.940865899172621
  20000178     0.514045470360606     0.944899544346172     0.605727258271115
  20000179     0.054095139002769    -0.070220930576494     0.244006003645272
  20000180     1.066851871516673     0.807763248518903    -0.033205544515440
  20000181     0.291588491635256     0.256184591651911     0.523478450261183
  20000182     0.371156029882734     0.372188131445905     0.851845992411538
  20000183     0.372255687824450     1.161421373139832     1.024431862032926
  20000184     0.274167899184434    -0.013769106404952     0.832641479917011
  20000185    -0.069281438616375     0.737447034136883    -0.120468221052263
  20000186     0.424134941783387     0.437891832158783     0.330977687727269
  20000187     0.664049106720101     0.761971356118123     0.398733313752935
  20000188     0.531231847993793     0.732516813147853     0.978013170605572
  20000189     0.456460482908251     1.155107419586498     0.010999390653225
  20000190     0.427786523701196     0.561308390730648     0.559922339225331
  20000191     0.294088055206032     0.912016761740584     1.290919972608406
  20000192     0.720348105795972     0.928695168019042     0.074306741990759
  20000193     0.465593962415077     0.392906956243897     0.939621689040618
  20000194     1.042999234770572     1.123457663948258    -0.073163870202795
  20000195     0.670345951475711     0.986466110956991    -0.000568606092195
  20000196     0.778405633142676     0.289360554176084     0.438641057700172
  20000197     0.772567682445164     1.162131477977607     0.233465082189638
  20000198    -0.071931053490545     0.516530629944500    -0.097714783928586
  20000199     0.848824250024629     0.613950256040479     0.535298125032306
  20000200    -0.079906374131256     0.149309802654186     0.548997018078150
  20000201     0.313555900923139     0.463297473745603     0.241150178821481
  20000202     0.198200833934381     0.008874385945559    -0.198268141569676
  20000203     0.066081619049034     0.222618336697050    -0.216187306790064
  20000204     0.344730337357794     0.182708119815629     0.810604053445389
  20000205     0.141828565280926     0.655025875341862     0.776839287946893
  20000206     0.546837185205688     0.663669933208470     0.470842261078296
  20000207     0.325006075101955    -0.147832966485694     1.047770253070638
  20000208     0.095239216207794    -0.071697932895658     0.053510102726402
  20000209     0.376993681373299     0.839090100399465     0.056942867434817
  20000210     0.627919670503743    -0.061819608521469     0.572821476134293
  20000211     0.135137941012462     0.622925208421212     0.794601332184020
  20000212     0.496459077401015     0.651218893852592     0.718570235679304
  20000213     0.847989627063517     0.449250586791959     0.604630993216799
  20000214     1.032254942654832    -0.039405043344174     1.000393860479762
  20000215     0.168764562517737     0.667417040188908     0.797950565924505
  20000216     0.234125937154460     0.480613281285375     0.765722619655193
  20000217    -0.048944601284272     0.853751362400231     0.438259040856222
  20000218     0.891737115769888     0.962972827217546     0.150838459880033
  20000219     0.820845651702262     0.334373379946960     0.454276646154005
  20000220     0.083179501156345     0.667877243630347     0.789884852899452
  20000221     0.653742858178738     0.789836013235689     0.637677444240354
  20000222     0.205833440338043     0.114300090761762    -0.173587876436824
  20000223     0.318866806301807    -0.067698958725428     0.625436294571856
  20000224     0.614249666590857     0.748297530548275     0.967737092804111
  20000225     0.164100303146565     0.622668429277565     1.224878328188062
  20000226     0.948146228524190     0.302202758576126     1.178272899738402
  20000227    -0.008038734631291     0.099036976356010     0.240444239184458
  20000228     0.913642403048981     0.550784482046764     1.023128723289426
  20000229     1.051649397229390     0.973867922789619     0.797894264256854
  20000230     0.991940241456463     1.117403698974533     0.841168674829268
  20000231     0.954392822608471     0.899243469718165    -0.030861486687479
  20000232     0.311778587960561    -0.014656534190592     0.689710109561688
  20000233     0.179331571613770     0.646256748169699     0.798105318822386
  20000234     0.738062155998035     0.493904121247556     0.316119977035105
  20000235     0.453146265896682     0.776662858191395     0.606102592234960
  20000236     0.855838843499430     0.311899722433306     0.398147593435999
  20000237    -0.060580604622716    -0.100580475742450     1.180992961961640
  20000238     0.166299573067888     0.669844475739742     0.777534846377755
  20000239     0.252831417069909     0.267041951975228     0.643580046955147
  20000240     0.348425389003510     0.895717537094732     1.294020636068349
  20000241     0.895514309425330     0.537953081216882     0.547145108244744
  20000242     0.460391432769774     0.361406835017531     1.050587941965151
  20000243     0.597422909675793     0.255607060428221     0.724684847023962
  20000244     0.919174698396337     0.519750756949585     1.064397886545449
  20000245     0.594497028208711     0.555566225806318     1.080331266472836
  20000246     0.240528507687866     0.633597470409785    -0.254798678071103
  20000247     0.293472197312697     0.139714809814105     0.246231706216060
  20000248     1.063814606927046     0.250008957479988     0.511678231961933
  20000249     0.729318152608597     0.407553610576296     1.114877211947416
  20000250     1.010795905467659     0.428305665518875     0.635607025923743
  20000251     0.456696031196508     0.522932151863957     0.423541341916520
  20000252     0.476275998077455     0.290146106834547     1.038997769902352
  20000253     0.635588400685988     0.682135870820476    -0.098010870488563
  20000254     0.645773390856224     0.692853037757456     0.706715865613842
  20000255     0.383276771752888     0.169585136513702    -0.091091607358565
  20000256     0.534380663992619     0.793647156334585     0.529937718714181
  20000257     0.320217313730307     0.116646441593369     0.665053067578763
  20000258     0.108629557086333     0.522452929570603    -0.157200549418309
  20000259     0.219071750324977     1.141163404149606     0.168252602021292
  20000260     1.039225646106524     0.863911214327228     1.165118583280542
  20000261     0.484843473129009     1.007176393254729    -0.154014731277884
  20000262     0.290005872869058     0.061038589964355     0.011618758821073
  20000263     0.809845154725529     0.962002261100320     0.246483416240067
  20000264     0.935728529665254     0.533245541222859    -0.190690560036499
  20000265     0.252461006843710     0.289794677574051    -0.227435721313857
  20000266     0.150278974143026     0.821488481648961     0.970177806539089
  20000267     0.968130960299893     0.982155442689916     0.577416307416988
  20000268     0.020490009800645     0.137062470639271    -0.283476992531827
  20000269     0.890170151159361     0.155595550378396     0.121033348506306
  20000270     0.802463768301518     0.238393356817059     0.293546206544123
  20000271     0.684613092082720     0.381069203279106     0.408540549027856
  20000272     0.839110716156727     0.513182193450965     0.418326484634195
  20000273     0.840492847410500     0.992948585042788     0.121995521414912
  20000274     0.626213573209174     0.705725938526570     0.586001754485784
  20000275     0.755263806791902     0.138055316489671     0.804352831030583
  20000276     0.379718380191213     0.981323614147172     1.026175842159050
  20000277     0.779038323588714     0.305765535937816     0.739175492427032
  20000278     0.466728429391590     0.143773944105238     0.038866834705196
  20000279     0.447525009451045     0.082801753744642     0.109351846167216
  20000280     0.722810694066965     0.219079411658612    -0.164047088674843
  20000281     0.067615386367084    -0.072064369733872     0.218006657704130
  20000282     0.640305008988093     0.246464319833886     1.107959568868966
  20000283     0.536740917821107     0.310821128092615     1.129544015049564
  20000284     0.437451833539381     0.049436806598603     1.229739654418410
  20000285     0.302267025852617     0.161103868347050     0.735719504784378
  20000286     0.615843046896217     0.341982550782226     1.088463205238835
  20000287     0.973129379700459     0.523007089186966     1.015537268940142
  20000288     0.619516122763148     0.078658144662949     0.801841232089515
  20000289     0.170799455104608     0.366674402696583     0.143471470446658
  20000290     0.917938120505567     0.978312874965942     0.226080234087165
  20000291     0.901023061358852     0.046059277415144     1.179496464062523
  20000292     0.404404439117367     0.743780058125415    -0.105837431273541
  20000293     0.564602762216261     0.649446922769428     0.947231393518385
  20000294     1.076700394542141     1.164511976782104    -0.292142466111682
  20000295     0.447016034490526     0.609087535079611     0.376736425129646
  20000296     0.407581300820233     0.137795520104357     1.004945537683088
  20000297    -0.040207479849307     0.583968347714411     1.175989903250155
  20000298     0.019670472124899    -0.103338129831097     0.778784503745660
  20000299     0.797050760488914     0.536313662553440     1.226303854748781
  20000300     0.419706702608268     0.645451273438249     0.444642987256561
  20000301     0.582919016959535     0.104504944445054     0.398871825002283
  20000302    -0.077364867129078     0.382207371281906     1.277415846594488
  20000303     1.022752821497166    -0.068358091952606    -0.030823878609874
  20000304     0.718129093025273     0.361737264368298     1.207239287875521
  20000305     0.383650672939970     0.007098119480659     0.479876318430308
  20000306     0.385589856537284    -0.146478010962944     0.667861495214772
  20000307     0.675648475793243     0.490529984289494     1.200088202854420
  20000308     0.824181901348448     0.218570718860705     0.401269970886903
  20000309     0.681162500368825     0.202008411829454     1.031624369351666
  20000310     0.475990125865697     0.729229533595099     0.009531939836041
  20000311    -0.086509114461333    -0.156994679341095     0.591882312034075
  20000312     0.588423369766245     0.769286063825335     0.968873409182958
  20000313     0.956432884358626     0.536706314215880     1.074702063136238
  20000314     0.239969320107183    -0.091412482221461    -0.180921551572270
  20000315     0.776579087909414     0.772064982152119     1.299457718665917
  20000316     0.030731608729144     0.013903062638181     0.691797410030256
  20000317     0.340804737023262     0.767209093849164     0.523538042490838
  20000318     0.287773237432492     0.042693497365968     0.585375540693351
  20000319     0.465615956713016     0.040509306140871     0.912153959885083
  20000320     0.296516159639759     0.683411172728871     0.321469065411054
  20000321     0.697643883388177     0.875017915708246     0.603718280043440
  20000322     0.878285377958645     0.934216357325422     0.190963310710464
  20000323     0.338108844851025     0.029477358775763     0.812227394315221
  20000324     0.295974384970662     0.137353101533432     0.939027631364764
  20000325     0.015556256518627     0.718809330568525     0.383841843835033
  20000326     0.605529434603171     0.761439190068881     0.977766880802468
  20000327     0.539341878695497     0.705994376091905     0.911766259416774
  20000328     0.986738369169238     0.970058152911012    -0.069747523257120
  20000329    -0.041764582472801     0.431479430456571     0.960325941475612
  20000330     0.428099337965542     0.851853849153205    -0.256590304713206
  20000331     0.592780119503008    -0.104170218781384     1.079231237339645
  20000332     0.430411020868274    -0.075025984300015     0.961728204556951
  20000333     0.699147651285786     0.779857044105673     0.160736335712715
  20000334     0.438032959820153    -0.028546999301613     0.837882961101264
  20000335     0.061929507561675    -0.094775985659955     0.236827119814452
  20000336     0.872295929043945     0.844772860372944     0.033201613034466
  20000337    -0.006840620060143     0.371725429653343     0.176160131996274
  20000338     0.679339076031113     1.123294917163344     0.708922791144192
  20000339     0.984593178572391     0.568363077235037     1.028836426186138
  20000340     0.223206370211858     1.043868512784802     0.480500100813833
  20000341     0.307400621262590     0.685952183947389     0.865762609038333
  20000342     0.730678080131436     0.102149717280704     1.234717210456335
  20000343     0.726035454061157     0.347123005651939     0.290863549636671
  20000344     0.431390278650295    -0.071109328444920     0.673814431333947
  20000345     0.118916009174478     0.682974717297959     0.772529722092402
  20000346     0.728795765276555     0.082381316660507     0.780662550059778
  20000347     0.481007871477456     0.101317868020986     0.699894339985553
  20000348     0.919481765023962     0.716779818973170     0.751946985834261
  20000349     0.811905664059258     0.236297814811602     0.424952033739642
  20000350     0.673084710362278     0.863868334645842     1.011018112962209
  20000351     0.623239967587822     0.681486268575476     0.938888882760873
  20000352     0.273816814580026    -0.105744852239153     1.078191114223521
  20000353     0.573316146745737     0.668792352321103     0.973878634228869
  20000354     0.358893999787214     1.107878064917608     0.449889773688312
  20000355     0.063168889931734     1.053913481432784     0.511226922343719
  20000356     0.961211708914975     0.479708482546334     1.108492967198022
  20000357     0.692726352727413     0.340674141907674     0.162314405527847
  20000358     0.629542162880242     1.096995602302335     1.033136737271287
  20000359     0.923916157321489     0.157370427136413    -0.120778114149474
  20000360     0.953040430252386     0.496122673096009     1.019699719090856
  20000361     0.302257081122551    -0.048526589121666     1.210588538654734
  20000362     0.776675851770924     0.869180657316616     0.666765615310149
  20000363     0.307162217643267    -0.060965573659329     0.739590972420211
  20000364     0.616779532930007     0.678590286123093     0.409403735855188
  20000365     0.857505191712684     0.987740302043787     0.448658733876567
  20000366     0.202613664005017     0.107896044673757     0.789963545105636
  20000367     0.439303955096686     0.976981254639935    -0.272549847445627
  20000368     0.475738984449450     0.680669541785999     0.596573766546080
  20000369    -0.073287275780104    -0.114739021909325     0.136080429503318
  20000370     0.110671134325534     0.666261833916784     0.777631194226896
  20000371     0.906105956400163     0.882990311166715     0.122881860986560
  20000372     0.864246939511018     0.582260269321356     0.004059954102565
  20000373     0.367683906152498     1.123270798252291     0.626818570829124
  20000374     0.538503194614650     0.710372125791167     0.961645466655986
  20000375     0.551908137566220     0.715452353381357     0.937219915310343
  20000376     0.681589308496935     0.331506623585335     0.405598829287191
  20000377     0.095718185775762    -0.082667345669580     0.257441959128653
  20000378     0.889556551755041     0.560045369408626     1.027176782649328
  20000379     0.105285230900375     0.672986765926712     0.775047927326915
  20000380     0.386335401919813     0.237648352407068     1.052346009258263
  20000381     0.826253900255077     0.303455652417698     0.385713219129331
  20000382     0.344276118484809     0.359633236657435     0.614822825785496
  20000383     0.369324103021243     0.625945524547973     0.521787453207000
  20000384     0.790433951883579     0.212113929442199     0.453079352578548
  20000385     0.952444291252346    -0.169023221345450    -0.102872480574020
  20000386     0.228346455849182     0.174941612125181    -0.217650827157975
  20000387     0.340124156684590    -0.088886980178990     0.362202699266265
  20000388     0.243865402404325    -0.164999119536130     0.026758365717673
  20000389     0.657694688061917     0.629148398511905     0.307624817571301
  20000390     0.243945729424105     0.889556831783261     0.133927906670944
  20000391     0.289518409936081     0.201526044116896     0.819099709320387
  20000392     0.529723288624812     0.675721762469530     0.622921449458964
  20000393     0.333615225985260     1.165281111511986     0.896701928757217
  20000394     1.001194374945312     0.920973161364876     0.864051586611905
  20000395     1.087133890159247     0.981200631959665    -0.030537383358608
  20000396     0.288045602365018     0.226196292385100     0.987833854665178
  20000397     0.338713088237312     0.078016284326190     1.145462395342074
  20000398     0.921135381550404     0.147971891237579     0.336637214210098
  20000399     0.287870793247480     0.111469287084042     0.517746863672113
  20000400     0.538276804519189     0.706045005734714     0.964402749885819
  20000401     0.564869510146938     0.642899444744598     0.315147585615757
  20000402     0.602185575450402     0.711189161009218     1.009520237204987
  20000403     0.258721693234423    -0.025390573537824     0.539452209122822
  20000404     0.420935884541319     0.981608062059028     0.972368558726552
  20000405     0.026359194566207     0.857471814336006     0.300484489568383
  20000406     0.901334254432065     1.198014810574701    -0.018723370086187
  20000407     1.035730407177038     0.529314722810672     0.559293891214704
  20000408     0.552102507945047     0.383345972910398     0.948719434117491
  20000409     0.908782249179429     0.443191619142075     0.242989922542114
  20000410     0.475485185546715     0.049277464866572     1.198630505458652
  20000411     0.120689388488243     0.612654963299039     0.800241719353128
  20000412     0.390346181188018     0.062571441917029     1.065885025489051
  20000413     1.027380871608474     1.092694471986062     1.028386633120852
  20000414     0.369259450512047    -0.081024086638816    -0.285166250076834
  20000415     1.034880862128006     0.927484129118646     0.619488874965943
  20000416     0.633945662618402     0.723345046320494     0.441802495533062
  20000417     0.174918138366315    -0.037543990464738    -0.225075066727912
  20000418     0.429956632571176    -0.036407426467038     0.860494519175353
  20000419     0.757243872384090     0.367943793135902     0.888438714904674
  20000420     1.081686155910028     0.815828386636119     1.298654263998956
  20000421    -0.037461234936262     0.410802600001600     0.561086280945665
  20000422     0.728780261674804     1.184225795787964     0.402158121376865
  20000423     0.536854878829839     0.215473165700653     1.124586074112731
  20000424     0.743390543932141     0.000825816687028     0.512572490888153
  20000425     0.673635308404779    -0.198796162049519     0.742909237405913
  20000426     0.615804405452519     0.228287707457660     0.591540359611389
  20000427     0.565366457488538     0.723660247167416     0.463709163015995
  20000428     0.786461295151320     0.308136328539086     0.450597801157592
  20000429     0.965539997342959     0.543427436948408     1.059218847254266
  20000430     0.610532664164560     1.108793628060970     1.272351605433153
  20000431     0.791598684198462     0.505742621873892     0.767127342920213
  20000432     0.876979229051488     0.756444237712239    -0.283877476030617
  20000433     0.890362582898587     0.619070208894374     0.918885915982178
  20000434     0.502624156986726     0.043373256985389     0.541921935667487
  20000435     0.557972167506638     0.840776323772538     0.580172830628624
  20000436     0.027382961592695     0.820159871406866     0.347183200088637
  20000437     0.622885057711317     1.061147227954923    -0.062979436474725
  20000438     0.353371166127415     0.489123133504192     0.560087585311025
  20000439     0.131471388640068     0.115695809570188     0.726077388490588
  20000440     1.036576481102200     0.192621932460219     0.981509064874134
  20000441     0.328323582852266     0.080548671592158     0.666870033584368
  20000442     0.072665082925510    -0.101461542286319     0.248545677965001
  20000443     0.213490897136725     0.291676467232694     0.810180443219455
  20000444     0.182003704928628     0.679580116051707     0.796581535434396
  20000445     0.499650803189207     0.029495233218746     0.835031521083177
  20000446     0.315319866393628     0.351945817696700     0.057803257135033
  20000447     0.297740802231449     0.073427589410511     0.728285720605255
  20000448     0.778070154841159     0.068436066142301     0.137710430524986
  20000449     0.527342726975300     0.321469971958937     0.093025883164500
  20000450     0.753575824398203     0.198291384359767     0.603822530519985
  20000451     1.054188643559666     0.370335260789296     0.796994538617997
  20000452     0.157940562176411     0.670322226943244     0.792061390087515
  20000453     0.373984680688346     0.039946882508636     0.656760382613281
  20000454     0.458627510803712     0.139752208501128     0.144494707627832
  20000455     0.652183371328275     1.124081245819565    -0.186170386125564
  20000456     0.991133439996826     1.012492522854087    -0.284099839279118
  20000457     0.023661220118820     0.999150497639984     0.910201292034680
  20000458     0.727325126238454    -0.132597151396922     0.751041480366885
  20000459     0.087615887488339     0.167998169535106     0.480808038696927
  20000460     0.302422258427330     0.841001636667951     1.076331739882741
  20000461     0.425837487014182     0.131202481157358     1.030803714107169
  20000462     0.405907080733895     0.025548764346008     0.400112761875109
  20000463     0.563973752988194     0.196666063372379     1.070039279875079
  20000464     0.370969650348999     0.290440803640929     0.363348226951554
  20000465     0.400353592308503     0.168506155294613     1.110107196232091
  20000466     0.419274817791809    -0.016361169884995     1.160171234228674
  20000467     0.237239443173630     0.180837118570614     0.059291212250844
  20000468     0.299820561204168     0.078689032326148     0.617722255042298
  20000469     0.555411753704176     0.732251981295213     0.971532254155266
  20000470     0.049023641505379    -0.091518686267918     0.266201618046078
  20000471     0.753629912103911     0.335930644224350     0.441409989159631
  20000472     0.544070522204984     0.010753555867400     0.523298618591303
  20000473    -0.044658036498965     0.039899905435610     0.162447736017372
  20000474     0.350568863187882     0.689639127389835     1.168176371261940
  20000475     0.292680125983164     0.039243686777875     0.012767694905398
  20000476     0.804787859177539     0.363705042441930     0.392397532055156
  20000477     0.765447265409851     0.622109027744903     0.541063718504373
  20000478     0.088799501241330    -0.105837120685881     0.236580610136670
  20000479     0.570347966470614     0.355414933140698    -0.072064848608206
  20000480    -0.076582115259970     0.335989887503244     1.098459968749841
  20000481     0.404364311247731     0.143121359176209     0.993849858813881
  20000482     0.142722652638826    -0.193167332555677     0.433431165300890
  20000483     0.186899863749684     0.957519802302033     1.179651334894728
  20000484     0.593049480945338     0.675712636439534     0.405935984284672
  20000485     0.646336166736839    -0.137851346442647     0.480464679444244
  20000486     0.000821447101806    -0.114394992124515     0.916845536139500
  20000487     0.986157056313213     0.078868855269530     0.008131775064423
  20000488     0.975713557886955     0.477237271698144     0.906918539452000
  20000489     0.876507456220912     0.388567394552399    -0.070743923551701
  20000490     0.153440179601754     0.652455652512496     0.780962493948491
  20000491     0.869183314721763     0.542967786128130     0.298634154646097
  20000492     0.621593646042331     0.685366649579182     0.668456035791506
  20000493     0.332508933194349    -0.015420264004934     0.779293596464153
  20000494     0.828469517665464     0.891742166258386     0.145563491712169
  20000495     0.808641328844784     0.350832864704984     0.906236752268305
  20000496     0.646881153818941     0.691666878282605     0.313626214317537
  20000497     0.339989161235428     0.112319325441617    -0.060605071616599
  20000498     0.444022002044482     0.683136460232148     0.415934589286562
  20000499     0.910136935362438     0.484995274726469     1.008683070438042
  20000500     0.566971673123772     0.653797363934028     0.879628700872860
  20000501     0.264097011235650     0.836739433261964     0.261308543923375
  20000502     0.584907525467620     0.696120725248652     0.970118016307147
  20000503     0.156192065868544     0.637250246315818     0.795656204401307
  20000504     0.793931798937320     0.440434616924872     0.244192525245248
  20000505     1.094830508875857     0.630410747781611     1.197034901879281
  20000506     0.951685776545401     0.582302435854004     1.031337094507063
  20000507     0.956718805698818     0.219269475539580     0.075897665321600
  20000508     0.326227175988906     0.127685108585595    -0.149836235912563
  20000509     0.046790123451071    -0.105332495741939     0.241917429246669
  20000510     0.755639005610165     0.920263246813751    -0.207984037485401
  20000511     0.136002200629754     0.133862136090518     0.967214845273080
  20000512     0.127519521986300     0.331506689583175     0.882990388468508
  20000513     0.880939775832972     0.388058607273932     0.510527636620724
  20000514     0.326128918983360     0.168493318260137    -0.069009758873777
  20000515     0.844675517446817     0.249907461517826     0.135309480487989
  20000516     0.108772372370939     0.665530972445314     0.779430872261163
  20000517     0.683099990184487     0.327667165700677     0.464975240164370
  20000518     0.338673746005994     1.116121529518295     1.232573819566823
  20000519     0.752351016482899     0.920386489760500     0.549347523639764
  20000520     0.992158549710403     0.556366453695086     1.059452434363427
  20000521     1.036812194979075     0.428520108511592     0.223299454988923
  20000522     1.057651430670121     0.741632153276283     0.326945113433122
  20000523     0.429752212082314    -0.024609584569273     0.973098514229011
  20000524     0.546620262933448     1.153463556350714     0.191530543679202
  20000525     0.473205526927976     0.210638161924609     0.184791087764288
  20000526     0.774507038416644     0.780263054543543     1.246998534255260
  20000527     0.989885448917913     0.526849690282122     0.456139760501204
  20000528     0.894872315981826     0.229187558060940     0.264672744726288
  20000529     0.570813330324287     0.832572886602474     1.134880087189643
  20000530    -0.052832390033224     0.254184189664483     0.156970275330456
  20000531     0.322415622554817    -0.125076907790143     1.230642681234410
  20000532     0.601948797335952     0.267928088517877     0.365583373889357
  20000533     0.416107561385291    -0.006237713165124     0.679328281723414
  20000534     0.687058365183923    -0.103262726742936     1.134577164357402
  20000535     0.465928574233740     0.020332261815643     0.757771566488417
  20000536     0.397811322630300     0.718000510014160     0.521585446777900
  20000537     0.961998835746520     0.288944572422677     0.414411623171757
  20000538     0.828739315066688     0.608360068557239     0.375281833304519
  20000539     0.976980794033950     0.483804865144351     1.082780134261158
  20000540     0.655931438010639    -0.057062956633472     0.550329824892898
  20000541     0.044683338866971    -0.090815487574294     0.522947959929942
  20000542     1.095595378136202     0.151040515873705     1.133533763945608
  20000543     0.597697339184591     0.655607296650477     0.926063973782085
  20000544     0.439458060452447     0.763882043759937     0.373282650950586
  20000545     0.499500745622029     0.861652509166358     0.654523760713238
  20000546     0.971941725416821     0.483266423635190     1.206048445237670
  20000547     0.576886345891727     0.365036566816746     0.448182733265029
  20000548     0.368018066546580    -0.053679767297602     1.090184453845923
  20000549     0.616475478223729     1.082028901622901     0.451021581507398
  20000550     0.606011953860998     0.721880698021027     0.938434741251347
  20000551     0.324875906929923     0.124951077377239     0.011474412795138
  20000552     0.439759650221012     0.167018607336410     0.675882122975096
  20000553     0.597065446888021     0.703152602275611     0.950671614886284
  20000554     0.566497891445535    -0.121333992623774     0.530438348210917
  20000555     0.684702872993412     0.058410521653067     0.796170192510680
  20000556     0.813853355901163     0.477184619795974     1.035359697012603
  20000557     0.599570362975854     0.747912318884074     0.942177951948729
  20000558     0.970006170516019     0.553840810542164     1.067537919187299
  20000559     0.267340990230929     0.254437078577879     0.251873221632954
  20000560     0.955675902536000     0.180583154327022     1.184894945578087
  20000561     0.150376464319613     0.644393990285019     0.807174372083438
  20000562     0.167189641672682     0.650115052784986     0.760054379002799
  20000563     0.111420962876088     0.638595327013994     0.772710906691725
  20000564     0.055254014553288    -0.115213237510065     0.213973479659469
  20000565     0.351776754377210    -0.115292435802443     0.816677472741722
  20000566     0.393337931992507     0.158248766284843    -0.263729895547282
  20000567     0.348989521205098     0.528493939164141     0.807670144004354
  20000568     0.851598755323095    -0.029072052468519     0.679754033572367
  20000569     0.396491590955945     0.219376655585167     0.986165552724348
  20000570     0.877333376909958     1.085761365458607     0.288206187134054
  20000571     0.558732405533755     0.696090608546782     0.982507953571387
  20000572     0.959855259599733     0.528273009583906     1.086091659827246
  20000573     0.293317906175091    -0.170907888384731     0.607398432282720
  20000574     0.928578588687588     0.523522874191953     1.002045745419784
  20000575     0.668192488440507     1.122589737587560     0.942628819230836
  20000576     0.816195396126221     0.193114755858512     0.448950963682182
  20000577     0.718123775473941    -0.044692297900696     0.462143024933317
  20000578     0.592479004087022     0.731700813837712     0.938927064660572
  20000579     0.634275970340101     0.670134866648678     0.958162195056465
  20000580     0.811611001588641     0.189338313707437     0.509429350119236
  20000581     0.519512722819385     0.646567301357968     0.695788387204852
  20000582     0.541303577723615     0.708554310881003     0.935197939739981
  20000583     0.193397639718553     0.287029750831481    -0.201396689889437
  20000584     0.120577994964893     0.708223564714390     0.780366723713504
  20000585     0.798857133334993     0.300558715389269     1.186872390271874
  20000586     0.266349535505091     0.772965896931424     0.456481737159975
  20000587     0.136462284715531    -0.138620458009780     0.641054314377812
  20000588     0.148713988680808     0.114791091949950     0.896349290028450
  20000589     0.399706647734875    -0.038471155309978     0.536535044427220
  20000590     0.554520228542240     0.762298352510908     0.510368429544172
  20000591     0.928345399421076     0.612713126462307     0.499642431830920
  20000592     0.095520332311908     0.792846214593251     1.188114002082871
  20000593     0.396180796337116     0.045579820060696     0.955890257800921
  20000594     0.167506852438332     0.145802822917794     0.832032922572183
  20000595     0.460741798053170     0.875867297827042     0.232910040470864
  20000596     0.808554416093594     0.319506159785716     0.537342280976100
  20000597     0.141928568942135     0.540747362171825     0.015143698608351
  20000598     0.874402019511986     0.928643950139875     0.001092626928505
  20000599     0.412986032558467     0.081550754386957     0.914602482936360
  20000600     0.731928114607763     0.015097279923752     0.921238299827730
  20000601     0.536072701071290    -0.167005182943584     0.666422046647005
  20000602    -0.032696309864252     0.367302319547228     1.210395662244356
  20000603     0.529498974381762     0.226568215306028     0.417761536643583
  20000604     0.366693986249224    -0.192175265057031     0.299162451856586
  20000605    -0.012356880908407     1.103180099156089     0.931858078702776
  20000606    -0.004846017287887     0.284743289388564     0.304961255136749
  20000607     0.715975960655423     0.371962991212791     0.261358228567732
  20000608     0.152778977208460     0.644820949402106     0.769004959914861
  20000609     0.376766463374923     0.456970683923385     0.778213854160847
  20000610     0.542559163384608     0.699722794833800     0.937359660180228
  20000611     0.546278705626863     0.725022296278135     0.926768758674924
  20000612     0.110104376271096     0.826135129254042     0.955979207508236
  20000613     0.560151597067153     0.753449537446015     0.946598981611765
  20000614     0.973962064431027     0.459509016187396     1.040059268840808
  20000615     0.321561433089135    -0.185475611726842     0.382902999380999
  20000616     0.032715466851556    -0.029405523800824    -0.143154603646053
  20000617     0.829786747018832     0.160446298446258     0.385794169338582
  20000618     0.414509692523738     0.616358097162761     0.521221389215807
  20000619     0.821181575662789     0.560568534626177     0.232933862503523
  20000620     0.319555715503884     1.182126533070190     0.034026521909840
  20000621     0.443710699647790    -0.129419793200484     0.317888140809521
  20000622     0.148346928241592     0.669308581402021     0.772256286962482
  20000623     0.138484020675372     0.650873385166446     0.803198460754823
  20000624     0.340646952865881     0.130535008298506     1.073882058908176
  20000625     0.168332027998956     0.002865061564509     0.651518666214844
  20000626     0.056030702597964     0.770280446529983    -0.104885580077715
  20000627     0.996992011763896     0.994051821389995    -0.209619677206328
  20000628     0.957202073823656     0.214759203957297     1.261683152053279
  20000629    -0.020326723486786     0.064790270066903    -0.229614272134429
  20000630     0.451447231692309     0.689714534169896    -0.237278036604708
  20000631     0.566350397734780     0.678147849938034     0.969067972515271
  20000632     0.531122284142968     0.119742028458979     1.129374024145901
  20000633     0.353098356743208     0.265878067821564     0.419237649221087
  20000634     0.693457695852115     0.632592564232867     0.874219619836290
  20000635     0.240434429694563     0.117057336921945     0.964780730683068
  20000636     0.673822273303891     0.642271512550102     0.825128134351071
  20000637     0.334230128491974     0.083415241518168     0.900719875271865
  20000638     0.258529924406323     0.179498041687503    -0.093180722121414
  20000639     0.979108304044107     0.597178155511842     0.061965841781349
  20000640     0.584150387169943     0.673766013476385     0.914610395427188
  20000641     0.766448945254348     0.615682577009629     0.545701232193318
  20000642     0.292562856824903     1.161481332174173     0.412684989700267
  20000643     0.162094123207133     0.631904591147179     0.783286301435492
  20000644     0.372090348022570     0.888085308136334     0.377081600666913
  20000645     0.600006219619486    -0.102082241028859     0.586371419747140
  20000646     0.157658689174500     0.657234910250544     0.792948345766176
  20000647     0.359039026080130     0.550294156307798     0.963178170926733
  20000648     0.034749135154650     0.668847128935133     0.644846724869179
  20000649     0.656839721361551     0.449913644826484     1.007270679624967
  20000650     0.180815723700224    -0.152548460067329     1.019748967346378
  20000651     0.165919099264805     1.059253303167731    -0.089073260605013
  20000652     0.791315703721844     1.126508916611400     0.739240502536167
  20000653     0.389906991567089     0.127587800309752     0.494011306570413
  20000654     0.561083263884061     0.764230238611104     0.489716585894944
  20000655     0.684549252452383     0.318802774136264     0.605578439887003
  20000656    -0.018087289717448     0.357350214137513     0.287025955151525
  20000657     0.645375745644197     0.106517212881574     1.164095458588822
  20000658     0.934586231115266     1.079788465909286     0.384620995926106
  20000659     0.323767449736614     0.146549099499536     1.142943740678179
  20000660    -0.044412610486509    -0.141902760058803    -0.123805246974633
  20000661     0.390701865841436     0.118725734940910    -0.051587996629233
  20000662     0.846926267363097     0.356812604436108     0.284659802752122
  20000663     0.587630561425379     0.027926353347485     0.639628259804120
  20000664     0.326168583557248     0.101760549842714    -0.115232278492512
  20000665     0.475849992341381    -0.088429333558553     0.886605705758767
  20000666     0.708009937053376     0.456935312004931     0.911925924451695
  20000667     0.725615097929097     0.835924293587888     0.356601827612964
  20000668     0.247551731380888     0.529312382691500     0.597020936639067
  20000669     0.630119993981731     0.189897930772560     0.467779461195301
  20000670     0.257376116939838     0.459249811015490     0.524336729840122
  20000671     1.060152784894498     0.994791509796116     0.872932475670773
  20000672     0.274949207891911    -0.033960220858461     0.571797556230919
  20000673     0.554365514177765     1.008963296519716     0.084046833270148
  20000674     0.317912779623287     0.075776854678542     0.762472138836634
  20000675     0.450876754615703     0.726915141912012     0.377715853762702
  20000676     0.144019920181543     0.614510039077081     0.822973900695024
  20000677     0.249274319334673     0.198370374710656     0.672844949547124
  20000678     0.784536522975492     0.291937811496245     1.275058368139249
  20000679     0.682317710043489     0.152979532301512     1.070356213048962
  20000680     0.706684423847341     0.112722835465440    -0.158166291941154
  20000681     0.124351065293870     0.849642998242206     0.963276618497119
  20000682     0.933576151760365     0.562291322343822     0.979134901393950
  20000683     0.125242313163464     0.377733835865086     1.103288700922458
  20000684     0.743626439168779     0.301533168207536     0.464724269601989
  20000685     0.557937573590499     0.473869966856789     0.391288730817632
  20000686     0.840095222943592     0.403598419161621     0.619366403024651
  20000687     0.454343093586058     0.964465368089670     0.329267044555368
  20000688     0.319770258758211    -0.129960518468690     0.942845575164811
  20000689     0.949347851148274     0.542237028834094     1.038876409120172
  20000690     0.999626701136979     0.501044251039285     0.212564556891233
  20000691     0.230901744795196     0.192132183693533     0.063732349017618
  20000692     0.764040763511927     0.226076782652570     0.696865688202630
  20000693     0.501010903538542     0.557864241316952     0.854927510698736
  20000694     0.095838711497994    -0.085610186872016     0.247579503430542
  20000695     1.064812585483608     0.336227424506233     0.188888288520955
  20000696     0.721283092813037     1.154401842851984    -0.048763463622672
  20000697     0.929937055730303     0.509744103953878     1.113579592344771
  20000698     0.390375135304460     0.215988342783900     0.396460341444541
  20000699     0.125573680532767     0.650675298336624     0.783668297795560
  20000700     0.282875131362276    -0.189756186508916     0.754475551514994
  20000701     0.824332471796707     0.003155155115636     0.634868032747692
  20000702     0.447233760958038     0.170272039866052     0.910788814944779
  20000703     0.995495078872808     0.281147935024311     0.955061405364653
  20000704     0.937059350271953     0.526394778202920     0.990453248802245
  20000705    -0.061093133256514     0.376866914829988     0.118788390743036
  20000706     0.557534652143437     0.690992784393143     0.928341356037640
  20000707     0.976951647028285     0.917509381313233     0.808665594712333
  20000708     0.745943735992601     0.397410099787289     0.337227802512743
  20000709     0.827968579550416     0.418260226050038     0.563669661564969
  20000710     0.492350382101389    -0.089181587830186     0.906409334870687
  20000711     0.666995071821432    -0.023396172920843     1.024016935821303
  20000712     0.075816937787703     0.892067728569987     0.594483433831009
  20000713     0.423747325183228     1.038499594479011     0.824961230310780
  20000714     0.069042034909155    -0.085963034950791     0.225721125290876
  20000715     0.052856546525106     1.105733845047968     1.286317063104962
  20000716     0.154369115257980     0.625261573620651     0.776373757609555
  20000717    -0.064025902753167    -0.020951649676315     0.953004121501088
  20000718     0.954125377645428     0.570903582629661     1.024423887723134
  20000719     0.313091923762938     0.066618927144259     0.632774849232937
  20000720    -0.011508675257465    -0.053504665367053     0.786595640968952
  20000721     0.594994528372694     0.127733730791097     0.594747229724702
  20000722     0.608705719270177     0.709122551666030     0.985239717065552
  20000723     0.176387983682126     1.110499334425291     1.107308712428012
  20000724     1.022619460278719     0.427555487578114     0.985615642670490
  20000725     0.873608373547408     0.915067850577064    -0.140237379260212
  20000726     0.289280042785626     0.246247624292555     0.974509846630174
  20000727     0.559351527184935     0.197226422570506     0.525751271760020
  20000728     0.419005273556229     0.341999285996028     0.391906576528140
  20000729     0.651799814790164    -0.167088866044613     0.308317807732446
  20000730     0.893114420554070     0.070512743236284     0.734624637880772
  20000731     0.316746679028269     0.269637719036621     0.629387440825171
  20000732     0.297546530805918     0.949992523597609     0.587761805859507
  20000733     0.289428819714293    -0.064279655417560     0.577912584240005
  20000734     0.979101583710360     0.313778973628027     0.771744444044868
  20000735     0.576366759191333     1.084128399811975     0.324128176451023
  20000736     0.975377249199092     1.069186267745801     0.426000425242563
  20000737     0.192292909873694     0.113031628837460    -0.013341820043068
  20000738     0.676409895918927     0.352982770866173     0.283181300772609
  20000739     1.035363231226627    -0.102555094183401    -0.102820737640217
  20000740     0.272248846152033     0.071377997169022     0.569511716530172
  20000741     0.221177791343469     0.469703322630006     0.592463583038256
  20000742    -0.061538955853451    -0.101967855638451     0.482086976397872
  20000743     0.618709786169654     0.707138823883478     0.950105110247140
  20000744     0.366475763132739     1.192789502662267     0.658955272240965
  20000745     0.804422428222561     1.126690109883301     0.164809548297486
  20000746     0.397838362706485     0.872534245056179     0.659761781237614
  20000747     0.044752754657540    -0.160355585313442     0.629442043843999
  20000748     0.072868829049491    -0.123569526341390     0.250761237528707
  20000749     0.426291335661942     1.152989457456685     1.015164778082268
  20000750     0.521242849554269     0.571156082362567     1.024415374791379
  20000751     0.434273249949828     0.268033836294174     0.988780065865349
  20000752     0.466066483448349     0.564125082095629     0.715082772566465
  20000753     1.011378944200989     1.110092411379259     1.236732350615346
  20000754     0.706018423301890     0.485485386557237     0.269861232740811
  20000755     0.105766189780595    -0.075389520307008     0.248748398779368
  20000756     0.131967253815133     0.647564488990070     0.787936525207136
  20000757     0.588622764671209     0.609924333220271     0.841930805612239
  20000758     0.517788223501740     0.273596607111129     0.184581801871860
  20000759     0.859206779494049     0.436073906252541    -0.107427872846115
  20000760     0.226879481935393    -0.023171732338702     0.541815994895503
  20000761     0.369331844165193     0.474795274636167     0.093485491113168
  20000762     0.605005791056375     0.268306991421452     0.373403493778647
  20000763     0.578370346252521     0.671744851172720     0.928042364958664
  20000764     1.071322921856847     0.196134059019225     0.992228581703767
  20000765     0.082982602656125    -0.186981268435788     0.514110096370187
  20000766     0.737691795776675     0.577360464562715    -0.220538560762970
  20000767     0.143807797991161     0.653375996109765     0.793654296618504
  20000768     0.354045303916365    -0.023141086105488     0.815466423236321
  20000769     0.445988215190988     0.136998802547488     1.017829407481497
  20000770     0.743012973990718     0.428275610461886     0.924194498348697
  20000771     0.149009030797888     0.678101552537755     0.728361570266637
  20000772     0.960204297143144     0.558187836993722     0.388529420167797
  20000773     0.869900870500468     0.314501223995929     0.439172868363718
  20000774     0.480179189495895     0.111064456301901     0.934230427488773
  20000775     0.293158539877750     0.093202633024487     0.990116549689157
  20000776     0.583963192780728     1.114183136130884     1.199530870240610
  20000777     0.066299975134302    -0.084885946681306     0.258458057461522
  20000778     0.197093280682617     0.928991850620175     0.792301979577632
  20000779     0.030129112258551     0.887017971696072     0.156585896517776
  20000780     0.305837905922481     1.007144212849880     0.054887607011266
  20000781     0.584494281747550     0.725364053639450     0.966785558242816
  20000782     0.147173702204226     0.653677896476626     0.744319760608239
  20000783     0.538291954179972     0.208567918895766     0.411687440879188
  20000784     0.960930222160641     0.523692392196036     1.067777824675007
  20000785     0.918273018381261     1.028120791168492     0.393579906575834
  20000786     0.980124232739079     0.349655055522460     0.449414529529861
  20000787     0.540130637054468     1.084456807208801    -0.238228146185272
  20000788     0.070156061406204    -0.090632621238679     0.244302224097845
  20000789     0.230479494711939     0.840454621525327     0.190013205792329
  20000790     0.059907045085137     0.191269266741341     0.787941405988676
  20000791     0.574227072997137     0.696285005159989     0.911640124518486
  20000792     0.028558426407989    -0.179340167661960     0.922066991282468
  20000793     0.569538627658325    -0.097730112053354     0.587845614619280
  20000794     0.159899936696963     0.127451679428802     0.082903295754419
  20000795     0.678951271439726     0.351556275748335     0.160736693577104
  20000796     0.646342982819581     0.080885811149429     1.264197143637616
  20000797     0.730057544149020     0.045055418270853     0.464670229931771
  20000798     0.496165668848227     0.254291221352510     1.180912809943034
  20000799     0.973669298257537     0.561916363823715     1.005172436719005
  20000800     0.600103199767739     0.612250724201907     0.476697011538038
  20000801     1.075463294115806     1.164240201511110     1.024013203113266
  20000802     0.162354744186567     0.080451541785890     0.780128372891489
  20000803     0.696260718697865     0.165764652806246     0.541727756714065
  20000804     0.732736387406085     0.257728780850707     0.844372370355243
  20000805     0.627367897928624     1.180730124183181     0.283607690235421
  20000806     0.183049235740333     0.497865528101337     0.250719421443319
  20000807     0.252255708252753     0.509430493690417     0.764688504672809
  20000808     0.756290926970972     0.240729122591420     0.390184430215228
  20000809     0.097665627655914    -0.089921578659237    -0.222104479334674
  20000810     1.001885542569468     0.633001895142827     0.962568009249084
  20000811     0.585032924711616     0.651003662039505     0.926435729422165
  20000812     0.735587593260803     0.116751085087680     0.705211420862394
  20000813     0.992202910001109     1.053061469124982    -0.191196009673663
  20000814     0.069105416454465    -0.092056023842892     0.240020198767587
  20000815     0.033739864112088     0.183912986869052     1.094811030715473
  20000816     0.564729777763066     0.775472467444196     0.416032219747912
  20000817     1.080590603365962     0.507930802146054     0.261466621214087
  20000818     0.417084853489153     0.881243085926784    -0.004534444235181
  20000819     0.613951493221401     0.265053954636362     0.473315588591331
  20000820     0.001490659612525     0.659141326820812     0.745182684648797
  20000821     0.876867669255205    -0.179910228863337     0.800903637737293
  20000822     0.385562937221879     0.078406486512565     0.874987973634254
  20000823     0.965551436343068     0.590447222383245     1.035777733752557
  20000824     0.434360185562659     0.529022965733803     0.543004851403501
  20000825     0.103349073849262    -0.082422447539237     0.256869217131532
  20000826     0.342245950286638     1.098575695228143    -0.032450636077706
  20000827     0.970484050695952     0.495043715194399     1.044112636674565
  20000828     0.312402788398327     0.058154659330900     0.510539059010087
  20000829     0.989654723901909     1.095299888170397     0.747051201411185
  20000830     0.659015063252320     0.526975158273222     0.811891519255830
  20000831     0.060411498520228     0.223292824333654     0.468587419207124
  20000832     0.235849038236655     0.138082326302964     0.730585091847799
  20000833    -0.095361296206730     0.247143654453837     0.054165533991600
  20000834     0.909822453224955     0.110308504303749     0.262596723217344
  20000835     0.546519012617804     0.617208086678367     0.550951626567350
  20000836     0.584328612688940     0.097907662400909     0.948368033573860
  20000837     0.981221466210536    -0.056625654520460     1.100736895421161
  20000838     0.447618779167838     0.891790857462387     1.225354395974156
  20000839     0.609671019844872     0.682887841938435     0.937087534894746
  20000840     0.894613959111194     0.491343294737651     1.052956667021219
  20000841    -0.085671344580815     0.023340641372947     0.918284689729856
  20000842     0.707552687788861     0.278491917031932     0.385623104267959
  20000843     0.932197113294058     0.591508872583118     1.092793265392194
  20000844     0.405520015457011     0.254573817348294     0.221768756452718
  20000845     0.720459783328731     0.357032900917597     1.176996876244300
  20000846     0.297955693573803     0.161163130921035     1.185648028684658
  20000847     0.161290703859960     0.654625499163728     0.786648746572257
  20000848     0.224369913594712     0.108209750331506     1.221308766600461
  20000849     0.676264015338655     0.262449525072260     0.282325715346607
  20000850     0.830108244540653     0.486497845227493    -0.049071259123694
  20000851     0.751478719003417     0.321185219191001     0.491156076557647
  20000852     0.069080879804260    -0.079141520654104     0.248016509402770
  20000853     0.687643167218122     0.833666861230031     0.417982034390075
  20000854     0.716164931535248     0.690266047360875     0.754301507707045
  20000855     0.367292897608134     0.039875917371252     0.582520257082141
  20000856     0.528575607422370     0.653895842698187     0.347892828544784
  20000857     0.091847001624677     0.478195695529051     0.849185944410577
  20000858     0.566916347334313     0.566503243269651     0.480286162042088
  20000859     1.009166575457423     1.123972371955135     0.178800274534404
  20000860     0.626681990856433     0.509974591804630     0.927726641989049
  20000861     0.354804460819697     0.721352336042193     0.720079058259120
  20000862     0.543748933936773    -0.075908850736594     0.519599139778575
  20000863     0.041996784290410    -0.074806176559043     0.219070680224294
  20000864     0.357693037808418     0.015718118443879    -0.070723330046788
  20000865     0.709800219628309     0.130358991968915     1.018335885793445
  20000866     0.817129227142112     0.745718055817383     0.233641691310643
  20000867     0.319027008436919     0.154043222986705    -0.045171713718974
  20000868     0.534269376322017     0.080395191628570     0.955007742989618
  20000869     0.807071664558104     0.914818429846160     1.007693445106545
  20000870     0.207035430382703     0.977890801722883     0.296284618198826
  20000871     0.611587450156939     0.744492987831397     0.945099618892168
  20000872     0.609212603859961     0.626823652394078     0.410810351236470
  20000873     0.840045885935767     1.103705847853202     0.550600305613636
  20000874     0.514579345768311     0.760836784432593     0.913062456674603
  20000875     0.527925352229197    -0.031320988510392     0.920020077060651
  20000876     0.716534700959586     1.087468386240421     0.283171202316890
  20000877     0.063067799859962    -0.120697763580586     0.268824106391668
  20000878     0.973637458857699     0.307480432511557     0.027800621274029
  20000879     0.892040057967742     0.319299864405285     0.579262079288958
  20000880     0.570733638390492     0.504262001533952     0.615877254847882
  20000881    -0.042947012780609     0.615030119739607     1.279612477390660
  20000882     0.846436082645419     0.330747163457875     0.173508300163898
  20000883     0.199939156570853    -0.056013983518279     0.736295250244666
  20000884     0.218933663312133     0.961916889541024     0.492304254427433
  20000885     1.043541602445254     0.658842274953986     0.933340718162751
  20000886     0.287223735251314     1.019765043257333     0.719842865491127
  20000887     0.923888681486130     0.544798785094038     0.981941021830547
  20000888     0.755221197675364     0.259708426675026     0.460264033875216
  20000889     0.281795106601474     0.569467354892871     0.117551693292119
  20000890     0.631454526436846     0.313130970762180     0.486482260660792
  20000891     0.341102192076392     0.179063683140581     1.021375848297266
  20000892     0.231412039394749     0.253745692558348     1.281665409255676
  20000893     0.680155457492935     0.470880660723205     0.450025319900417
  20000894     0.556162609254296    -0.036480086513054     0.646654444105279
  20000895     1.002454172999955     0.374382596523551     0.877643666220230
  20000896     0.859915316809277     0.156372633557499     0.342468755413165
  20000897     0.899936358983337     0.557760746157701     1.046848601641924
  20000898     0.786435837492189     0.424474344620978     0.949620271268515
  20000899     0.078533479399090     0.406688831305836     0.820156577071111
  20000900     0.301965752075840     0.831925871875474     1.136683123864790
  20000901     0.705599983336633     0.862094889283120     0.469839284689434
  20000902     0.617648292455156     0.715749455606967     1.003060329720084
  20000903     0.121438342916247     0.021826176908811    -0.292528390020599
  20000904     0.228854191251934     0.193912833973259     0.981412029590861
  20000905     0.863879468354893     0.042119717625744     0.837551227918392
  20000906     0.785094783132774     0.431392557993540     0.359780508429024
  20000907    -0.014592218081202     0.665524802061198     0.068860374339649
  20000908     0.568669044424959     0.689350684685967     0.933352361189210
  20000909     0.655009272922817     0.292671252335522    -0.006549120782020
  20000910     0.508822938540476     0.264899977697352     0.713194954371860
  20000911     0.051466318116770    -0.076895190175748     0.259107913857574
  20000912     0.059500699210551    -0.091533004605551     0.242423072076430
  20000913     0.583154727030336     0.737343560048179     0.953088568632782
  20000914     0.119204806475888     0.670307090792493     0.781148762356651
  20000915     0.785769130835872     0.455862232581383     0.055933255332194
  20000916     0.937150066476570     0.179717657197738    -0.079827002506691
  20000917     0.118791014015679     0.736585157494031     0.260368061668130
  20000918     0.397203305353312     0.038850252619201     0.669070950970074
  20000919     0.145993896055604     0.671873244915673     0.787002591787550
  20000920     0.698383498473601     0.202114606850148     0.336011628717517
  20000921     0.287069739282120     0.613015415532112     0.455438594461136
  20000922     0.575052873269727     0.688242046955051     0.947220809091766
  20000923     0.886677385879211     0.908190378671661     0.839001039835905
  20000924     0.470006811651967     0.456234680133413     0.991102129404664
  20000925     0.434863856650851     0.089799509743602     1.005000664508573
  20000926     0.323147099753367     0.994593130908589     1.035836479444427
  20000927     0.734217738009638    -0.011183472068054     0.349364745875146
  20000928     0.881511134831264     0.522311204475678     1.016183901370104
  20000929     0.483618269522375    -0.043507178955794     0.556782827481332
  20000930     0.163708951652343     0.634643912590681     0.786988526426517
  20000931     0.500819359097124     0.671753142147854     0.550145797993558
  20000932     0.474015675114244     0.087961584396619     0.545022164173853
  20000933     0.381552716813584     0.678651940391027     0.336116960619163
  20000934     0.944773286882971     0.471866782445707     1.087931498089100
  20000935     0.465304685490922     0.298034696049304    -0.017501924333186
  20000936    -0.077481495436726     0.988695438382220     0.767107960131610
  20000937     0.074595743819503     0.668844723300421     0.209337853104185
  20000938     0.879290137339200     0.308658896365161     0.353343523068306
  20000939     0.120917230739290     0.287426624930257     0.413821537012760
  20000940     0.706592022640630     0.242653597441389     0.636639165156065
  20000941     0.638705626831618     0.688063034894167     0.917338274702506
  20000942     0.290554002919206     0.040342211884582     0.606301506315895
  20000943     0.620455953267503     0.442147880660069     1.059520781999246
  20000944     0.385921851721409     0.514027547301690     1.233149434569239
  20000945     0.677694363255014     0.918219110885838     0.437213811598242
  20000946     0.577375061229577     0.712381288547724     0.943532831335545
  20000947     0.847103849765220     0.702576835476407     0.617304446717398
  20000948     0.559040518715087     1.078890887048779     0.040422932979038
  20000949    -0.011249645401224     0.736628438392684     1.090393645380598
  20000950     0.692149834680916    -0.055558432903741     0.879097783252864
  20000951     0.319694503412745     0.131593787182363    -0.070096578664272
  20000952     0.164649705695627     0.657942202858187     0.762797256850478
  20000953     0.738303436387610     1.180974785133905     1.189033982754888
  20000954     0.395417047252077     1.052081198046818     0.661470113311074
  20000955     0.564179523146159     0.662830041902918     0.972538078374932
  20000956     0.308605912932735     0.170823974393907     1.212190229740705
  20000957     0.361690603866166     0.096564948719470     0.249021593084150
  20000958     0.496221688629563     0.784674527918864     0.498907854156892
  20000959     0.754139346303096     0.725913433363290     0.378710708696108
  20000960     0.151891225844724     0.719159907384837     0.399965352016741
  20000961     0.443860957673903     0.742557430499459     0.451926495100863
  20000962     1.081268843480607     1.165594872863200     0.130447683355657
  20000963     0.757228020841873     0.363444922800633     0.910143879219207
  20000964     0.608975111479945     0.164282941163266     0.981481394403465
  20000965     0.817719579769496     0.189035066238642     0.863896173750833
  20000966     0.771434890318418     1.158854757759872     0.512866763728041
  20000967     0.435443650748519     0.094138601632476     1.089542667447634
  20000968     0.340874608428462     0.509524581507859    -0.259373754575875
  20000969     0.326529309321488     0.132977501759281     0.883949267977262
  20000970     0.451611038458731     0.161822539035661     0.968060737516380
  20000971     0.330075165847046    -0.181109765839239     0.223264162536966
  20000972     0.430411300033452     0.972070348354239     1.072566248555122
  20000973     1.027112949761731     0.579424442008239     1.212075083234287
  20000974     0.944114183061238    -0.029795594225712     0.386941917758517
  20000975     0.437684698865077     0.834267653102973     0.110460863051645
  20000976     0.774005789274028     0.833602602494451     0.539543404753187
  20000977     0.948553707026048    -0.132716002623425     0.614765403840432
  20000978     0.058051359564755    -0.085616467549356     0.238834744959568
  20000979     0.301838603562989     0.029849805665388     0.773426152955213
  20000980     0.662187266163855     0.250073218616329     0.391424714093080
  20000981     0.919393293239204     0.540853348157655     1.028956105794129
  20000982     0.329112118968177     0.985711776921341    -0.160060803565360
  20000983     0.902364804596077     0.655254531412152     1.078321877358724
  20000984     0.030991710885877     0.062692491654195    -0.120338292914302
  20000985     1.080978878089543     1.106030937355361     1.041237386091718
  20000986     0.882998371954826     0.823830192372879     0.235631002287077
  20000987     0.818203631816971     0.397078638242034     0.634685791071385
  20000988     0.184405638453944     1.117846219960373    -0.086119357492726
  20000989     0.572311124057143     1.126304562680577     0.565939930501862
  20000990     0.188479504299845     0.517680612001793     1.264106314572174
  20000991     0.288785778870236    -0.185783779952914     1.210480219567628
  20000992     0.579009150774825     0.744675007169937     0.408475347498430
  20000993     0.794148356501954     0.350902363796430     0.399016068970070
  20000994     0.700472066772031     0.233275146088512     0.833074748626240
  20000995     0.913054142154675     0.163420860359141     0.095811617024831
  20000996     0.935786473575230     0.829024320994851     0.841560610488983
  20000997     0.404724376835921     0.516622314674902     0.455347012041473
  20000998     0.319404332278293     0.579637867914586     0.331821645548668
  20000999     0.691082700257371     0.043442203301209     0.351639348889993
  20001000     0.105173158462277     0.645257655683857     0.734560787501538
