 220000001     0.558215076986186     0.500433204100238     0.593845291242045
 220000002     1.017606130538931     0.574284624409479     1.068956634889410
 220000003     0.603957392660445     0.126529148473668     0.737672517962124
 220000004     0.636625584898831     0.395788533036676     0.982262842974911
 220000005     0.497368247886733     0.053987673166082     0.426338722977965
 220000006     0.772497505273301     0.232913202584547     0.376773382802183
 220000007     0.586348824587194     0.748891738758528     0.935741174325991
 220000008     0.176740523183474     0.199825422516851     0.692818069246153
 220000009     0.595429760575889     0.671930879721727     0.959718020934162
 220000010     0.000209387239007     0.733118163075093     0.828872765767235
 220000011     0.449126559996417     0.745451221690790     0.493459723607430
 220000012     0.077417224468537     0.772354359906091     0.406740599000371
 220000013     0.279528181352189     0.200471733435002     0.022421804018078
 220000014     0.365795130534142     0.267862019698928     1.075215339301839
 220000015     0.943060876926693     0.413095957312999     0.399233671082147
 220000016     0.354153687776108     0.204396221954480     0.890362270547646
 220000017     0.898386519166887     0.595847915921311     0.656046187706271
 220000018     0.642194514794539    -0.123284059908366     0.496349603824878
 220000019     0.628485460615612    -0.000131765336609     0.625164405577760
 220000020     0.820662792777015     0.268734619105533     0.549337146418246
 220000021     0.417152239730201     0.968138126402091     1.298715198630204
 220000022     0.579301302188704     0.163737250016981     1.043795679609761
 220000023     0.481145439212926     0.205821776607471     1.039123798910287
 220000024     0.366166735499547     0.174904599173819     0.896457694482312
 220000025     0.680796829222539     0.334019411960052     0.471089541039655
 220000026     0.588463368821726     0.702243685451445     0.941021052177809
 220000027     0.638181641482024     0.641792008619116     0.716119656136822
 220000028     0.484871678714113     0.625923385912271     0.436629843537450
 220000029     0.316819955623839    -0.009758160793359     0.633781200724941
 220000030     0.517591287877863    -0.103617661588941     0.881991076983133
 220000031     0.918373516286814     0.488695472592507     1.022222971705429
 220000032    -0.006440301303544     1.093659645963009     0.520441087435386
 220000033     0.883883746926449    -0.031688829902512     0.085060843467324
 220000034     0.722574296123181     0.455293283865764     0.460800715451728
 220000035     0.483262032084876     0.034023954205563     0.878226359261957
 220000036     0.501816551198161     0.130398128148684     1.166157557974990
 220000037     0.900940310065653     0.385982103837359     0.494580366765007
 220000038     0.290864371295945     1.174023570650127     0.158468069804985
 220000039     0.902995431130092     1.037654923711576    -0.220574924011529
 220000040     0.817814750064669     0.466141491713597     0.791510814324818
 220000041     0.713636631804405     0.988260983555545    -0.225659690354964
 220000042     0.746372730937933     0.033096027044538    -0.049667367411339
 220000043     0.192799540000293     1.143101513480613     0.166715574604236
 220000044     0.616598806886193     1.158325528803722     0.293623452000690
 220000045     0.778630723482019     0.230642692234846     1.000750034964612
 220000046     0.944788217635037     0.675064825304412     1.210307857152256
 220000047     0.743563635354562     0.912345966162164    -0.230643354078946
 220000048     0.045490871965864    -0.088013312551600     0.243103443230050
 220000049     0.542248521264571     0.299214470644349     0.535457440150939
 220000050     0.141103023987149    -0.079536545709754     0.653430636736917
 220000051     0.686606296081143     0.110570330118142     0.294091802534992
 220000052     0.604397156415313     0.667427725970411     0.682268643835802
 220000053     0.967262311565723     0.535710446147232     1.048217229648996
 220000054     0.628385083185653     0.865938192171788     1.297492524882354
 220000055     1.040743600470469     1.039361257854526     0.147154845098687
 220000056     0.101674585646101     1.146668731252090     1.198326949275300
 220000057     0.959590682603979     0.513442692871540     1.023756510980199
 220000058     0.297069781874607    -0.195078952229014     0.355247461731113
 220000059     0.476611770810683     0.128684370763203     1.050606714109264
 220000060     0.287767463723717     0.119898407385476     1.033539858503958
 220000061     0.675417560271240     0.738259981358898     0.522149280884575
 220000062     0.847643789028869     0.867995363357659    -0.076311799326118
 220000063     0.665113672066105     1.059691741976229    -0.192699806133638
 220000064     0.153763168748481     0.661073141739739     0.783176502011088
 220000065     1.053504394102399     0.229062376643144     0.909080952791739
 220000066     0.825500765242265     1.093831995161490     0.606310785812662
 220000067     0.942277172244880     0.524528280884098     1.040585784640470
 220000068     0.541618063405206     0.701910695393262     0.924796186097690
 220000069     0.348837961780261     0.175028158833515     0.486441892264336
 220000070     0.600911838805028     0.365239899439353     0.379974977413141
 220000071     0.830052246855917     0.386170734372150     0.325141348495593
 220000072     0.397305749445253    -0.066072176641943     0.246882559878051
 220000073     0.700126150866981     0.219993964279883     0.517416956631725
 220000074     0.406695269997156     0.023479959042490     0.727803763293649
 220000075     0.925154887654615     0.507886221205349     1.006798098997369
 220000076     0.887283619622930     1.051098328001334     0.714835691480668
 220000077     0.706088938565945     0.075535264107468     0.707782697214627
 220000078     0.631419026559188     0.214629532371503     0.461812529554414
 220000079     0.064263206450895     0.691833986636828     1.084753195832783
 220000080     0.994435327051314     0.677428675390655     0.322433399760897
 220000081     0.560095130990690     0.701798413843396     0.945035684529392
 220000082     0.243993486454048    -0.083895220072618     0.641861178839430
 220000083     0.327942326052782    -0.018787413496794     1.119619044778744
 220000084     0.486532015769724     0.072322986356683     0.695568161428884
 220000085     0.376980250815331     0.068348670335571     0.491113717714786
 220000086     0.138949562610931     0.324759696410736     1.178932502947815
 220000087     0.878506103432463     0.870181635024158    -0.018462733157876
 220000088     0.121671117653167     0.681583835567531     0.782227891632668
 220000089     1.031405849408652     0.979604957860803     0.790545489380796
 220000090     0.181213683502695     0.946426118473756     1.279571821002732
 220000091     0.574287386987417     0.036485506106472     0.975537213914005
 220000092     0.592699531198433     0.356848601789435     1.221934042860907
 220000093     0.334896382061531    -0.023677377739882     0.658664482495950
 220000094     0.923997927333926     0.665538282791835     0.450662184678271
 220000095     0.927687127974306     0.885678806749064     0.119524269398796
 220000096     0.029266001404442     0.804050842535130     0.618642850950732
 220000097     1.070801232974519     0.266490891335421     1.039279227824273
 220000098     0.161065855941512     0.661924766027491     0.772402442984895
 220000099     0.165889391067284     0.633258608365171     0.777750858270527
 220000100     0.401183432597553     1.134431176106799    -0.147722720655941
 220000101     0.322712470144865     0.575128782299839     0.213891414892759
 220000102     0.893723646286406     0.586080782023305     0.989196966810533
 220000103     0.612050983320449     0.693850158847616     0.316416516548762
 220000104     0.582655091121584     0.366465459407528     0.380899609171829
 220000105     0.748470778695060     0.475012949590836    -0.071435470863608
 220000106     0.602701338822434     0.705843613754969     0.952275930778929
 220000107     0.193136217721612     0.233643100417136     0.037706537822197
 220000108     0.079784350850099    -0.081360622553004     0.256682651432864
 220000109     0.463044894856794     1.013164768116070    -0.212255245719804
 220000110     1.005560708188459     0.536695591657859     0.998792136904748
 220000111     0.313521241678580     0.221997486249437    -0.112823756104551
 220000112     0.260122286066968     0.269715354003718     0.910127807880090
 220000113     0.144657525645607     0.405588203194748    -0.034195962246491
 220000114     0.765567595650089     0.211476963762743     0.144634633843722
 220000115     0.703959436753176     1.077258208055773     0.825703886906719
 220000116     0.934285412763368    -0.061225344838908     0.386552337778922
 220000117     0.373249504407129    -0.012982595447274     0.677849817144845
 220000118     0.720603107190193     0.145206065960215     1.076612089344810
 220000119     0.147784172690931     0.285479247662567     0.468600094896785
 220000120     0.487428457690396     0.481099602148846     0.527026606926427
 220000121     0.981460665508600     0.191784741816913    -0.035940951177551
 220000122     0.371951409160598     0.510796008095279     0.376924223286938
 220000123     0.205934805926344     0.925647942516662     0.470156499676218
 220000124     0.487033884757537     1.067799552842933     1.273872643764183
 220000125     0.589586743790038     0.710779040206856     1.015030328519347
 220000126     0.748583403656868     0.444926427757521     0.257515807457338
 220000127     0.977559195174128     0.204659766540054     0.701594769150510
 220000128    -0.023939698952917     1.112035088005560     0.664578185775593
 220000129     1.048379300548607     0.961525754625133     0.992076862960858
 220000130     0.632140616140482     0.242905897733337     0.948439123495275
 220000131     0.883814917696896     0.710364971855449     0.151683263177230
 220000132     0.549761672757338     0.998690107544841    -0.175898007466517
 220000133     0.145265526912453     0.650812875937492     0.784784008495828
 220000134     0.340757862471203     0.177022350226404     1.100487162368058
 220000135     0.334915416028651     0.131865338794717    -0.099006891910360
 220000136     0.575979121223198     0.659373971780865     0.934617230403229
 220000137     0.366442327335808     0.144600174225778     1.046216884981817
 220000138     0.137204521733277     0.659111005169239     0.810898037291267
 220000139     0.570820980958445     0.697264583543124     0.933667472010769
 220000140     0.282461455685383    -0.041610075913616     0.565448634556150
 220000141     0.488619668387894     0.297282350996570     1.070083243742537
 220000142     0.776893567302742     0.752712851704535    -0.179081161988082
 220000143     0.478505504491343     0.827447225084798     0.569225992157472
 220000144     0.317733275037611     0.215066705265068     0.728651792009143
 220000145     0.920314025603549     0.595043909444676     1.064143363157334
 220000146     0.386578306631569     0.118886990195245     0.998742186897453
 220000147     0.800294909954215     0.542763540984600     1.062032011651874
 220000148     0.576390020929212     0.388199675191472     0.646521084104119
 220000149     0.644958379407984     0.690006450102394     0.922234618267991
 220000150     1.031837834716622     1.029703945718964     0.944173793283053
 220000151     0.584917980917337     0.918605303009519     0.983834631903168
 220000152     0.542865368988241     0.768733913581367     0.621641527140142
 220000153     0.879950084334595     0.085030937336788     1.012884061180997
 220000154     0.547226387768149     0.717174824741816     0.962018736070514
 220000155     0.742098723289599     0.240526165759263     0.870642243666468
 220000156     0.441798487000488     0.824038535218131     0.268709158121888
 220000157     0.827938782410775     0.934774180703533     0.852354118761122
 220000158     0.298938052134288     0.147401723156350    -0.140185113409192
 220000159     0.974526897720956     0.949163640161824     1.223408271952904
 220000160     0.316947031308805     0.628067560839810     0.262518318131789
 220000161     0.567875129747295     0.694112991350472     0.933910180894638
 220000162     0.450666367099221     0.007878093716881     0.398510561065404
 220000163     0.637322315215992     1.096685796821878     0.073086601064350
 220000164     0.221047973604660     0.685028586640174     0.678382579420248
 220000165     0.279123165292362    -0.043066774929850     0.832071438219656
 220000166     0.492162006224186     0.095058115578031     0.829459743227695
 220000167     0.577675125838557     0.407073851656219    -0.150045178154440
 220000168     1.062243111499402     0.884674786650804    -0.018784231214773
 220000169     0.363365218736493     0.904500996711534     0.982982254008433
 220000170     0.730322235194935     0.133219847489877     0.466020758738662
 220000171     0.567522745719706     0.690388489175344     0.932475876378849
 220000172     0.461718228111534     0.697174364014939     0.759163355812215
 220000173     0.924180417189035     0.415708872388808     0.009367755278058
 220000174     0.170869325703815     0.970638136394580     0.330805277726902
 220000175     0.111946426863895    -0.030420373388906     0.062470621311584
 220000176     0.728633859441300     0.342492000914109     0.411674000847838
 220000177     0.492542923617746     0.112784870244819     0.936941733397003
 220000178     0.579794700111198     0.704108530941093     0.937353385351303
 220000179     0.135697260202521     0.609048213436357     0.809807751406529
 220000180     0.059048785938784    -0.116195612051057     0.256873302027383
 220000181     1.013898128143167     0.163411207495654     1.211569022238539
 220000182     0.661837648768882     1.076340161143174     0.724324463433255
 220000183     0.373414252346804     0.137345531524819     1.056926617949113
 220000184     0.305639213238667     0.094862312618472     1.049305940201150
 220000185     0.310555761691528     0.145440058441114     0.976878079154142
 220000186     0.891137662339915     1.117458459406198     0.007857751441787
 220000187     1.002486657320178     0.662860633155431     0.798165778485478
 220000188     0.537280790929009     0.506293589750549    -0.212881368585651
 220000189     0.980347691462264     0.915752150062337     1.064963863522841
 220000190     0.625355388213703     0.707549554392964     0.940974008797148
 220000191     0.147004686321651     0.671663042681003     0.772863469557256
 220000192     0.715844959402621     0.398777709030743     1.098677717781814
 220000193     0.451885513448402     0.122953978410753     0.681263063669140
 220000194     0.765309063162105     0.399416207821601     0.464703465125407
 220000195     0.639537311940358     0.065843944835832     0.789521403056251
 220000196     0.437249434883168     0.941587947339654    -0.033151605085159
 220000197     0.066401686573646    -0.157555367088585     0.149549448598723
 220000198     0.762484017610234     0.265117295391856     0.872903662886778
 220000199     0.560841978526141     0.709512360065931     0.926761574735575
 220000200     0.202614900577957     0.919710137809357     0.878243723532789
 220000201     0.680835482728285     0.323661150016076     0.463652177986094
 220000202     0.277207312372642     0.193747320993145    -0.020277942040307
 220000203     0.445095897607169     0.030828747707491     0.616339599085061
 220000204    -0.020459775208138     0.726479285866308    -0.100662450246062
 220000205    -0.057980881523757    -0.072495148891545     0.625084508859231
 220000206     0.933827390897625     0.522921937514338     1.024978773557919
 220000207    -0.068501302108983     0.745845964469786     0.741013066775353
 220000208     0.580937291694916     0.093652357601033     0.637855844294849
 220000209     0.817015570311261     0.349300436623989     0.428009511255263
 220000210     0.883571156520976     0.870750103807512     0.098703762782970
 220000211     0.768803548036502     0.425001539365215     0.198199482378366
 220000212     0.517358689948542     0.367439652803782     0.890620695640899
 220000213     1.035339305610969     0.685327915396367     0.648764173133200
 220000214     0.767655163443733     0.738160498737829     0.341322849529739
 220000215     0.695027008812026     0.358443005125413     0.490197449078682
 220000216     0.287286675127676    -0.089706151717283     0.491232622789532
 220000217     0.378466123273205     0.126355447384160     1.040971322343780
 220000218     0.119752312670009     0.645077187697474     0.785541384059827
 220000219     0.080907651909173    -0.102304275740798     0.216257136323988
 220000220     0.862030778322022     0.387008797641556     1.018421778228856
 220000221     0.392059275703224     0.141491300155012    -0.085433897544682
 220000222     0.589929132327589     0.581554032980439     0.455574721328696
 220000223     0.085141696986693    -0.042737340059447     0.523032910477132
 220000224     0.554106884347246     0.299021625008554     0.729832574844029
 220000225     0.587076350146944     0.713067357371532     0.963145854413304
 220000226     0.030223156480850     0.691076057462181     0.008533021851926
 220000227     0.979826535074791     0.000288071123648     0.440973650776731
 220000228     1.095104403714284     1.096843924107019    -0.018827507922313
 220000229     0.159439775900686     0.028857021281557     0.788680813744176
 220000230     0.612980280938054     1.075176978102524     0.187154081791269
 220000231     0.298887362971217     0.012033538829436     0.858166745617214
 220000232     0.949349921353012    -0.016078039310011     0.810375504325549
 220000233     0.315934260293049     1.192737792740676     0.971880495879932
 220000234     0.961323542656433     0.539702395572606     1.022364673814836
 220000235     0.353658208688603     0.103104457821305     0.955541950562014
 220000236     0.370007074174684     1.063068163562394    -0.018949285864963
 220000237     0.045118054941019    -0.098751005083794     0.265081889335153
 220000238     0.217277210106603     0.751247545603828     0.614653187694024
 220000239     0.490525316900373    -0.030158161768248     1.203990694647521
 220000240     0.559992927524074     0.269515925137583     1.040833085606262
 220000241     0.713175044961305     0.365234283513276     0.508925939436834
 220000242     0.573254831225478     0.717729599538647     0.645202632955896
 220000243     0.830362482123125     0.322812176806667     0.291777421530321
 220000244     0.608921956009761    -0.072851611612194     0.328032170291980
 220000245     0.226371203546828     0.065122941731691     0.576209247354241
 220000246     1.024630363440637     0.735746928753703    -0.118550043308440
 220000247     0.906110737006074     0.865055691359036    -0.018210490995886
 220000248     0.321150809113529     0.033489950897599     1.046752089531222
 220000249     0.921760947519108     0.187338928453603    -0.070052007039144
 220000250     0.712490371151944     0.641339051618728     1.108736407259962
 220000251     0.347949755582863     0.178756712078820     1.001932937196603
 220000252     0.555392918033438     0.751399607982191     0.285710389498440
 220000253     0.956580455959540     0.094631136417564     1.019960978231522
 220000254     0.392822789208063     0.331482692707932     0.890923371086053
 220000255     0.719621955999665     0.347489673057397     1.253063522276870
 220000256     0.642821048935704     0.719755477184626     0.656876510946691
 220000257     0.269745143024375     0.721454986428851     0.226194285757033
 220000258     0.343233420630575    -0.093266245963945     0.764890097168529
 220000259     0.601818362601719     1.196686006309000    -0.064369432766334
 220000260     0.944196546375043     0.316599391521191     0.502334873548119
 220000261     0.665776476136304     0.318384736747610     0.878567792280407
 220000262     0.617172807538853     0.559798230445749     0.394379693779839
 220000263     0.050570903982284    -0.100421865773466     0.246952043498964
 220000264     0.042222281669017     0.800543288991770     0.016980475550190
 220000265     0.460032306359897    -0.006642875896378     0.482343325264348
 220000266     0.611596050634572     0.675082561677708     0.965259230731701
 220000267     0.758137468900239     0.766200340223159     0.530497090781939
 220000268     0.237275685926498     0.118670846504944     0.744050493733456
 220000269     0.755710374515876     0.155321274125758     0.742581374584051
 220000270     0.015435508635761     1.124393293619272     0.171508407220951
 220000271     0.943103648461809     0.959984154773069     0.608136362012720
 220000272     0.595490367907023     0.454980648967793     1.031035530893313
 220000273     1.096160321885434     0.874151582277962     0.493376181227807
 220000274     0.434183900558190    -0.043694138084315     0.526706127224516
 220000275     0.467617137554849     1.039004455485510     0.912114420903245
 220000276     0.065995436838120     1.138417731161892     0.001493930377275
 220000277     0.360531546534993     1.055271294562524     0.773623023419943
 220000278     0.638905422651842     0.529311195747908     0.787431035638354
 220000279     0.622128446754400     0.934067669007999     0.344144208915163
 220000280     0.916605566206306     0.512360711194754     1.092331266977041
 220000281     0.149827666752670     0.521213634953319     0.490475403573233
 220000282     0.607952876437376     0.700226683342280     0.968516999263881
 220000283     0.538721631716638     0.476299709117099     0.681632589940255
 220000284     0.818260862632039    -0.180653003004279     0.064995364848174
 220000285     0.900960028631338     0.550158668625094     1.011200945298870
 220000286     0.818019174197703     0.845596806799957     0.930606029195869
 220000287     1.077750087052031     0.983800806792581    -0.203213618432107
 220000288     1.018819157127440    -0.175168302601624     1.273106271554698
 220000289     0.458786493670746     0.232773094792782     1.167870152990252
 220000290     0.463668837286743     0.145803226419532     0.502783217550575
 220000291     0.161996205186989     0.540488054878461     1.231758521338045
 220000292     0.832561433676719     1.087479314551548     0.672612838344006
 220000293     0.180676592060342     0.741025188013112     0.987222347196109
 220000294     0.542881873015733     0.584876719429595     0.956678258580272
 220000295     0.900452575794115     0.473730113421579     0.498863199378382
 220000296     0.828917164002763     0.813391033907630     0.177713362084909
 220000297     0.977581774326528    -0.092870261118872    -0.238402022263520
 220000298     0.553829492979457     0.693399355304777     0.924714962729043
 220000299     0.871121349175265     0.354043664796313     0.293768090223306
 220000300     0.127016189835999     0.670463128126930     0.761715788565772
 220000301     0.828478019816427     1.002923756512983     1.155399718747623
 220000302     0.492029848543225     0.103252830417320     0.428302940722050
 220000303     0.475801191326800    -0.153035699208309     0.795396569707848
 220000304     0.203252323008946    -0.033855284735698     1.032502364638539
 220000305     0.312716252549402     0.108519633416772     0.965836316625313
 220000306     0.153841822236793     0.414372587786608     0.701700949350531
 220000307     0.704842717386323     0.249451811842361     0.370455170545946
 220000308     0.181222654011259     0.464039206171219     0.768508500135812
 220000309     0.666990139471275     0.347686507605722     0.346206229984518
 220000310     0.650715995064294     0.060712050261704     0.870758914718692
 220000311     1.021671960227196     0.793052728582436     0.815574190480466
 220000312     0.263785612116691     0.564916012203232    -0.025547920731923
 220000313     0.593553540445909     0.698188784164816     0.998285991868078
 220000314     0.880081920036804    -0.131697488386223     0.179102245966058
 220000315     0.493229424873122     0.290215044365539     0.579704708662430
 220000316     0.882531686776318     1.195410497407124     0.773566996690281
 220000317     1.049530980042930     0.962927909435989     0.298787996320815
 220000318     0.604830441469901     0.167620919763105     1.050734239235732
 220000319     0.088401326342552     0.353609133312268    -0.199720043829168
 220000320     0.575683650813703     0.027397765215624     0.789420919273614
 220000321     0.905124403960828     0.500827246599041     1.000040023405204
 220000322     0.947268699988492     0.992869359867527     0.345099037081228
 220000323     0.040849757934204     1.169052034333507    -0.002462235284260
 220000324     0.420750954650635     0.492705073690437     0.618691971368497
 220000325     0.124122933442509     0.275501068796925    -0.084522999182580
 220000326     0.110656299524976     0.319855928840401     0.735467810389419
 220000327    -0.031873529148510     0.904506202949249     0.181062750873835
 220000328    -0.078303882216987    -0.172479619423649    -0.284467954002925
 220000329     1.097118398380578     0.033097864894201     0.958358792733647
 220000330     0.371304511260444     0.240614082103229     1.051805734241552
 220000331     0.353204191307946     0.089272866598128     1.151697187603762
 220000332     1.032359035309526     0.684790750515011    -0.054496789336832
 220000333     0.366214687092467     0.588202813125964     0.537392510462240
 220000334     0.922184692420726     0.758950878082354    -0.214256034828391
 220000335     0.375182915777161     0.155331519160021     0.694380471584399
 220000336     0.695120060262126     0.627584670809217    -0.061669815954259
 220000337     0.203588564958582    -0.003548348648534     1.046666267493126
 220000338     0.573350325019903     0.685461309014395     0.938820401808760
 220000339     0.774405433059448     0.600316185284270     0.872679194824019
 220000340     0.617684160829212     0.323546540127487     0.494076660783833
 220000341     0.948900458520034     0.240276973206658     0.349950174338856
 220000342     0.450895469866100     0.448206635898556     0.309232036868251
 220000343     0.633536013689590     0.398140190609222     1.013194357199046
 220000344     0.735567264461976     0.927701297070385     0.552139510324478
 220000345     0.232398979771491     0.068347061571521     0.048736148662341
 220000346     0.307716505796921    -0.042442057669581     0.970948503313360
 220000347     0.079410462964427     0.087834126055215     0.729513390769404
 220000348     0.195576160731810     0.000548387235810     0.803869923029759
 220000349     0.071341300095761     0.003140001410101     0.740600973512076
 220000350     0.432404656160792     0.168835618037639     0.746472237740423
 220000351     0.153467370528021     0.647571552032150     0.839343375524079
 220000352     0.139476634780446    -0.087175743829956     0.675559698748814
 220000353     0.295464468608251    -0.179083173655128     0.682814170916306
 220000354     0.343919827916094     0.217345094508277     1.004101182185575
 220000355     0.688942154275753     0.493117849644810     0.367684252575396
 220000356     0.566482448142918     0.199692398701587     0.983664579264395
 220000357     0.413826321791686     0.243369724533625     1.117759133630604
 220000358     0.598448377585365    -0.054953075935193     0.505004272113790
 220000359     0.557797382401498     0.730348349339505     0.942976403294677
 220000360     0.552501773745879    -0.070277473926128     0.499010524345157
 220000361     0.431762611282488    -0.143369864860824     0.205246554513656
 220000362     0.384067464905742     0.860167444587079     0.445939980640521
 220000363     0.631813908893634     0.049107097738706     0.788190557777925
 220000364     0.843824657677982     0.283258239478114     0.413262225208596
 220000365     0.917709729530537     1.114794644414013     0.266097467564236
 220000366     0.607797413430256     0.389605796543390     0.548369152578703
 220000367     0.110037223583538     0.648722646721395     0.759540034389011
 220000368     0.391004383925006     0.286581773247327     1.029096936694382
 220000369     0.967241677685554    -0.180356046137011     0.988953296868657
 220000370     0.526324620196133     0.796521415413210    -0.035343697242381
 220000371     0.621479283586071     0.329573871448937     0.831452658181963
 220000372     0.790690650837570     0.982431569746963     0.674358970927272
 220000373     0.322296064036940     0.244809059060932     1.036502434133629
 220000374     0.848859675257927     1.110739870058536     0.737260818827279
 220000375     0.468818313801932     0.012199838869596     0.998930578980819
 220000376     0.481574248258757     0.057745499324270     0.073296919890725
 220000377     0.567560193281146     0.665595774490807     1.009131256090542
 220000378     0.549796381865305     0.668183403547509    -0.011155904149225
 220000379     0.709163171865575     0.678696219064278     1.214702418753748
 220000380     0.492102308162620     1.091404159610558    -0.057354937687702
 220000381     0.833372747128128     0.543559494340722     0.933750966114685
 220000382     0.584117799974950    -0.188678134627171     1.201658313818834
 220000383     0.219075193136580     0.455624279461563     0.532589721805074
 220000384     0.677730739454338     0.212264812612545     0.505731435441456
 220000385     0.263981914805051     0.472681752980931     0.421584037409695
 220000386     1.066824003495995     0.394740830528601     0.498919206918609
 220000387     0.598512854468547     1.195672039383771     1.093960529433361
 220000388     0.298873206802538     0.985737498573388     0.887094399852136
 220000389     1.042378628848871     0.317409904796016     0.457773588465119
 220000390     0.589562671260062     0.728959171979117     0.945867659137915
 220000391     0.939549771342538     0.562895374244910     1.063884990177911
 220000392     0.130570447341885     0.635362016881011     0.781410532069582
 220000393     0.802166187907508     0.259562619352589     0.401594085585753
 220000394     0.391877843226522     0.512148428943591     0.428546978100087
 220000395     0.075063165181754     0.443107960422996     0.678708264496518
 220000396     0.571094017204091     0.675992297011728     0.950952339220279
 220000397     0.729681858986920     0.693315556440943    -0.174368989427092
 220000398     0.595679446552659     0.113087352423834     0.438764253887525
 220000399    -0.027315195894800     0.423755261974426     0.880522422068221
 220000400     0.377612434502433     0.113923016845999     0.772428698814221
 220000401     0.106420791003324     0.647957873951308     0.782972944630292
 220000402     0.863123980199178     0.941408558348586     0.071869506073947
 220000403     0.501934055621365     1.172484149465750     0.964762449753370
 220000404     0.224456762912387     1.079876878221683     0.857643343729598
 220000405     0.658500511823423     0.403399688637618     0.889262508602182
 220000406     0.469622355326392    -0.035314466499986     0.629285100930191
 220000407     0.836328335162075     0.137428265979083     0.850663437317835
 220000408     0.983859711032696     0.542864142671701     1.063783067074565
 220000409     0.448477594278024     0.803541319202454     0.363141637387833
 220000410     0.952583926038924     0.492788536397288     1.051011086857420
 220000411     0.915345953724746    -0.038614163051264     0.149930103300492
 220000412     0.624721719310507     0.492186084054865     0.441274844026276
 220000413     0.225079598867699     0.840242707270040    -0.079509362216039
 220000414     0.632605136823406     0.388390824945543     0.423237792447151
 220000415     0.921625016456964     0.553488916023048     1.011984014783070
 220000416     0.901175406645006     0.237981460561075     1.105729761030901
 220000417     0.895662934974143     0.350267233935303    -0.146291107652419
 220000418     0.982557189875584     0.571855766128422     1.043343636693173
 220000419     1.074135115242876     0.637718640753975     0.215755407967000
 220000420     0.611117681684211     0.679603334513328     0.945685183226357
 220000421     0.066343589078703     0.534011218203140     0.329126869257580
 220000422     0.502137435119153     0.487296106978459     0.305784944868816
 220000423     0.909928546638038     1.098129182785817    -0.103710120111905
 220000424     0.788062841498168     0.465869542853292     0.875798642519168
 220000425     0.564124370824524     0.886611623463039    -0.044144870083187
 220000426     0.287225295716247     0.246829157430834     1.104025909923842
 220000427     0.974879671541872     0.885157497443460     0.557941762976040
 220000428     0.919768510160675     0.720299982413555     0.870433945008081
 220000429     0.603507002783715     0.474908587247498     0.369595473120061
 220000430     0.141820174806631    -0.056481734949496    -0.083496408825046
 220000431     0.905316440142403     0.545420877634631     0.229626720733421
 220000432     1.024638309594410     1.001981383856082     0.828781073149548
 220000433     0.057291826646169    -0.100910726086766     0.235650059639222
 220000434     0.040346928784439     0.073471866874284     0.868523107097023
 220000435    -0.006307173130704     0.358856515652425     0.087301844833265
 220000436     0.819137834506175     0.543289814435986     0.346923233431351
 220000437     0.657054760992937     0.829886744377863     0.935628606496463
 220000438     0.191138395127378    -0.010458603788029     0.916229657377001
 220000439     0.888534259832681     0.513924198303931     1.052441046948303
 220000440     0.062643369156926    -0.072443108105953     0.280259896022655
 220000441     0.978278293002903     0.499083373640045     1.038868893164721
 220000442     0.569450253977652     0.678195392341716     0.543064699575843
 220000443     0.743718850323270     0.751557140997174     0.476856072474309
 220000444     1.074691669542994     0.708100533994407     0.767460413065973
 220000445     0.302965392035429     0.026081415469867     0.638126051580592
 220000446     0.754860630957033     0.994343610736864     0.719024792767369
 220000447     0.803740795497890     0.314032258978563     1.080651527439833
 220000448     0.092576839436089     0.561766284860112     0.647789859268373
 220000449     0.340569072134057     0.567905570332904     0.386771949721825
 220000450     0.007137487842099    -0.165687390571906    -0.118474176721976
 220000451     0.857223639802812     0.982064362480211     0.864387861676739
 220000452     0.465993067543765     0.804564890772652     1.190455108111297
 220000453     0.719591926207537     0.069359888750232     1.045323131692118
 220000454     0.119710526734685     0.024033627233404     0.915097644279593
 220000455     0.692512709095294     0.724315868477130     0.495802478687988
 220000456     0.148584485017628     0.675953003153487     0.799644018019255
 220000457     0.133963386858628     0.105314513896619     1.247413754103966
 220000458     0.845585986772907     1.020187664445349     0.055382736998373
 220000459     0.768850369810672     0.331681341111617     0.423748874981824
 220000460    -0.068692664816712     0.832499672545317     0.203153156271754
 220000461     0.133193842500954     0.721031242042715     0.728076361568735
 220000462     0.140879368397695     0.058640707749768     0.415097500508832
 220000463     0.848994594327951     0.512851768347676     0.670301773546257
 220000464     0.150703795321700     0.648979459925204     0.726710623714178
 220000465     0.784154220207408     0.817323244271200     0.652503430228673
 220000466     0.583505319765815     0.643933383708602     0.370478482963174
 220000467     0.331439983127737     0.102492113716512    -0.026030441192030
 220000468     0.944246365859717     1.038509099693206     0.245300154283511
 220000469     0.564600911325691     0.292243600058415     0.969051630922268
 220000470     0.065158908969222    -0.077876358512765     0.220541002801287
 220000471     0.638130294346157     0.613471222997104    -0.217694389115925
 220000472     0.829710563606139     0.514887067959207     1.065909459018539
 220000473     0.607031978599077     0.578290097740356     0.360796058016966
 220000474     0.138417032854445     0.731012785164365     0.099825243918886
 220000475     0.764678189752950     1.136498610156991     0.708959987652186
 220000476     0.278810415063006     1.101753214775278     1.282824054498682
 220000477     0.849166990697007     0.682935308557609     0.006266261627006
 220000478     0.587104920926736     0.555484418637444     0.925649883436245
 220000479     0.648718662904862     0.527644938253600     1.172976991554823
 220000480     1.058288207234544     1.061729107848547     0.380376354374048
 220000481     1.092376044810729     1.128697488344178     0.202143633440513
 220000482     0.466743465180150    -0.055825424046100     0.916464915380297
 220000483     0.331923237934359     0.025924442048580     0.989684385049396
 220000484     0.339174870395484     0.002829586235182     0.729380746774140
 220000485     0.063438771335965    -0.091548534466294     0.210193831810398
 220000486     0.633835991075663     0.411794410980802     0.033587477654330
 220000487     0.274483287170466     0.312368794262536    -0.298445790838067
 220000488     0.554374571190333     0.725481864451755     0.956939233353319
 220000489     0.688389438308339     0.639111134770189     0.677735820598233
 220000490     0.411566283311408    -0.026680430518086     1.033686009107447
 220000491     0.759211038271004     1.078784172191257     0.649259527749405
 220000492     0.800882138109134    -0.030147431658652     0.106557039944613
 220000493     1.039411335521714     1.162437499578190     0.848989901394796
 220000494     0.431022259167762     0.148841562024978     0.602318824437528
 220000495     0.440561431885429     1.076253061065315     1.186942716567001
 220000496     0.435193776937587     0.603406033503983     0.257241597368679
 220000497     0.591921482830031     0.224859276748142     0.882644986293702
 220000498     0.397838974256095     0.783687366958281    -0.054308667003600
 220000499     0.185583769902835     0.109160094610721     0.724845663883315
 220000500     0.545930744749412     0.272580845414219     0.469772473059112
 220000501     0.767570132303073     0.277208023889327    -0.258347127307078
 220000502     0.470977173609067     0.003247523166339     0.782604377272248
 220000503     0.402556857244907     0.148284290199791     1.084720008376266
 220000504     0.372983917533482     0.395535486070855     0.521090436370405
 220000505     1.091907027291687     0.911536494134318     0.640873835020028
 220000506     0.567811290522551     0.843169413872208     0.661115421983826
 220000507     0.972030311583762     1.075876596074981     0.350067284953432
 220000508     0.619555271779551     0.637325095265844     0.298900517712540
 220000509     0.910773929544955     0.489431768484694     1.105009465606482
 220000510     0.177372047742411     0.448584518041016     0.177149091201453
 220000511     0.888460101303977     0.251187095948303     0.242383699603608
 220000512     0.514331688431757    -0.037282001302516     0.244148958533695
 220000513     0.564630699892341     1.168757520916020     0.324996327657834
 220000514     0.052365166662089    -0.128440404449419     0.283471045587974
 220000515     0.804141595071211     0.489979601958363     0.987772485942825
 220000516     1.031538263014306     1.164827911692092     0.343180601296773
 220000517     0.629940939740212     0.731443919721361     0.939142192967909
 220000518     0.978251691103337     0.348367577830220     1.191279621280662
 220000519     0.626097967840117     0.572281189055707    -0.267180081861755
 220000520     0.785936374997248     0.542959786093242    -0.264353907238540
 220000521     0.192149263805988     0.400490579891446     0.857660800406620
 220000522     0.664091295152551     0.313344073345227     0.491213133825583
 220000523     0.981325825226724     0.358956704574608     0.439413308313908
 220000524     0.398130794233485     0.021581819060425     1.070229456510978
 220000525     0.369456662094389     0.219931228986279     0.692040391642524
 220000526     0.721604213609547     0.299663278427855     0.135114657218621
 220000527     0.289023845275983     0.145532776374193     0.927198615307851
 220000528     1.013186295515593     0.500587041563435     1.053994147904895
 220000529     0.483628078549900     0.201825980876522     0.741097507273331
 220000530     0.932342662996414     0.307514489572828     0.355280416525895
 220000531     0.610538179512404    -0.087522144496502     1.150801825036965
 220000532     0.752989837108352     0.401658797678830     0.081859168366256
 220000533     0.839469852230131     0.227130308798674     0.411062126323415
 220000534     0.077648024490679    -0.146373615142421     1.087967392874049
 220000535     0.625232290158197     0.273723649385090     0.607135425379426
 220000536     0.612337545832246     0.690157642603244     0.915601658937817
 220000537     0.482713158793012    -0.127953489315682     0.903008679010768
 220000538    -0.048646970116960     0.751332614686274    -0.109514751915769
 220000539     0.798043928153710     0.097040422977076     0.495779854311815
 220000540     1.039828801998574     1.074353190177501     0.073047686998004
 220000541     0.329890160460645     0.061474716241013     1.102901464322161
 220000542     0.466407098124497     0.346102044617892     0.116043301241862
 220000543     0.352909326472165     0.103655138937315    -0.073736871893974
 220000544     0.967328380271940     0.562298833135905     0.994641357837695
 220000545     0.313922893252858     0.197864282707898     0.979965047916402
 220000546     0.625332774194928     0.263755573402863     0.393898496054763
 220000547     0.497833469710181     0.606478354152796     0.465986061734565
 220000548     0.968412312093303     0.412284755875637     1.177668786961360
 220000549     0.662178290896028     0.468616273729177     0.584452840607337
 220000550     0.319368265461213     0.100003853806274     0.971447024878903
 220000551     0.566567715463454     0.715161163009003     0.977988440852040
 220000552     0.711825959357551    -0.131205547686126     0.765112571939479
 220000553     0.509652544735941     1.106137558236067     0.117315213062921
 220000554     0.891911009219159     0.669266987320788     0.804482846109254
 220000555     0.520090036509773     1.042543629754165     0.775982168069067
 220000556     0.544641278015213     0.359382905830979    -0.283079172352147
 220000557     1.013133229233852     0.500702106994642     1.075224837803271
 220000558     0.991581119614194     0.406875469772340     0.317314711289613
 220000559    -0.079536343201072     0.457501886449760     0.656941201363064
 220000560     0.710297236621263     1.187870747591521     0.116103495947731
 220000561     0.150460577396222     0.311665081125453     0.347581878574289
 220000562     0.411245535949743     0.639998439235158     0.465092447431203
 220000563     0.990295537925053     0.150848376776326    -0.068720028969868
 220000564     0.093820983036212    -0.106845045056253     0.255832666865142
 220000565     0.396976242428909     0.988415231389011     1.117964927359592
 220000566     0.605003951605384     0.742080434080496     0.953985206069954
 220000567     0.885563603435161     0.039696211436679     0.921542701272621
 220000568     0.441803587580983     0.517605441229626     0.439668814978572
 220000569    -0.019893986790599     1.144147786943307     1.023321935459871
 220000570     0.065646229226035    -0.097647288687563     0.246810620771946
 220000571     0.566239864192884     0.701684041062510     0.954383238945914
 220000572     0.366638857279724     1.054747697585683     0.834202462719712
 220000573     0.435653323486230     0.233822724706238     1.005501132881200
 220000574     0.421069136401894     0.110793786520570     1.046745183704343
 220000575     0.949113065853004     0.911802193774579     0.591565030232953
 220000576     0.741129611077172     1.073245828582476    -0.156008110451485
 220000577     0.128722103825287     0.705077400225869     1.113806571130401
 220000578     0.874219352371907     0.364162138828647     0.486381370828372
 220000579     0.234679516076398    -0.104160261940548     0.794216020494523
 220000580     0.399154226688502    -0.028960076756178     0.929177667339333
 220000581     0.365366562321099     0.237156657803868     1.065495698835520
 220000582    -0.082384079272337    -0.147988191485568     0.197056383285202
 220000583     0.438944173054605     0.673092021847997     0.509958958864591
 220000584     0.823476153697273     1.076624135354204     0.631900215664345
 220000585     0.966543994421788     0.540160577040586     1.052184099821774
 220000586     1.001651024098485     0.543077041602769     1.125081515494085
 220000587     0.078202148625749    -0.123542155532219     0.230380600748101
 220000588     0.857678134461144     0.843476472639302     0.862102994875009
 220000589     1.088551013699506     0.228352148055613     0.253373480928124
 220000590     0.550014554818358     0.355912643355914     1.114778151087695
 220000591     0.324702189255974     0.803452113272186     0.856385625212657
 220000592    -0.044468074784456     0.815831695055569     1.270955010838375
 220000593     0.872258026001458     0.623394907691957     0.456069976609825
 220000594     0.639462060082489     0.690785527878549     0.325294175875986
 220000595     0.387752458302606     0.128562025609423     0.007877512647747
 220000596     0.943671064867696     0.739384215499975     1.096842269717076
 220000597     0.136975156157696     0.675157492623344     0.757133066323437
 220000598     0.399987816230106    -0.062055902550025     0.750974888556074
 220000599     1.066468175444812     0.560103387543911     0.325838292125549
 220000600     0.480937118626581     0.333346906105951     0.938810149136194
 220000601     0.973390898571568     0.419210567642923     1.106629823172667
 220000602     0.386299877498525     1.012162358107441     0.857790183896391
 220000603     0.911204938370471     0.540816223935272     1.092412958523870
 220000604     0.759211824189681     0.068643267109746    -0.043364793994964
 220000605     1.036153731343364     1.040309594220285     0.039850418754541
 220000606     0.938228058212455     0.507101813462574     1.095960525529334
 220000607     0.693805535305904     0.291472749259387     0.363959590354465
 220000608     0.219923588758982     0.763797711408570     0.099252726945657
 220000609     0.316749006116141    -0.134942617447330     0.702779962616926
 220000610     0.999239458475787     0.532244794272506     1.018377725277686
 220000611     0.149607474046254     0.640637198259683     0.769058027589394
 220000612    -0.085202025453413     0.742010742338270     0.070676367053089
 220000613     0.541500258908071     0.227370769544919     0.692739700299248
 220000614     0.787479364757166     0.781951181915424     0.622262536252415
 220000615     0.879321523160430     1.064686674281156     0.349583412354788
 220000616     0.458081699228029     0.373563714769509     1.235138075727779
 220000617     0.740303796127884    -0.127032274638215     0.543283525134633
 220000618     0.815279874602762    -0.126460447496943     0.607707208849757
 220000619     0.323270963701873     0.164480751425656    -0.005222942922111
 220000620     0.170849589439313    -0.007697914499901    -0.152066128080710
 220000621    -0.097361119979956     0.883902273239295     0.894649796839070
 220000622     0.410095263769084     0.213485067074138    -0.065840725445887
 220000623     1.078742410409640     1.141977812266113     0.375393427195459
 220000624     0.934424691418989     0.274439025202055     0.860083340726793
 220000625     0.351261673580365     0.201443724783655    -0.039822381794223
 220000626     0.130390025930120     0.617104328839321     0.792023448740414
 220000627     0.553115768400091     0.654594806817742     0.457644631006724
 220000628     0.024389508474867     0.441123812996751    -0.263534050140652
 220000629     0.161292854053208     0.643970526384173     0.782410244590044
 220000630     0.950390426174211     0.177320860220529     0.237415988728104
 220000631    -0.061029009486128     0.269089511588778    -0.281027000586157
 220000632     0.756443070345787     1.174059092177805     0.532034389746197
 220000633     0.687026378009943    -0.162961760848553     0.526902103199027
 220000634     0.753957348244332     0.369144021552729     0.131203439533556
 220000635     0.592215579886846     1.102573504633453     0.642156354525621
 220000636     0.202766999769730    -0.004076204892669     0.816678470874465
 220000637     0.031497328582748     0.443873307920151     0.822964837966414
 220000638     0.455637345405428    -0.083763109888174     1.195159267349707
 220000639     0.538822552690535     0.643754037976641     0.445299214910024
 220000640     0.728897236954642     0.938839005558745     0.684181555809871
 220000641     0.459593732976085     0.968489492364194     0.876464098068360
 220000642     0.469193439737819     0.969047032348408     0.490471979541511
 220000643     0.776048880454998     0.414768781739267     0.032998501856016
 220000644     0.871636866624654     0.426599024365298     0.702666539379472
 220000645     0.570183047899346     0.294642301346666     0.755841316508187
 220000646     0.259164900085116    -0.074114552796107     0.571523688847067
 220000647     0.452885865239678     0.124151852199877     0.910992226170777
 220000648     0.137700996407896     0.647900245102270     0.783711725242988
 220000649     0.809892158107566     0.286413793810781     0.433481723190525
 220000650     0.641466773438819     0.096192816773804     1.182694261711476
 220000651     0.209011071833196     0.747060993779496    -0.256934762877269
 220000652     0.736315783189465     0.395873815464694     0.557788880736097
 220000653     0.401171460374565    -0.040893095411674     1.019438143857807
 220000654     0.599067534602757     0.268335375976583     1.084363519677269
 220000655     1.040769077790992     0.404940320866943     0.090005181356425
 220000656     0.577975043310918     0.695975950557947     0.919945215265096
 220000657     0.390180847551132     0.197844752297710     1.113335195209570
 220000658     0.821656181477612     0.929008464784373     0.960316880786429
 220000659     0.586815621970067     0.215336589609980     0.917999463288211
 220000660     0.836082185697846     0.084033833212176     0.309520983659485
 220000661     0.445645798525198     0.215416317315111    -0.193378085666431
 220000662     1.000950253788023     0.392593865966180    -0.051785085904607
 220000663     0.428598405943847    -0.110559690780700     0.810228687992116
 220000664     0.114824242748803     0.876320040543643     1.024837954356040
 220000665     0.983461057278009     0.570359640913775     0.943313989660667
 220000666     0.400601048444174     0.228589107935274     0.822130850348278
 220000667     0.866277956267620    -0.039121330064829     1.298784371078999
 220000668     0.807653655225912     0.548381649933971     0.490503605293626
 220000669     0.343982362459387     0.706533856119540     1.253263965543990
 220000670     0.937461783067001     0.256414002066548     1.012701811442373
 220000671     0.541161067547645     0.421954810206775     0.719882683566828
 220000672     0.890810775839444     0.938496059092125     0.024029422242854
 220000673     0.376729433780622     0.582308341498816     1.156797614748899
 220000674     0.336796963139336     0.582605637785317     0.401265529650762
 220000675     0.108409263924073    -0.061548530922202    -0.129247064025852
 220000676     0.587924367840591     0.510023866855498     0.969442343899260
 220000677     0.826353902028593     0.851502780703961     0.475219420101965
 220000678     0.387552130971423     0.875185787307944     0.229908121020935
 220000679     0.537278921831198     0.567568891140856     0.841244309169964
 220000680     0.464687365408731     0.162919932023303     0.438023588347144
 220000681     1.053419863951459     1.070949638024445    -0.014946988094408
 220000682     1.079058078891809     0.266622385543077     0.660096835981312
 220000683     0.860044592262881     0.445761223598603    -0.108027297167099
 220000684     0.465766705249571    -0.090048709403363     1.085013182759783
 220000685     0.043115604923376    -0.099623502525113     0.254908467720563
 220000686     0.763836008207173     0.252397070331993     0.398051185954460
 220000687     0.253659511436154     0.760127369238282     0.448285774429048
 220000688     0.125228121615763     0.022569335324540     0.971286681778057
 220000689     0.898677227313516     0.964153474079892     0.111912167427038
 220000690     0.744148021714722     0.274678770786398     0.674517776460143
 220000691     0.442528023483130     0.056834504760864     0.592866014335880
 220000692     0.079708199988144    -0.106214481843993     0.237308518608818
 220000693     0.422018678447615    -0.185816797036069     0.699560530192811
 220000694     0.950471536746907     0.534164764896892     1.102062829737016
 220000695     0.791247603262391     0.396270316848767     0.722699620761861
 220000696     0.461651255985039     0.126416509773480     1.130310861669067
 220000697     0.920689443624215     0.549904179511285     1.034932814094484
 220000698     0.911972966870174     0.500504286113126     1.051912099781865
 220000699    -0.091455377743159     0.086147866096156     0.992450009180106
 220000700     0.528089954854048     0.089427078803851     1.042480152144471
 220000701     0.987507336353936     0.528704062954811     1.019120825848059
 220000702     0.917288071578729     0.559077902619603     1.044861462673183
 220000703     0.561711574466655     0.704878545056671     0.934948519640048
 220000704     0.911530138068815     0.587627465952359     1.069181864368362
 220000705    -0.088089451360055    -0.101425039131974     0.851912042444205
 220000706     0.297588016161852     1.044558195335433    -0.174969951704625
 220000707     0.246758570322657     0.032042184004421     0.687478436991989
 220000708     0.078238222572652     0.499238021750856     0.651921567934053
 220000709    -0.007359423774967    -0.047714404676381     0.284839285310957
 220000710     0.033916652006427    -0.172242120266026    -0.292956162790695
 220000711     0.868811508559673     0.012636712909000     0.819657245798001
 220000712     0.791092631924168     0.217978949515533     0.277287755332799
 220000713     0.978941888187354     0.919969095580415     0.532778788429214
 220000714     0.607536513931583     0.313772102065079     0.927326826178797
 220000715     0.622823081023134     0.186410537798778     0.546172814495128
 220000716     0.560197251528571     0.635627595724520     0.520422929710480
 220000717     0.510604930805065     0.116450074838133     0.515680208340565
 220000718     0.792121116781627     1.146589123325936     0.316666724173038
 220000719     0.840501790702671    -0.090507010309128     1.172506659549806
 220000720     1.097386036097602     0.876931438138884     0.732465847780146
 220000721     0.820814340178491     0.163374163535563     1.239999374331030
 220000722     0.221134918670492     0.003298977430627     0.747879896372824
 220000723     0.313469144555638     0.187493501056512     0.813430796229388
 220000724     0.894621140124304     0.261855517363280     0.294573139990513
 220000725     0.636082022743427     0.127843302013493    -0.056949215265490
 220000726     0.601074344627453     0.699889043130134     0.935472889218676
 220000727     0.583893688260769     0.046263972214331     0.753723513403225
 220000728     0.921437915064607     0.298961229996467     0.095309292268065
 220000729    -0.093922063575918     0.421555327244152     1.046206739500256
 220000730     0.451206392692920     0.257664199788116     0.108570687753251
 220000731     1.036938384669794     0.549244795406047     1.005492000980073
 220000732     0.484785355096787     0.779813992660852     0.673273042830598
 220000733     0.614644729853828     0.690091943086078     0.921178044140009
 220000734     0.650242304281543     0.208237133627896     0.957111303997374
 220000735     0.314471391697549    -0.079146965990497     0.742606563823193
 220000736     0.770377913054304     0.435854888354828    -0.161341336633795
 220000737     0.582892667523373     0.749389567900384     0.946841235679370
 220000738     0.750451513177256     0.778010283636146     0.759763989611333
 220000739     0.682391165627692    -0.123722874954663    -0.031947687135531
 220000740     0.236424780792369    -0.002972584794977     0.669772787778646
 220000741     0.270076765038638     0.051024257957777    -0.122718759939531
 220000742     0.927144560283458     0.654083033469956     0.288051112933762
 220000743     0.508010173571967     0.966244384214260     0.534667606311395
 220000744     0.313255507328000     0.238853133050578     0.633896395016656
 220000745     0.242966168497674    -0.089947804141769     0.697750453165215
 220000746     0.555140301759602     0.385110712796773     0.457676603771539
 220000747     0.044634784560601     0.423021675557841     1.009737248245294
 220000748     0.228378509965382     0.521502939480544     0.561501675078686
 220000749     0.594855690322407     0.677174426211500     0.933702789547819
 220000750     0.927671455966819     0.554375071850969     1.006816626829932
 220000751     0.651928046734251     0.086648267116732     0.497278639759934
 220000752     0.574751783019942    -0.091644237218394     0.426718837128187
 220000753     0.571837883980433     0.341415300767462     0.765675911405618
 220000754     0.653275208416509     0.240080558624666     0.454554548618848
 220000755     0.955309407388349     0.299768468465488     0.447249744825430
 220000756     0.425624711856560     0.094554490462291     0.995357321825877
 220000757     0.759318267559817     1.175746932522529     0.195454669349544
 220000758     0.151516059389466     0.653900031136232     0.775016866150212
 220000759     0.946953125699321     0.523712777349493     1.048346586264363
 220000760     0.385194328882742     0.009701290205177     0.848803999339633
 220000761    -0.007916182330456     1.170341107533443     0.029353837407386
 220000762     0.544584370037043     0.705375594942410     1.010614637766013
 220000763     0.554013177182530     0.697605061602334     0.920960950433614
 220000764     0.542668444495133     0.221854740669622     0.595731448313847
 220000765     0.204116425573573     0.024459701220639     0.587946304810800
 220000766     0.542210834068501     0.696489107501360     0.918403299387624
 220000767     0.987262207121599     0.275448760728106     0.028958486647715
 220000768     0.810675595894532     0.716712831902969    -0.163908439166793
 220000769     0.763434305951645     0.449385921701403     0.850133882643330
 220000770     0.721049074086004     0.338747382426071     1.056631668236895
 220000771     0.805421459262789     0.733624437595646     0.142081587903015
 220000772     0.538229025020627     1.084704415587116     1.139907519071096
 220000773     0.543060013780588     0.732160045074789    -0.041724930370107
 220000774     0.680088536041787     0.968750680925306     0.671996419835692
 220000775     0.569518589373645     0.704996875298872     1.006087537872730
 220000776     0.488599869232869    -0.072044245815854     0.605445872504247
 220000777     0.259437081774245    -0.167631630615943     0.264800907646136
 220000778     0.936770941662459     0.538611939257664     1.010804743511911
 220000779     0.284985259973280     0.017845639377741     0.539761554423300
 220000780     0.929030292603462    -0.068055503652259     0.497375713056746
 220000781     0.805586801881042     0.400814088271302     0.366716292460527
 220000782     0.724655656936209     0.796631694512767    -0.177231207844798
 220000783     0.998444482403831     0.536972399537087     1.070653777620486
 220000784     0.275848429419634     0.254149111511408    -0.012026671239083
 220000785     0.998769663900170     0.559557721059818     1.008349939632391
 220000786     0.752801676256935     1.151281602066798     0.469076300543282
 220000787     0.301646807520437     0.371912667648105     0.785688128134250
 220000788     0.839902439000241    -0.053472841248455    -0.089964066374574
 220000789     1.028592584985962     0.493138183061029     0.573861725646373
 220000790     0.529043748765345     0.532921504075650     0.617761604816792
 220000791     1.006411639744816     0.410326290910732    -0.216453604495748
 220000792     0.378200432505175     0.685051791009943     1.242614534268567
 220000793     0.487276237840016     0.840994100883955     0.376224199004274
 220000794     0.107151341191349    -0.097601132761677     0.237218542728176
 220000795     0.434986334470345     0.099792507392981    -0.013244460449704
 220000796     0.415775553617522     0.157096348778214     0.778247129530198
 220000797     0.920158271052486     0.199911758081396    -0.245770657643817
 220000798     0.404066309478708     0.068767024681756     1.087662425038372
 220000799     0.682097779231381     0.512437729904553     0.190510190190018
 220000800     0.641724577310987     0.009151442795331     0.553042218987875
 220000801     0.059375615868536     0.317945272468157    -0.236669066830112
 220000802     0.303627073960047     0.121662172236270     1.084707009283176
 220000803     1.008394554491006     0.301785918165197     0.217457757175898
 220000804     0.239014548088042     0.390897230702294     1.155119166227160
 220000805     0.126792513850615    -0.111171892245564     0.545654166799034
 220000806     0.327100380777031    -0.100425104119201     0.460031730660906
 220000807     1.099312244202960     1.161392870010914     0.591285396286397
 220000808     0.787786676136971     0.702287612740513     1.012563310806438
 220000809     0.397702919513392     0.245157756177454    -0.070181418468161
 220000810     0.727254815204046     0.081482488321222     0.913279041272629
 220000811     0.695014295128089    -0.144342361313141     0.104855246268975
 220000812     1.087455975976316     0.507544778854996     0.986805141965227
 220000813     0.635711088904588     0.164790861021635     0.895936974868611
 220000814     0.129727855100192     1.131637672105461     0.668533495191731
 220000815     0.468473794702371     0.491552617153127     0.031064739722363
 220000816     0.184171877302455     0.233536776993187     1.105647537049070
 220000817     0.516274718388853     0.045819465166961     0.689292397468075
 220000818     0.695557251783696    -0.195051807051519    -0.211502284202810
 220000819     0.791139975765212     0.611094400774398     0.151555537666475
 220000820    -0.036357360621238     0.008668335704483    -0.001077494213827
 220000821     0.520979432454335     0.035273046713750     1.010371751715241
 220000822     0.374329673226895     0.200254640019165     1.104219453316472
 220000823     1.030444694548684     1.169216754998296     0.422163651414476
 220000824     0.722572578932184    -0.152807419982407     0.827259423114805
 220000825     0.763309959453066     0.346102862014808     0.479359692259169
 220000826     0.782309767978591     0.164323133791923     0.596688376732448
 220000827     0.894534094627788     0.443182613204936     0.309960505650829
 220000828     0.849438089127801     0.954275276602594     0.856263932990027
 220000829     0.149209363114190     0.673793741045693     0.775996755890930
 220000830     0.222850190869810     0.068859406319725     1.097351818403481
 220000831     0.898017000057399     0.053362849369890     1.221256908240259
 220000832     0.724775748451665     0.277386840039948     0.407389837834542
 220000833     0.945439389887061     0.520298132986458     1.047577031861342
 220000834     0.313089222647269     0.591193680106545     0.634210589043214
 220000835     0.737321583098778     0.797185915813238    -0.067392088373892
 220000836     0.153181990175629     0.682167108698671     0.824342534075009
 220000837     0.587191785411385     0.899030680002259     0.390471512839456
 220000838     0.274532712280900    -0.024557768862864     1.118871864648890
 220000839     0.545334212381186     0.978542856004335     0.488405485563392
 220000840     0.642591743958271     0.437965407790626     0.508112627551919
 220000841     0.377200792739742     1.107503981968713    -0.018608774571735
 220000842     0.843876143984404     1.149761162298705    -0.285845468002806
 220000843     0.071895225743250     1.130880563983992     0.705364649720805
 220000844     0.867032846673364     0.388809349242424     0.457019576506621
 220000845     0.056903508018678    -0.102043884972855     0.252669638935520
 220000846     0.648429486996671     0.899138703330456    -0.106450362348532
 220000847     0.431349441263330     1.155634984413491     0.033185287334001
 220000848     0.475590026455432     0.039768368168775     0.882299504729977
 220000849     0.171560849873713     0.586050239684288     0.409023138526638
 220000850     0.578787400014650     0.474402531291413    -0.139939736627544
 220000851     0.128509305175382     0.644419781223502     0.817836536562028
 220000852     0.778521693095197     0.627623570658240     0.926570494293926
 220000853     0.829588757799846     0.536171896313404     0.384298031385048
 220000854     0.632224480205487     0.666666033651012     0.768040461257763
 220000855     0.765248664672179     0.505401057285060     0.396199230089108
 220000856     0.179921729652222    -0.020616976603720     0.803472440115217
 220000857     0.767004759737510     0.292317917309759     0.477093495583592
 220000858     1.000080612222183     0.499050212426469     1.153987843044159
 220000859     0.460585634830277     0.649563760964688     0.487971227999693
 220000860     0.979092182283928     0.260943156711053     0.652098950789692
 220000861     0.701477728965125     0.203136610263981     0.935507360860088
 220000862     0.833661874996955     0.725483291964824     1.211868125064783
 220000863     0.821540461302045     0.325811441393627     0.254831192979195
 220000864     0.211478068175021     0.836115928215140     0.985858349410511
 220000865     0.300904302270059    -0.031980323367268     0.918679558925931
 220000866     1.011768196864971     0.619903159594645     0.720132010852278
 220000867     0.957448349775411     0.925845778995499     0.095957866942837
 220000868     0.391369301612431     1.003414726803583     0.620522671426474
 220000869    -0.095713730303609     0.315703040591763     0.707211987789485
 220000870     0.412036429098447     0.486020305330127     0.210603291155851
 220000871     0.152842050100705     0.676792985883251     0.788842233265224
 220000872     0.363919343468391     0.274678315020211     1.077840653811170
 220000873     0.274771091562360     0.216101984305155     1.010625694743494
 220000874     0.779577028599542     0.304651511172497     0.349153440420308
 220000875     0.930235178485397     1.106243518255278     0.243368669541579
 220000876     0.622319406285338     0.434508463874155     1.010819899586498
 220000877     0.645893453472249     0.377555543448082     0.476145144637356
 220000878     1.002400335604200     0.088049870619864     0.330575724049103
 220000879     0.689672945134954     0.690578793756743     0.441727748644653
 220000880     0.762009016650832     0.352394304158833     0.431653949095477
 220000881    -0.057970290918758     0.366381018650357     0.677429931761014
 220000882     0.721047735251086     0.246475368988728     0.798244765079270
 220000883     0.269970826879836    -0.095067856868658     0.584452026348292
 220000884     0.522177406719830     0.580083094693725     0.628321198100241
 220000885     0.132714994224592     0.620515366302505     0.797276217704671
 220000886    -0.072215614943628     1.079941587741956     1.235510601661394
 220000887     0.926607085353502     0.791939541577054     0.017531932728298
 220000888     0.679010807391346     0.797978354978865     1.216917291224643
 220000889     0.837482017276323     0.429234698341546     0.976644078785387
 220000890     0.625034469362511     0.513836669514140     1.252931812648766
 220000891     0.543666875867067     0.721499786401831     0.955151702152412
 220000892     0.991040693820810     0.476887236542909     1.025038204278341
 220000893     0.649012664582547     0.316731884991033     0.505130616158914
 220000894     0.124593694454215     0.646956678970376     0.790396184898248
 220000895    -0.096571898679803    -0.174182589442980     1.116351648229419
 220000896     0.600695128447323     0.049548300663086     0.792207822189386
 220000897     0.621711223232147     0.675860813234167     0.939387038237393
 220000898    -0.096833361307720    -0.100620224995515     1.188746876499182
 220000899     1.014275880566229    -0.061093360858638    -0.238961175557537
 220000900     0.509836553999622     0.846070901518745     1.198228637004998
 220000901     0.861048498317251    -0.007788178981979     0.760807069353055
 220000902     0.674184926364454     1.020910680227611     0.885629114649760
 220000903    -0.089292273236359     1.075262568687209     0.481018802738027
 220000904     0.980123628715326    -0.001132460390067     0.775938453451792
 220000905     0.410402131601695     0.364668347018704     1.029043082989519
 220000906     0.161474932502053    -0.149908433547894     1.231992556163864
 220000907     0.646676346110316     0.375641891073326     0.344773859296907
 220000908     0.377486755443164    -0.068327518200858     0.687998821435622
 220000909     0.996224946216722     0.770042251169911     0.718357917593353
 220000910     0.770807513636057     0.812457757980173     0.467434827117966
 220000911     0.556165786643982     0.690842234890095     0.934113693937267
 220000912     0.963136498720437     0.534419584964408     1.099310064892612
 220000913     0.693143218702962     0.228489799183156     0.932422049751794
 220000914     0.423294636386964     0.537921176477565     0.475651149214793
 220000915     0.708475584002177     0.466861973886024     0.591065445933820
 220000916     0.640394970297671     0.573597314360720     0.387363140677279
 220000917     1.026585798694695     0.730620531335724     0.908215418575823
 220000918     0.302175391712366     0.561703441057848     0.159957144774457
 220000919     0.422135793577318    -0.006380168935745     0.657066722889560
 220000920     0.326766514231145     0.102749222123449    -0.012046770695277
 220000921     0.336150262717480     0.385675437093364     0.424602954826522
 220000922     0.776732464438849     0.524343873855860     0.463265254493428
 220000923    -0.040974534352025     0.185333096893794     0.854314471021268
 220000924     0.626815592575154    -0.095195413327427     0.827680167393478
 220000925     0.696036410134923    -0.146482214735584     0.298971573607314
 220000926     0.623949016406927     0.187636562772488     0.458484335898654
 220000927     0.192877873936605    -0.092191946805353    -0.091928361356018
 220000928     0.845753632706053     0.191750117414659     0.566163968732137
 220000929     0.777330452272567     0.723954571598468    -0.235158651916324
 220000930     0.399859738179217     0.110308382967680     0.930221282909590
 220000931     0.402365547787242     0.073372937138427     0.878305677889921
 220000932     0.037615558768236    -0.088252651749476     0.272659943249867
 220000933     0.705145992426560     1.130891835675900     0.988384105652673
 220000934     0.768175855224562     0.460369077928467     0.606959572186908
 220000935     0.896582204693233    -0.052581820291673     0.809635750625320
 220000936     0.587874211732846     0.690715118126855     0.902949250275909
 220000937     0.787814477175159     0.368400579680694     0.879805340659096
 220000938     0.098264410523357     0.091744496602784     0.140742828137277
 220000939     1.041463092476559     0.798091756909018     0.524645514148612
 220000940     0.249989710632287     1.084303110265413    -0.110581107523521
 220000941     0.243740649690301     0.025349295716903     0.493815144194395
 220000942     0.433205885349577     0.016102550911741     0.163652358097000
 220000943     0.361487353174826     0.417843848265043     0.880375447568123
 220000944     0.990700807901280     0.549524429729786     1.004732253393258
 220000945     0.222673121190068    -0.161412894012097     1.038221475116190
 220000946     0.270579156979655     1.033391499221314     0.830805888522172
 220000947     0.101050461791501    -0.097850367484612     0.843923018459075
 220000948     0.792741960155316     0.258523007889261     1.265001105702944
 220000949     0.158423661866795     0.646324392277801     0.782190789579195
 220000950     0.699983708790781     0.892852510933595     0.239185131453104
 220000951     0.363398547160828     1.004755380378443     0.225914773063477
 220000952     0.451634377006497     0.176190605148086     0.516067164260296
 220000953     0.123201129552460    -0.060425627830842     0.356436068431699
 220000954     0.567188305516027     0.661549713328469     0.920163683269878
 220000955    -0.097934472437611     0.122960187908538     0.448678466258541
 220000956     0.497022023764204     0.203298996777900     0.555519553981903
 220000957     0.556592780078790     0.228422997438456     1.204081010545313
 220000958     0.392073696080524    -0.009066987143648     0.915106192238085
 220000959     0.321267338421224    -0.027753127848293     0.744633653899340
 220000960    -0.077457516732334    -0.030831647243731     1.210469353719490
 220000961     0.197048913203551     1.135872284913492     0.525533361361542
 220000962     0.789041049278448     1.158441799663726     0.429359624230685
 220000963     0.353290478062955    -0.135953104202043     0.796144240371702
 220000964     0.532361857686272     0.334584741761914     0.244166339294650
 220000965     0.275060971756413     0.339499069060588     0.428930502611092
 220000966     0.758612629713180     0.346483193772230     0.203849235691263
 220000967     0.634765625661098     0.811989386784346     0.379777863416516
 220000968     0.411636061998503     0.559101306613791     0.004334348225364
 220000969     0.988653670047336     0.242352415659506     0.856424833739467
 220000970     0.636994776126992     0.369337201594643     1.192631659637467
 220000971     0.557148730091919     0.711931606616120     0.936322816911466
 220000972     0.571698189038591     0.764115454632139     0.976312784116481
 220000973     0.814887402938442     0.452152602039556     0.396547090760466
 220000974     0.827331676801803     0.243446099426060     0.358923633700740
 220000975     0.518347464620931     0.239092111315604     0.366524444724178
 220000976     0.236792058855687     0.110158606544200     0.048421112705736
 220000977     0.242606004974587     0.252682741462684     1.083179532951018
 220000978     0.852849799711349    -0.161282891248099     0.658915727894014
 220000979     0.019757398550090     0.881049278563196     0.288479841654656
 220000980     1.015570592612116     0.498500120844566     1.003749506788924
 220000981     0.532631665540937     0.229836284818044     1.101356869888519
 220000982     0.846143226472207     0.048882399320544    -0.116635351053951
 220000983     0.159993159677643     1.053510635147656    -0.094981980674391
 220000984     0.953346685714097     0.527217803020922     0.974380806593319
 220000985     0.936851382369716     0.549805137414057     1.045278281258232
 220000986     0.576513307843219     0.514845352090753     0.976588269236005
 220000987     0.913441002838531     0.987723423188636     0.387904032391332
 220000988     0.145663455601428     0.649165001285678     0.832646842004658
 220000989     0.968460121721193     0.291821144863031     1.056850953295398
 220000990     0.548567937474177    -0.099566230472857     1.102207793860136
 220000991     0.955048418127088     0.514133806023138     1.036063316662037
 220000992     0.752645181615584     0.746821115305851     0.722863414124305
 220000993     0.369626507422498     0.128373394310665     0.033295945234265
 220000994     0.142446864245104     0.690309722963941     0.775536157977636
 220000995     0.872351028507716     0.858174326607663     0.111081844196086
 220000996     0.112973052940659     0.663691435165182     0.762544931689959
 220000997     0.943564804850496     0.377982526333721     1.095086609953892
 220000998     0.161923365923004     0.216894824155046     1.031268577350591
 220000999     1.016127098570982     0.658847331256462     0.958996183272032
 220001000     0.857238209703337     0.882639293820157     0.018974138064737
