 380000001     0.722218250170221    -0.119212902176516     0.760981504797622
 380000002     0.545043445150153    -0.113043385124724    -0.125943577364936
 380000003     0.841431007738637     0.282572810920495     0.086232525187213
 380000004     0.281337429498000    -0.038701055587275     0.851631762833543
 380000005     0.306082044999243     0.031116828147991     0.695681825420305
 380000006     0.316768312716170     0.250853689596277     0.637036783765691
 380000007     0.751364149767514     0.275722273989486     1.137546642279553
 380000008     0.569237647435433     1.087913022883207     0.165016394676434
 380000009     0.452321195818959     0.093942740650312     1.041943413961593
 380000010     0.920408556295963     0.709921251686245    -0.110673101089101
 380000011     0.618477116440377     0.013113046928768     0.737772507867987
 380000012     0.481556202312102     0.824041935017622     0.393720972036895
 380000013     0.225645407590413     0.596474483143027    -0.115309665256853
 380000014     0.902882660916449     0.497768687756744     0.909884331314432
 380000015     0.576964569657737     0.707338405520053     0.967149139745285
 380000016     0.963757198720510     0.299981012670599    -0.123113792882644
 380000017    -0.012872668975576    -0.116601400068701     0.682651855354907
 380000018     0.480931438717584     0.055099069375587     1.024374059841577
 380000019     0.544732949288080     0.702747975224987     0.914835791269834
 380000020     0.482633403898347     0.676762257027730     0.396947423897368
 380000021     0.453749849144914     0.309714380169308     0.926715649764009
 380000022     0.491325257804280     0.163965712535186    -0.137126793818195
 380000023     0.876508349759501     0.349656361964983     0.277617766972545
 380000024     0.949014629931115     0.381627722394093     0.390089027562579
 380000025     1.049469649628096     1.091352678545861     0.333987084399341
 380000026     0.573503632446027    -0.133157295050452    -0.215647593192029
 380000027     0.548696329735443     0.110126710172150     0.422541478725496
 380000028     0.255867581057258     0.767936407345336     1.137726405343825
 380000029     0.441249011775987     0.172510939633852    -0.124871791626794
 380000030    -0.096017778524981    -0.119560140852187     0.752767492099485
 380000031     0.964162553601832     0.592920945572469     0.045762100651685
 380000032     0.774359245389904     0.330935236464258     0.363638873494132
 380000033     0.164477143766367     0.647594617417208     0.795681456718796
 380000034     0.965770256365167     0.356838854194710     1.107497464608863
 380000035     0.293490165100289     0.137909365356209     0.660457328318184
 380000036     0.060476389037671    -0.102671603728195     0.210543340387712
 380000037     0.792183851012161     1.021194854138803     0.392554460495081
 380000038     0.902625454478719     0.893287649590036     0.078746578912983
 380000039     0.952208422722477     0.569728279534626     0.195823534932742
 380000040     0.394401165306571     0.110403164533111     0.990392349232622
 380000041     0.325938282050005     1.013436492666742     0.388386706492759
 380000042     0.576130672828618     0.676258873598528     0.549436369863450
 380000043     0.781439812493340     1.170068949760042     0.284826688576525
 380000044     0.738439980835915     0.166523417153310     0.584194425217516
 380000045     0.458507658903083     0.069094124815384     0.680055994707294
 380000046     0.612869850422654     0.367646517246893     0.992431416777614
 380000047     0.767498850145061     0.756715431794790     1.154069448374915
 380000048     0.586984695615235     0.009196160831097     0.762445000835711
 380000049     0.733595667263378     0.550572537610765     0.782766653339251
 380000050     0.816745546891276     1.041516167473834    -0.202236538816519
 380000051     0.975478548886212     1.174995997236295    -0.093953338474747
 380000052     0.870110179462770     0.429622970421985     0.315269625970841
 380000053     0.331044136094341     1.075358613531523     0.263123314727744
 380000054     0.221096095647351     0.137345077223048     0.811680033915081
 380000055     0.368755829041175     0.095811741870146     1.034091700078039
 380000056     0.421060280912865    -0.078577153926989     0.727163809657358
 380000057     0.636905010242111     0.526602802977539     0.958828509191510
 380000058     0.490838798035296     0.326276999044928     0.521491274007683
 380000059     0.091195558056844    -0.108214502717553     0.261416581811989
 380000060     0.546811360442926     0.378264477647976     0.488467108557925
 380000061     0.094222672538483    -0.059575479182819     0.238488437772796
 380000062     0.870656489695085     0.732957100114583     0.162318380548136
 380000063     0.591723204764656     0.755860409736668     0.952664875890431
 380000064     0.606737155163200     0.937640264402167    -0.040357675409321
 380000065     0.696423197856353     0.572436510000714     0.840968795158882
 380000066     0.595415018324971     0.718281026940211     0.980169037673287
 380000067     1.093313707572615     0.235194160354177    -0.208117712405780
 380000068     0.760460009555371     0.786058818601210     0.177533908654595
 380000069     0.616014121200799     0.686252814332364     0.927825733210284
 380000070     1.073816247650919     0.924502259736870     0.941787901520484
 380000071     0.994961975623832     0.487273218763869     0.411001432085737
 380000072     0.088239207645890    -0.090638631121389     0.254410129699599
 380000073     0.122726579385847     0.490540036251999     0.585870899982593
 380000074     0.388208941380412     0.068819012623587     0.582999858687533
 380000075     0.524363412828771    -0.138335139678479     1.061160367204746
 380000076     0.204445197094364     0.899558402539121     0.999047029190852
 380000077     0.280522107352762     0.052157752592383     0.078942928110653
 380000078     0.322572002205958    -0.044758959000377     0.765153829661823
 380000079     0.771831286820188     0.379130930028918     0.326881247016152
 380000080     0.719952747556161     0.054383356762545     0.662069330464754
 380000081     0.051702191608394    -0.115539782550646     0.249851174403682
 380000082     0.079463111717154     0.566729521343277     0.711364683284805
 380000083     0.996819338060964     0.707181155856516     0.528225670286953
 380000084     0.395365905484673     0.697434901120280    -0.211236861190790
 380000085     0.647992780861208     1.104080288471863     0.024861684315792
 380000086     0.977297864435944     0.463406238767949     0.253285782097531
 380000087     0.947359554817568     0.353446972370745     0.914107134752951
 380000088     0.231130520095288     0.030645451861445     0.070220356101979
 380000089     0.536346968167546     0.886499819838425     0.892721141731870
 380000090     0.596445544831190     0.701933603782193     0.937630086176274
 380000091     0.594733592351141     0.749774305673649     1.096185106798782
 380000092     0.451144940183574     0.979867135344639     0.711879996061308
 380000093     0.732016940673416    -0.118144731399082     0.771253218337009
 380000094     0.806571322775073     0.191579989477168     1.188288069117510
 380000095     0.298920694605292     0.141844265514026    -0.069194024172843
 380000096     0.438336688164594     0.931201654849290     0.777946179496235
 380000097     0.943974052879167     0.936139487486208     0.089567746259008
 380000098     0.803154749738796    -0.182225592010284     0.691820841421968
 380000099     0.747811729297310     0.321126678116669     0.400984113545931
 380000100     0.664904688134212     0.304177508297296     0.450437762580597
 380000101     0.141164785533788    -0.045695769399447     0.484744432441047
 380000102     0.427437911406917     1.049960778166340     0.432029003401549
 380000103     0.639786365573068     0.420225320696906     0.569098507460203
 380000104     0.386453055091774     0.532944304341920     0.521982018501901
 380000105     0.369462590385210     0.640351519337777     0.176875919386260
 380000106     1.019572996763284     0.305095195948041     1.169931014176478
 380000107     0.599104952711179     0.670467909476246     1.140184213828799
 380000108     0.948266937179723     0.617699277243624     1.044941645728475
 380000109     0.241032581329349     0.829151167539233     0.434358533269716
 380000110     0.361527548103054     0.063256594227230     0.834958801768433
 380000111     0.948809553541456     1.078138863516988    -0.068499749174622
 380000112     0.078573290029086    -0.119433130311541     0.236217862127702
 380000113     0.148695531589848     0.633437111315983     0.801047430917065
 380000114     0.275335506186783    -0.178078376708877    -0.242644756728593
 380000115     0.191968752701817    -0.069773300793042     0.827260182316471
 380000116     0.801359838228481     0.433646220594416     0.519324925523679
 380000117     1.030322640750133     0.927687246132693     0.800465808084619
 380000118     0.222367864005092     0.077495941433110     0.820666624522631
 380000119     1.042463763427621     0.923645518115683     0.220647103867246
 380000120     0.197122269828317     0.126516167185512     1.067848037063304
 380000121     0.985459761334690     0.494868823762457     1.040129967765116
 380000122     0.889336077965690    -0.077750992828119     0.090187865334165
 380000123     0.344597344630512    -0.031492794097455     1.048847382747904
 380000124     1.041480416311389     0.847959328882962     0.196904171436058
 380000125     0.827959823327075     0.121813637013326     0.279226784773825
 380000126     0.630434894196912    -0.091520166606169     0.860334614939657
 380000127     0.709658008297834     1.079709466667853     0.659924792885790
 380000128     0.459063557870705     0.772144522152296     0.383742975886909
 380000129     0.018460088827014     0.190925841924722     0.318023844533069
 380000130     0.699559706720440     0.175450872114986     0.533325067717319
 380000131     0.699157915705682     0.314812790775408     1.153019881182579
 380000132     0.183361612271725     0.271098501892576     0.698606048353417
 380000133     0.330949169156609     0.145999884808581    -0.074264987854789
 380000134     0.570815508402515     0.966185868348485     0.348433281793402
 380000135     0.775744518136510     0.895200609313141     0.349734896723137
 380000136     0.847655100034505     0.129305078391934     0.721876510691770
 380000137     0.831802959083988     0.580965650054041    -0.136510017687066
 380000138     0.565805602513642     0.568160798708517     0.350425858067612
 380000139     0.076462408692058     0.268625029194042     1.268257836302195
 380000140     0.592795331214741     0.446869387750173     0.741989295827371
 380000141     0.885975681018127     0.115045064383690     0.542885764353336
 380000142    -0.029988322002617     0.741153053120062     0.497691849946254
 380000143     0.288551664081959    -0.033604967661552     0.608261719148862
 380000144     0.778488524507602     0.228226367368179     0.459944907819721
 380000145     0.852923445237503     0.046381526845299     0.823421043591479
 380000146     0.587435347522324     0.712974456805067     0.940716088388584
 380000147     0.088112682717740    -0.078205821514727     0.252910808691413
 380000148     0.730280792419153     0.296493567848626     0.220987676023053
 380000149     0.981366465979645     0.416471428346080     0.595932634430731
 380000150     0.587837823923535     0.674656703659677     0.953211162470202
 380000151     0.585477608987126     0.959541676614161     1.161946555416800
 380000152     0.127364701131871     0.284462934451687    -0.053531911346262
 380000153     0.500687220081702     0.663936920278194     0.503285415531336
 380000154     0.463253817097820     0.393810147797242     0.408067127186793
 380000155     0.776031312145662     0.028069287798325     0.140180269285318
 380000156     0.578329281564517     0.889872757809827     0.224946132289494
 380000157     0.043886719726433     0.277504172440158     0.220878474459349
 380000158     0.792172027729454    -0.032580204532765     0.392658455625385
 380000159     0.097639395623940    -0.097453332782301     0.226853748277641
 380000160     0.985660551477246     0.281606825352142     0.876645549592304
 380000161     0.804175765913375     0.764475298578841     0.643915326546639
 380000162     0.652267584899408     0.293724931564711     1.078704332966950
 380000163     0.389240822614363     0.163566662305975    -0.042183578740993
 380000164     0.153418642945771     0.104128460998978     0.854638273231613
 380000165     0.900071612775894    -0.182608268669482     0.896376383976216
 380000166     0.852574081865304     0.327000250501332     1.005022360142855
 380000167     0.537590422232791     0.725558252515927     0.981852571893689
 380000168    -0.024051187502844     0.444480610437471     0.570837752795391
 380000169     0.578515110404092     0.699041549028944     0.960476922394769
 380000170     0.471228915218046     0.379645972032411     1.159070865045896
 380000171     0.897463461466294     1.033093534394184     0.272765043913045
 380000172     0.635474960725265     0.153997916351736     0.539206100239890
 380000173     0.289248862200140     0.745484902745099    -0.185427104979691
 380000174     0.295336444315542     0.183980959277735     0.868216775957956
 380000175     0.068088872031006    -0.086918447568504     0.260270053486743
 380000176     0.646914201071311    -0.058356969172107    -0.129495971241514
 380000177     0.366802157585268     0.089283106929978     0.971915644513289
 380000178     0.709163977435561     0.293696734904700     0.303813778619194
 380000179     0.874827974618662     0.780514688979921    -0.236754371526813
 380000180     0.700304334176787     0.443136126337579     0.023923691102508
 380000181     0.521925685424943     0.206018917979598     0.161132454506470
 380000182     0.338025277580759     0.700053096022603     0.332971094615520
 380000183     0.051342115574519    -0.084760191325104     0.253008368478913
 380000184     0.538564121994979     0.481444445469434     0.955868404106854
 380000185     0.136855420827238    -0.185505862016172     0.371580541861949
 380000186     1.032814821898885     0.422367048389838    -0.094527663874639
 380000187     0.565336088908739     0.713792314476411     0.940902619258343
 380000188     0.969103929651085     0.500543897149986     1.040374465540903
 380000189     1.091965376646722     0.927568783639620     0.153304663954264
 380000190     0.426578986288060     0.138594570299241     0.295760851041417
 380000191     0.312238967930621     0.165965368139564     1.216893768980755
 380000192     0.332984685080579     0.488079205929527     0.352305774423536
 380000193     1.060293348362353     0.466990761543928     0.673217616684463
 380000194     0.359793881504225    -0.068507263769155     0.695180152364670
 380000195     0.049819904506408     1.127109728741980    -0.250810717748724
 380000196     0.465148491213632     0.388907237949115     0.425168148692865
 380000197     0.385297039582349     0.104653288537357     0.925410134488942
 380000198     0.940657393919711     1.046905095658640     0.467360654687894
 380000199     0.028306034284668     0.233779547316546     0.530484872233767
 380000200     0.711870790913891     0.349793325822496     0.504477202735677
 380000201     0.619057177640197     0.000055244137590     0.656110094079760
 380000202     0.871233723243395     0.423247783226899     1.224048256099431
 380000203     0.825306469698885     0.945532835499510     0.263731577374698
 380000204     0.458910108021578     0.166401283668060     1.118477297261775
 380000205     0.890370361509340     0.431211067523576     0.431555456423165
 380000206     0.622864633434432     0.714828819683352     0.940395888204225
 380000207     1.078839854259945    -0.119285480029277     0.668475675285250
 380000208     0.293080726948564     0.170432014299640     0.453274775801810
 380000209     0.993312966417726     0.888026538014736     0.975941932772777
 380000210     0.371585550010304     0.214160474830260     0.850563212631606
 380000211     0.795143517653247     0.299997325974303     0.381011868314151
 380000212     1.060282991811422     1.001550656435402     0.121880989537678
 380000213     0.146378566051006     0.640191746776515     0.811474445012568
 380000214     0.382909421349047     0.247564632861525     0.012929963133579
 380000215     0.414995439336694     0.806588958729437     0.262832878498447
 380000216     0.914651242823827     0.535205299927513     0.985584172100316
 380000217    -0.012574596444661     1.112507662452699     0.474037623447211
 380000218     0.913421742442074     0.102728462416978     0.170901689504570
 380000219     0.608905505584766     0.643676425508746     0.781743018237547
 380000220     0.734227067783783     0.770971127788208     0.142994086233034
 380000221     0.324133169102083     0.528766556997394     0.225896507161388
 380000222     0.899546168224826    -0.067287011681294    -0.067464653504238
 380000223     0.452355112023715     1.061915441924117     0.363673438759504
 380000224     0.229466133155894     0.312702126598690     0.994993392642875
 380000225     0.215458408398073    -0.110419749905712    -0.072215148018160
 380000226    -0.005653347177963     0.130375404196148     0.700934764220536
 380000227     0.543010472524677     0.726547698228692     0.943701664564951
 380000228     0.366183008947497     0.056626364004619    -0.070771054623406
 380000229     0.775089562949698     0.400484934813327    -0.296967067906448
 380000230     0.318861534663795    -0.020569454769288     0.819672440691456
 380000231     1.003581313873598     0.729140834090037     0.482869826162576
 380000232     1.094732168141135     0.520899196888045     0.062677972239463
 380000233     0.072268097635481     0.630749818157317     0.779650612361930
 380000234     0.517154673194093     0.168092557785103     1.106040987580914
 380000235     0.768485747731058     0.303772361844223     0.401326707874977
 380000236     0.617464081824661     1.050903663800138    -0.284127291637103
 380000237     0.106185909701235     0.960245436638836     0.702522284937377
 380000238     0.784351915860764     0.243545378976190     0.376507222694535
 380000239     0.496229479598935     0.468233911337438     0.702423203808572
 380000240     0.293320884109418     0.274255248668810     1.057543769504089
 380000241     0.901311474014785     0.383508963478490     1.095833863583993
 380000242     0.138881974711093     0.673588511922152     0.777669812871444
 380000243     0.944080581693352    -0.115010600708865     0.516472085069557
 380000244     0.629033576111363     0.221989848935374     0.721848607188801
 380000245     0.063728907517075     0.076903090502200    -0.147483770016297
 380000246     0.289875441240411     0.763345432261998    -0.141706511311441
 380000247     0.735179574680730     0.120222381941480     0.522964738620751
 380000248     0.726176728608047     0.102583719214852     1.169221615298555
 380000249    -0.060665919948358    -0.128493259691439     0.305841084627945
 380000250     0.968484524814740     0.538612819138410     0.991626200968517
 380000251     0.317581994413594     0.043589543968452     0.067930893444364
 380000252     0.780881723931193    -0.094184168190024     1.161459626588637
 380000253     0.051084733584124    -0.108661529585411     0.238414850208960
 380000254     0.609809517499425     0.686369679823345     0.962401190457108
 380000255     0.352502961202120     0.678503845842420     0.046030321195657
 380000256     0.342064233710548     0.660448789613202     1.299478541937677
 380000257     0.605496159693332     0.684956835068653     0.928227687200457
 380000258     0.490868704549833     0.389975327231845     0.562831119992583
 380000259     0.999561209235996     0.576169532962729     1.054050021438690
 380000260     0.164053536376182     0.681150354267445     0.772946721782700
 380000261     1.079502103816223     0.472340491717111     0.739166181882811
 380000262     0.952979574183732     0.688028599196080     0.597005637650623
 380000263     0.814036232940301     0.602022537581569     0.851416718361564
 380000264     0.565090991630717     0.085378977748197     0.959292402253874
 380000265     0.980295083529361    -0.109368405746888     0.847102614555167
 380000266     1.013164023447884     0.279382927922235     0.262481720270287
 380000267     0.597606518847618     0.310713406015093     1.140455934273595
 380000268     0.763810628250831     0.372994357258330     0.485807316530662
 380000269     0.385023733965864     0.429349273566797     0.204907714255706
 380000270     0.498912786560448     0.062600893421248     1.034509290470448
 380000271     0.969328981939235     0.488449448493176     1.096485789203766
 380000272     0.663113883110534     0.751817235897240     0.136002685340214
 380000273     0.158036420214860     0.202858915440433     0.209849366890566
 380000274     1.084955162379128     0.997498310196732     0.016286673090234
 380000275     0.707231046016834     0.966124161736750    -0.276267084553024
 380000276     0.199321839701099     0.596064988678844     0.875946370853505
 380000277     0.078139182568353    -0.090424415029910     0.220238121467476
 380000278     0.270460086269170     0.139402686378715     0.205994931295118
 380000279     0.783276428873909     0.429837793211088     0.444999686766494
 380000280     0.071643441509008    -0.104289029744476     0.262008505769638
 380000281     0.053525874287356     0.363352942912786    -0.209748781709694
 380000282     1.005092314174457     0.319892899032023     1.275901234026270
 380000283     0.617537879618457     0.801769040059420     0.632921074949404
 380000284     0.143740015277144     0.640654830604515     0.791491730040864
 380000285     0.734150863555255     1.036401191464746     0.985022285837099
 380000286     0.080083312593826    -0.086499358824301     0.938215845766865
 380000287     0.476277775573237     0.460535690674043     0.766150765914201
 380000288     0.863330110089819     1.014100805898045     0.874985287899957
 380000289     0.837836047396211     0.760827331682369     0.798779050916962
 380000290     1.007241261350778     0.568141569717501     1.067176969174973
 380000291     0.779803362758578     0.657651309282812     0.410767375941513
 380000292     1.079589688395011     0.047935705402258     0.696134688263644
 380000293     0.737579898427196    -0.019259111716562     0.702175263541171
 380000294     0.283152758407722     0.281863821372295    -0.186628896052975
 380000295     0.363356599301225     0.014353305936990     1.183938169304695
 380000296     0.584399783859406     0.248172608751701     0.462600972912065
 380000297     0.902981529386534     0.045247707858200     0.653266615774854
 380000298     0.786211175147124     1.009929000989792    -0.036464070436779
 380000299     0.941510971487198     0.563842138048012     0.000673539642826
 380000300     0.498154442142110     0.747017287712071    -0.260577415619376
 380000301     0.340080477230462     0.347850906935344     0.120208833855023
 380000302     0.848252091196995     0.500598753991509     0.567248899289470
 380000303     0.864875010827628     0.706148754722035     0.166888990816721
 380000304     0.102525230546271     0.677506593067033     0.803213750756798
 380000305     0.469765238352629     0.794687729936098     0.672944727812829
 380000306     0.762152306202808     0.843721132494004     0.336017561310355
 380000307     0.378370650083654    -0.012577654370246     0.850802577397017
 380000308     0.641661286506469     0.001689469002685     0.731622447570648
 380000309     0.769480947256735     0.415533546943514     0.564403104263478
 380000310     0.909635609937331     0.050263265259176     0.855270636945089
 380000311     0.018117130937045    -0.179538147893093     1.061086446540165
 380000312     0.871178696290480     0.775806854618940     1.256012181733079
 380000313     0.471198414162251     1.195783685664341     1.145388685682525
 380000314     0.454483713145040     0.425061310142412     0.272699275920248
 380000315     0.951781427396874     0.190664757858866     0.460375636332738
 380000316     0.359268694114716     0.216197265245722    -0.156475020823664
 380000317     0.433921142994829     0.075055749509932     1.139563696381054
 380000318     0.078277334145233    -0.056023747237633     0.249488772098837
 380000319    -0.066805474097477     0.544295558223488     0.224068741697169
 380000320     1.094376547567222     0.621701297083598    -0.274395790696718
 380000321     0.304454465812886     0.177435439279882     0.347561244299020
 380000322     0.749001152739594     0.359023320511696     0.414167792366507
 380000323     0.148375651089679     0.349818572726060     0.170863806038911
 380000324     0.128013406541869     0.170462389815064    -0.107467110712245
 380000325     0.563893358292825     0.691484986370427     0.935646780484209
 380000326     0.494924459617085     0.816939689118172     0.812139307220578
 380000327     0.890745653242599     1.148949229378000    -0.018773084901079
 380000328     0.761419836196579     1.170755313294177    -0.211133376822501
 380000329     0.866509129944039     0.435632886488217     0.627873345166531
 380000330     0.616227109615491     0.658598099664125     0.948216287535257
 380000331     0.120951635755501     0.642528395337152     0.798163666874119
 380000332     0.150199120188421     0.649171059295120     0.769036653685971
 380000333     0.967428699987752     0.521473216580233     0.997754971669485
 380000334     0.632301361986778     0.525968716643563     0.359411660311445
 380000335     0.284467980858008     0.373728635461792     0.706522749889402
 380000336     0.395150699389282     0.513756839765200     0.364911815780835
 380000337     0.762873977887450     0.112937749216098     0.536397885007667
 380000338     0.349776938944583     0.567798904758293     0.077142381928992
 380000339     0.952388190821519     0.021254741506055     1.150517016379411
 380000340     0.282305725539448    -0.061453760883539     0.538017821530976
 380000341     0.705525114903883     0.325955578443464     0.303351173279127
 380000342     0.075698202134253    -0.101230027610471     0.258988945168180
 380000343     0.079082574029835    -0.114580967533474     0.253911292690812
 380000344     0.578776864785975     0.729577535123569     0.935129138283892
 380000345     0.163164327694930     0.673321323759612     0.783158419799102
 380000346     0.230550037966200     0.447152007062617    -0.180367243084956
 380000347     0.862759166764067     0.039609227888951     0.938477171824001
 380000348     0.987698682815716     0.087476993925228     0.112127439130695
 380000349     0.372308266420721     0.181128279149574    -0.012384872547080
 380000350     0.341060553056681     0.190519065679488     0.936157754486890
 380000351     0.752152350305943     0.487609545570263     0.336181123233575
 380000352     0.475657730229220     0.581382451337222     0.681565367331961
 380000353     0.881575705630165     0.396572357323440     0.948866650995527
 380000354    -0.082691951503177     1.021145411250647     0.493627247910190
 380000355     0.620969563142821    -0.088430902703628     0.669748710145013
 380000356     0.626983838741708     0.616271076632523     1.251740277497715
 380000357     0.720054312278803     0.134354471161012     0.796616018789352
 380000358    -0.036226208198966     0.090439671854369     1.031326444571897
 380000359     0.347523609651868    -0.064374175039574     0.346598386139209
 380000360     0.613810401509089     0.768230742662529     0.969275488658566
 380000361     0.814680082954995     1.063717820431004     0.364283796140488
 380000362     0.333837210623776     0.513931181413291     0.324406178246001
 380000363     0.572444144707428     1.194186881450994     0.697806934802676
 380000364     0.074017141463888    -0.114340201272847     0.205467093925775
 380000365     0.751985359870412     0.941475191280680     0.454712509448686
 380000366     0.444334269132165     0.131422765429976     1.121165483988007
 380000367     0.679665667407350     1.029365625167017     0.048645496845191
 380000368     0.801442123869749     0.501952896179584     0.632490968505214
 380000369     0.275414921827959     0.264038967887743     0.435959897481323
 380000370     0.587776113850593     0.065653162676220     0.674376549005002
 380000371     0.309202448127532     0.509782075143293     0.164094740975299
 380000372     0.595166525323982     0.685762873926449     0.925472764586600
 380000373     0.756295836616126     0.393763615736886     0.337665816865055
 380000374     0.899394888499531     0.569213463948959     1.000563768321670
 380000375     0.964589267746655     1.197888326941050     0.872289350471815
 380000376     0.553420093615536     0.445940078857815     0.296779373877338
 380000377     0.820974762440389     0.653934599208540    -0.164978133371668
 380000378     0.901713974358115     1.100553319548822     0.003814095337713
 380000379     0.706660825614869     0.254646930488291     0.544585085996210
 380000380     0.259409284187755    -0.006721713047612    -0.191697313961259
 380000381     0.464254537645209    -0.111631808380371     0.684657073264846
 380000382     0.273371259663388     0.573633681672859    -0.036530178252698
 380000383     0.826564527955573     0.223924885332937     0.353919258362163
 380000384     0.447019793013347     0.067722292105086    -0.165414776511890
 380000385     0.923304996538489     0.564165549559119     1.176905988210834
 380000386    -0.055845425154211     0.060558829022461     0.439912802901716
 380000387     0.840531931274970     0.402487765357234     0.361455502460464
 380000388     0.987240269263469     0.571589574339390     0.065609863679658
 380000389     0.509634284956883     0.082672361603425     1.111845265901694
 380000390     0.316978221163540     0.846809320119068     0.271516920255057
 380000391     0.387941347510190     0.188797473956617     0.786333724917180
 380000392     0.061393430840129     1.050485707221041    -0.216478383836114
 380000393    -0.040434412878947     0.681720096260786     0.092998002379426
 380000394     0.583078657219641     0.121408089099268    -0.226503719363859
 380000395     0.472109943489863     0.245413113738295     0.863623273044393
 380000396     0.316485452290285     0.797335408659828     0.233940150196841
 380000397     0.846710761566762     1.081412994922516     0.523901766160613
 380000398     0.822445527002721     0.731433909781927     0.542613474735485
 380000399     0.646728230375230     0.826361170837137     0.207494170312530
 380000400     0.466349681681474     0.073794338282274     0.601369673103279
 380000401     0.747853606359591     1.162172712676189     0.099658832515069
 380000402     0.204160021691898    -0.073691561795131     0.218753853106392
 380000403     0.110265791358695     0.674026529249401     0.802087127643341
 380000404     0.257421478756923     1.165771444195200     0.824916576962689
 380000405     0.078508210581852    -0.122584667980287     0.235266960883340
 380000406     0.142260399985495     0.635466061633018     0.777136215201568
 380000407     0.706618010420132     0.203741914772414     0.911870460849792
 380000408     0.072458121619753    -0.093338553548689     0.257082390098575
 380000409     0.187832314447401     0.652308565302155     0.776397923215746
 380000410     0.737075157060091     0.898952013676163     0.550312145973515
 380000411     0.951699007137725    -0.066856403884008     0.448533379256585
 380000412     0.295388512717769     0.555061261718013     0.920994561063601
 380000413     0.822036840840455     0.104914489793914     0.231297275481014
 380000414     1.012561449911140     0.990253126810812     0.165370869547053
 380000415     1.092020532807860     0.573830077054266     0.815193019129389
 380000416     0.624539664551694     0.871807442557218     0.486424642328337
 380000417     0.376305844237434     0.104635170990599     1.141005288865016
 380000418     0.966008643348038     0.689750529355150     0.158763068188944
 380000419     0.612008360852440     0.691193946719710     0.927800995511693
 380000420     0.252906163103053     0.163121498212683    -0.089411528786427
 380000421     0.340631620247409     1.156383865338184     1.032602782054431
 380000422     0.522161307926238     1.186011635915909     0.943864791620359
 380000423     0.604956806072004     0.174194987362598     0.817426310578715
 380000424     0.668704633693820     0.227074438967872     0.385837116974123
 380000425     0.032078620592303     0.978362087623729     0.397697205424068
 380000426     0.982069992950980     0.569648443609018     1.040304293026492
 380000427     0.111953354151152     1.183404154723779     0.001756060296813
 380000428     0.928635699443850     0.025066938189977     1.089892570644145
 380000429    -0.030818784587094     1.064088708456641     0.397291905187112
 380000430     0.298370269454061     0.161137354215635    -0.133940739506261
 380000431     0.985871006727858     0.531652501485483     0.978087713478724
 380000432     1.002268631753305     0.146180599082150     0.243819272479975
 380000433     0.089627599725903    -0.179393934944613     0.312267116007394
 380000434     0.838673817015002     0.308342514675778     0.337277707179311
 380000435     0.059587193916805     0.461182296895381     1.032611933852437
 380000436     0.309330527036619     0.105439040432671     0.894949616049359
 380000437     0.669576900152494     0.988565149315492     0.837911114070065
 380000438     0.232499198898762     0.152072318014533     0.876900479875225
 380000439     0.666558590634049     0.026768966777902     0.596677241332668
 380000440    -0.076765232422768     0.634348550575125     1.289572335652382
 380000441     1.044720108979283     0.374898689789600     0.500875661881303
 380000442     0.603237379404895     0.339440922622952     1.022074736259341
 380000443     0.696213541638325     0.459872849438268    -0.003810057002452
 380000444     0.556364893452307     0.619563641413097     0.516172806890187
 380000445     0.147240052740256    -0.022703126119522    -0.229059733583533
 380000446     0.509523555584828     0.739246914048288     0.978210541585596
 380000447     0.693927062360740    -0.042804892739862     0.731634917241321
 380000448     0.354545623628559     0.066389244119563     0.753208541722041
 380000449     0.492710219271653     0.149342479509160     1.167784385709741
 380000450     0.429532324194495     0.040021397778097     1.010596384421612
 380000451     0.549258990860642     0.302534602537101     1.037915644541940
 380000452     0.471598315675367     0.984273697955180     1.243692785109813
 380000453     0.572964787552815    -0.033557956617319     0.516763053657104
 380000454     0.901634807121965     0.572536508419937     0.832451120611810
 380000455     0.584785157944449     0.691341229094322     0.950175534546660
 380000456     0.692107031928845     1.072322304350669     0.625688862161328
 380000457     0.486410457875792     0.564849175963393     0.218603695564865
 380000458     0.058823265330088    -0.092482844418196     0.231328853848874
 380000459     0.572970193516090     0.366928931250761     0.583943559796584
 380000460     0.591313246531806     0.689852880122259     0.958611336942067
 380000461     1.028830012459098     0.063347515591012     0.717876028715163
 380000462     0.079142759098996     0.000752054229940     0.667853781021491
 380000463     0.787390155547912     0.328491434210158     0.402672943679361
 380000464     1.043899559042997     0.493091413602993     0.330707776365783
 380000465     0.699194381741378     0.585809386367696     0.258804897984701
 380000466     0.726825180540129     0.058374098959673     0.600380869909598
 380000467     0.850511460363605     0.741572139577089     0.124338450987998
 380000468     0.580787352057131     0.265946405725714     1.098067594860348
 380000469     0.983180913579961     0.065538147539011     0.079320827500426
 380000470     0.498555799078385     1.189924327581185     1.041469086759676
 380000471     0.887744431710809     1.105632338246903     0.236105380768491
 380000472     0.731944602047259     0.908816461447568    -0.016482881194525
 380000473     0.499155652046895     0.121210595685515     0.531728808674678
 380000474     0.311362963249219     0.065186885608644     0.918684242740768
 380000475     0.329891804065288    -0.188420301130297     0.402758938239240
 380000476     0.584984811491910     0.688565734475585     0.952040861356017
 380000477     0.930176661009032     0.568929176837104     0.967818548335089
 380000478     0.749607265061480     0.878693553011269     0.101379343559198
 380000479     0.290278144366761     0.231987239207255     0.780829979034985
 380000480     0.806508029777187     0.516495381127293     0.686455140526039
 380000481     0.549367751971706     0.616951522235080     0.910151627217346
 380000482     0.828345536844006     0.110260672421347     1.224528381980003
 380000483     0.578610113568582     0.292687568004863     0.195575212893277
 380000484     0.137643794234769     0.633020535656383     0.772088305303396
 380000485     0.929722359261513     0.978637955321028     0.692349380808014
 380000486     0.874162607009126     0.335321537693185     1.100469159753488
 380000487     0.989995812433869     0.904777251371201     0.416769773705854
 380000488     0.966158243070779     0.558671603036144     1.008975614083611
 380000489     1.019187063894149    -0.101042132872150     1.102639673717641
 380000490     0.801659686463845     0.208397879225796     0.387139148373101
 380000491    -0.012189850971595    -0.108108830875537     0.227861408231734
 380000492     0.948019438809847     1.191112480390378    -0.126037986999290
 380000493     0.586171688532135     0.254734237880084     0.666006302181048
 380000494     0.590813102698675     0.377716324280269    -0.207321265710747
 380000495     0.081972426781091    -0.111314793774784     0.230975291289053
 380000496     0.758280273284800     0.776276390237381     0.363478160409402
 380000497     0.221148991919555     0.236016524145970     0.811279092736001
 380000498     0.747078400523381     0.895649192292739     0.041938736346113
 380000499     0.651479345309650     0.488525564444771     1.008458957653925
 380000500     0.811352009432042    -0.125219077172584     0.323303344864600
 380000501     0.584402862802188     0.685758135727450     0.947304084516745
 380000502     0.027495752709791     0.186652276842602    -0.282698539381086
 380000503     0.063109810246516     0.540299303733154    -0.088348433073571
 380000504     0.393581652236263     0.094926396279048    -0.052096405228323
 380000505     0.779806631655279    -0.074592836746964     0.639997907837273
 380000506     0.558217577388087     0.732977723715193     0.935156583365759
 380000507     1.017479566354010     0.503348105576199     1.007317728612841
 380000508     0.528705778645763     0.365801605718565     0.317353157772407
 380000509     1.048524241669981    -0.128313590359948     0.466838575940117
 380000510     0.633887664962509     0.843511814663148     0.563713572904354
 380000511     0.453605949894186     0.510966904304829     0.528305943495075
 380000512     0.375772973708954     0.916858735692926     0.814340060622413
 380000513     0.946071550520145     0.894098160079635     0.077357598555782
 380000514     1.044876330469534     0.798957661555117     0.932197781587810
 380000515     0.180213951055147     0.475279588491180     0.996975304623922
 380000516     0.576180044165700     0.683851173872730     0.673607544172871
 380000517     0.480015986936925     0.444863743267284     1.058009766604954
 380000518     0.945911013039880     0.547170661107958     0.915586186974945
 380000519     0.759729554327353     0.476201109534537     0.855479228440170
 380000520     0.537545948807213     1.008586768135250     0.560783730430130
 380000521     0.433963881173551     0.329483567191879     0.221379707080484
 380000522     0.454449815208070     0.595855202363027     0.292447068107971
 380000523     0.191415713828900     1.056728921494227     1.175738221781342
 380000524     0.810690304358670     1.116079683338341     1.214736576091910
 380000525     1.049816554062466     0.621124672526576     1.072235231617271
 380000526     0.085243231867769     0.179888595840879     0.114455023431584
 380000527     0.576432960816583     0.516996719906770     0.672143493059078
 380000528    -0.029233878170506     0.141312836397433     0.163404332241760
 380000529     1.036178781560009     0.712354542859210     0.660970174527680
 380000530     0.560278969899740     1.045300645081938     0.169152367972261
 380000531     0.813176922050775     0.123424874242373     0.369141412032966
 380000532     0.663662163589598    -0.147459772485818     0.646752174780205
 380000533     0.425968661078895     0.622558295681701     0.066969043775177
 380000534     0.019168716093259     1.086869063328330     1.055465950806892
 380000535     0.642455434841375     0.313174771339228     0.247609980095182
 380000536     1.052452764107086     0.856554869358444    -0.062626930784604
 380000537     0.473747827797998     0.022974683834049     0.912248369236642
 380000538     0.243605949086223     0.769931678232299     0.171199328711449
 380000539     0.256323823412878     0.219638145817236     0.383707505604560
 380000540     0.954580896802368     0.537903495884387     0.993777314020397
 380000541     0.731036479003992     0.163664867381562     0.492114409848896
 380000542     0.568987987818696     1.055202737971782     0.665386105763889
 380000543     0.483652670150525     0.527334273811330     0.549213439430794
 380000544     0.133090505512230     0.651048240015361     0.780872542289601
 380000545     0.575242050963641     0.111505095707175     1.216367848172895
 380000546     0.431157970574219     0.649174758738308     0.486706825038775
 380000547     0.096537071123071    -0.082344991324659     0.236663318440037
 380000548     0.195619186072725     0.585356296917997     0.454429936452305
 380000549     0.353718984056968     0.096865818367605    -0.174401005908252
 380000550    -0.097499319323823     0.409339664392108     0.796980240622099
 380000551     0.080930337009273    -0.077226076834872     0.386981710595298
 380000552     0.378899518696597     1.050054167009074     1.124024763128272
 380000553     0.587458048107702     0.305912358425437     0.371890064794216
 380000554     0.943309162979633     0.014225112414574     1.120078312256548
 380000555     0.576342879831430    -0.073738994519334     0.555551337062270
 380000556     0.617263455656045    -0.162772533570675     0.783081296951590
 380000557     0.737457837136118     0.510338947856848     0.239604627216002
 380000558     0.625680785958600     0.618772273053178     0.497100471467351
 380000559     0.721356967724163     0.861157597547729     0.118903102821107
 380000560     0.098175420184519     0.824532094421591     1.048507630727510
 380000561     0.819779147094638     0.113900096241064     0.600234851752922
 380000562     0.537858526978012     1.167579644766819     0.603422640331728
 380000563     0.893586287145267     0.557222132063151     1.006873708389986
 380000564     0.537613319362953     0.536814699477915     0.629411278982889
 380000565     0.332223168244950     0.657152684348094     0.319146339571912
 380000566     0.056139360424565    -0.090984718182294     0.232867953827991
 380000567     0.299412356797894    -0.060066936282878     0.891845885251120
 380000568     0.492907180590336     0.930565108806890     1.293371453780616
 380000569     0.297537689268718     0.502387486897316     0.857785087129265
 380000570     0.536721894951448    -0.159420956182880     1.121470899770677
 380000571     0.445662183567715     1.064785106385118     0.817745739451308
 380000572     0.213740592138087     0.404394767538797     1.022079497871368
 380000573     0.851581090357082    -0.096626536779070    -0.254705506606036
 380000574     0.815504533869239     0.281452901906846     1.219008619526493
 380000575     0.719414826144712     0.600067567307565     0.598471197046453
 380000576     0.499037473354522     0.133701867042818     1.144672033316430
 380000577     0.451613151094061     0.063033776355226     0.604487571115639
 380000578     0.090451649537790    -0.010873226134336     0.923145395673103
 380000579     0.613594680244717     0.700754482063321     0.914479244732467
 380000580     0.845581071253416    -0.180233214092984     0.965290110279814
 380000581     0.941681819114977    -0.025433220258681     0.993822705192539
 380000582     0.428469430255928     0.043468799158116     0.553661938076997
 380000583     0.332735829894591     0.077398498235928    -0.072871386460073
 380000584     0.241100763250071     0.887971149526274     1.262288769286085
 380000585     0.282092537660577    -0.110851810491240     0.990160913741522
 380000586     0.932070589379691     0.505021628139615     0.983537422690316
 380000587     0.546302999338186     0.994885943459325     0.541110079978248
 380000588     0.204035375634166     0.751559638902624     0.768117576152615
 380000589     0.680951464438596     0.544667415185222     0.750747148034535
 380000590     0.375751612528592    -0.146127686469451     0.529813148662134
 380000591     0.391282338516181    -0.150771374872807     0.550858917150405
 380000592     0.835893477909188     1.057563574903787     0.275769723505937
 380000593     0.568583420075216     0.722468543663840     0.892736118523310
 380000594     0.279715314383798     0.006331798787947     0.610636594983296
 380000595     0.119587252356195     0.949225374956084     1.217716744354269
 380000596     0.990739520158462     0.917933630381855     0.367572284240239
 380000597     0.617762679876621    -0.157302740679153     1.166304955307267
 380000598     0.483589085770362     0.952898256230325     0.529699221333635
 380000599     0.447259000863513     0.278453700542845     1.192801390478699
 380000600     0.190331403273374     0.942224207409224     1.244090240935726
 380000601    -0.044973195160250     0.241778152710815    -0.083531546132280
 380000602     0.550278803639180     0.659165897845234     0.936923797595143
 380000603     0.587113411197625     0.396485769100843     1.137614655388022
 380000604     0.909461503582155     0.531305794166719     1.032602548557058
 380000605     0.181241422706939     0.244662425736315     1.024756744431620
 380000606     0.046437842693278     0.302902929415412     0.612495537406234
 380000607     0.587195923464546     0.674190959937318     0.141554561747385
 380000608     0.337157865637069     0.578575890162272     0.814112273582626
 380000609     0.127176358416150     0.752795081181637     1.263760320717354
 380000610     0.446858053997348     0.024449142307787     0.981034399219165
 380000611     0.353137688267463     0.170364369136597     1.004022593448302
 380000612     0.614392351667760     0.480329850117726     0.673045856626455
 380000613     0.888460896341086     1.151102740344857     0.205991743928444
 380000614     0.987930390656940     0.538385618394041     1.036273573582241
 380000615     0.934917453569952     0.561908353214996     1.021335627763586
 380000616     0.316337396231913     0.041434395321568     0.853887540085386
 380000617     1.049801405544889     0.227134637675942     0.898387989136995
 380000618     0.437367184938046    -0.014521460440512     0.613216046913636
 380000619     0.547201523274111     0.423533540875255     0.744588474002976
 380000620     0.765652496106361     0.350103854843330     0.875277745444912
 380000621     0.544139188664837     0.716414292597837     0.934188675674445
 380000622     0.729534575987297     0.330891749001849     0.483892095296402
 380000623     0.415811163322993     0.691766247965146     0.770648415407001
 380000624     0.939145963758549     0.993550676307346     0.397689814412948
 380000625     0.547780680455535     0.191993579950624     0.993274461218673
 380000626     0.848500332468988    -0.124176012495828    -0.257721315034837
 380000627     0.737525620954917     0.810108127847421     0.755511024230591
 380000628    -0.099399477974991     1.058764873468707     0.908994635906816
 380000629     0.975295209875775     0.712048882077096     0.424975209085288
 380000630     0.583776720421209     0.751261284962105     0.939600887224376
 380000631     0.960215025961704     0.568912977243072     0.985742735520071
 380000632     0.272155322185984     0.125807457566030     0.001373663109649
 380000633     0.709178523887947     0.732053269189543     1.183772583643063
 380000634     0.457814498488090     0.617847255187170    -0.071364502746583
 380000635     0.574660116293968     0.676578658499912     0.301577889759801
 380000636     0.146649234124983     0.346992794617714    -0.029749291971580
 380000637     0.409363989137615     0.938347825061655     0.173662061012458
 380000638     0.943171647085501     0.669167190647474    -0.045951309806773
 380000639     0.798987212445936     0.933167824025133     0.166034197825220
 380000640     0.959178219413263     0.527356017660705     1.062887302336907
 380000641     0.762914679045123     0.331505853307458    -0.105499079043957
 380000642     0.815313145586399     0.551355375980923    -0.207100188612158
 380000643     0.127404706610544     0.158917349481288     0.007609861853692
 380000644     0.151496198293034     0.605243316418907     0.825765428550940
 380000645     0.389330145419372     0.294097127645695     0.709545705298021
 380000646     0.129254954967847     0.666839958222050     0.792040450713183
 380000647     0.078426346160894     0.869563660275746     0.385368823639600
 380000648     0.769574404310463     0.748384935061736     0.327247372087735
 380000649     0.668370374588116     0.509768938826454     1.066864643877513
 380000650     0.454899000603220     0.214998071088421     0.822254998611710
 380000651     0.051650178969742     0.007707412446833     0.630843784448523
 380000652     0.084303207069168    -0.112431922740795     0.281027604341129
 380000653     0.304477984645407     0.102515232760343     0.651425044590010
 380000654     0.594122609916339     0.793584572201628     0.250540183258273
 380000655     0.492647007470326     1.103665960086260     1.014577782344525
 380000656     0.506390792698566     0.716004117952001     0.194384530046186
 380000657     0.753868553122093     0.418971770212881     0.569274535980250
 380000658     0.455663575312628     0.247802654019818     0.604199288572522
 380000659     0.898751307358181     1.056336997665642     0.126109291534091
 380000660     0.344652155857439     0.231511097243462     0.593419501371550
 380000661     0.083027471777857     0.107466712177152     0.562820621835598
 380000662     0.206320367326444     1.074828748568798     0.010138500897410
 380000663    -0.093195607023224     0.060658608451771     1.010322705268742
 380000664     0.818148145115762     0.059164404082766     1.033416418344065
 380000665     0.363017511319909     0.037879809040828     0.023438516795127
 380000666     0.101099976351135     0.015979347189802     1.063140625007021
 380000667     0.994364413367519    -0.004038590429723     1.231690531630280
 380000668     0.491535372430867     0.659879288395384     0.596675386538613
 380000669     0.219101245457215     0.962997181146924     0.121217111547141
 380000670     0.518696331429061     0.040293350204660     0.716919979932604
 380000671     0.127327092066191    -0.008349105654723     0.774898478265757
 380000672     0.145100150706128     0.655704118295317     0.810890468789213
 380000673     0.608741280746965     0.289336695897204    -0.295504333704509
 380000674     0.575050637812664     0.463948653841855     0.297724488345119
 380000675     0.772014477482223     0.742967385506536     0.820252122953807
 380000676     0.718565287310684     0.861162563075459     0.113605083506638
 380000677     0.186245227878306     0.137074027489909     0.460837262641405
 380000678     0.168577304447865     0.872015563979697     0.516361098486513
 380000679     0.923129347755110     0.781815904243856     0.838700247717746
 380000680     0.977429877596771     0.514482927526711     1.045481933691271
 380000681     0.541543767845196    -0.032662871408545     0.439071951035598
 380000682     0.087914381552056    -0.088953357505190     0.258786166560923
 380000683     0.436964507775428    -0.106076104432472     0.882063928622933
 380000684    -0.078558850389200     0.002502218141023     0.750420499921578
 380000685     0.649158035379628     0.194165372921472     0.371204204884072
 380000686     0.547088320960057     0.863635517360925     0.222748879631249
 380000687     0.332100166322694     0.575336816639744     0.567035463248146
 380000688     0.189158169195583     0.132883103617556     0.276264241192946
 380000689     0.261157846830797     0.729019372846102     0.086149028298429
 380000690     0.151582759948455    -0.143309920526716     0.167103627813205
 380000691     1.040649818940752     1.016213448710054     0.061637977917310
 380000692     0.070149597014880    -0.077898436582530     0.246467255893586
 380000693     0.891289045799223     0.589951780242057    -0.268172543049931
 380000694     0.428487233982209    -0.047668903834969     0.607270787638860
 380000695     0.887308989307151     0.198790471315170     1.291905973609999
 380000696     0.268480853731954     1.049404883768769     0.638902783020661
 380000697     0.540156020725044     0.156221916930323     0.010505196005716
 380000698     0.125802467774058     0.677769410789185     0.805479596939412
 380000699     0.346888102203696     0.147780896140889     0.653156710475335
 380000700     0.700808165993955     0.321624754455252     0.297393666529944
 380000701     0.354838573679123     0.127022298051111     0.830724396479742
 380000702     0.450694669967575     0.771172968520790     0.297156826109350
 380000703     0.392888768377152     0.974628671871131     0.301271457553446
 380000704     0.805283636695162     0.704515244756695    -0.115933749954273
 380000705     0.935162320513252     0.228708893576995     0.543409473733844
 380000706     0.246139734850513    -0.074595729694149     0.778457083629478
 380000707     0.828725920765175     0.020068598326526     0.739249013691156
 380000708     0.530196167839595     0.674132514291804     0.445944128590795
 380000709     0.322157595374717     0.121416154444416     0.027163607575475
 380000710     0.617933739439889     0.583176145992958     0.509163747102218
 380000711     0.568102820250777     0.437830190297842     0.670329506542440
 380000712     0.518350780200501     0.596262174522760     0.854978048269798
 380000713     0.145015319757428     0.656165165336399     0.769995872907649
 380000714     0.621241650065295     0.332279735301955     0.530295353278851
 380000715     0.963304758998827     0.541726418337465     1.008310583743083
 380000716     0.562525651131714     0.381941124490093     0.900841876714479
 380000717     0.088965872313374    -0.071690592511496     0.878301277795678
 380000718     1.012472072156469     0.262077352871514     0.295037769543907
 380000719     0.078045187799126     0.260623769445684     1.083287147039446
 380000720     0.739979722958860     0.170226161898732     0.617821627116886
 380000721     0.011456051186831     0.864731154304614     1.223468944213142
 380000722     0.358210557378084     0.091151287824247     0.821865308794542
 380000723     0.364951989437636     0.102121151017643     1.033603525449325
 380000724     0.525891383908394     0.124192000722574    -0.194912019754681
 380000725     0.331419185435941     0.772591766458317    -0.210233981909741
 380000726     0.555004512053459     0.847678149785635     0.648535389997949
 380000727     0.456172925217036     0.349057860872658     1.041206823875755
 380000728     0.267487107068384     0.166169040138760     0.885169162828665
 380000729     0.145273671725698     0.644476294437469     0.780806947139205
 380000730     0.574142931492612     0.168519852928937     0.487224803650662
 380000731     0.463607479766462     0.948720607578138    -0.207742911298152
 380000732     0.167090365511214    -0.157065686246282     1.231266117081791
 380000733     0.339794185471111     0.125552161474900     0.188512040596542
 380000734     0.529919482677859     0.423768085939989     0.825679001017078
 380000735     0.457670132250308     0.860408919933972     0.367441034942960
 380000736     0.456691297557909    -0.141868113163631     0.772195958607024
 380000737     0.310880874935385     0.919733032670486     1.026811858315809
 380000738     0.720979619103705     0.542170159127567     0.167161228128721
 380000739     0.540143519306444     1.027488702737832    -0.005524636080789
 380000740     0.482254317972623     1.158301280590103     0.120999182951945
 380000741     0.858797354899365     0.942734966040765    -0.286442832238468
 380000742     0.241926442872099    -0.089589443410407     0.859360307521359
 380000743     0.050773383630392     0.738009947663914     0.359845333495454
 380000744     0.588146166753488     0.943903798781918     0.792198004101266
 380000745     1.018108441485738     0.885286087927326     0.481335220793070
 380000746     0.576271649346981     0.710390774439688     0.956103858154054
 380000747     0.733614639805506    -0.136599147983990    -0.081743411521377
 380000748     0.525698929991045     0.852820009557700    -0.079203011816396
 380000749     0.445945922541599    -0.046490591663056     0.825988607317217
 380000750     0.676969773149535     0.748327056492059     1.275984790245550
 380000751    -0.096024950603763     0.227072975400225    -0.029903212919813
 380000752     0.094231105559604     0.904248184175829     1.254810495995245
 380000753     0.598774305150735     1.139073161428153     0.142913396523093
 380000754     0.814207315277997     1.198298599155088     0.899902903283760
 380000755     0.645769063160571     0.106330713160734     0.575584534711628
 380000756     0.157363423602001    -0.061333668267650     0.822858802644853
 380000757     0.334361971704165     0.140111225164484    -0.072527446395799
 380000758     0.354062782821240     0.658681089311124    -0.193579371718183
 380000759     0.487192869548598     0.419674455932067    -0.049381266231904
 380000760     0.397204658420431     0.118436193330358     1.178733829697875
 380000761     0.603841389510923     0.706490345317642     0.886464519985993
 380000762     0.692376047393339    -0.120379908143553     1.089844676166065
 380000763     0.325839869546338     0.151344053753289     0.568991987587694
 380000764     0.001502666235748     0.968577127506598    -0.178911162152181
 380000765    -0.029406149952691     0.708546405180264     0.140720006170296
 380000766     0.819627546447359     0.765909538397814    -0.043550887756205
 380000767     1.094848577796586     0.853039934278167     0.306563451200412
 380000768     0.655540142659824     0.208092229092765     0.827810403622195
 380000769     0.454575673638580     0.450547949894183     0.243067886725291
 380000770     0.695414518894336     1.019886161681995     0.031451735320500
 380000771     0.115407363065754     1.160585408666270     1.121774152709488
 380000772     0.578646344950285     1.030420253100491     0.177891886512391
 380000773     0.663682586913700    -0.134359524134357     0.314465739579681
 380000774     0.146292772607975     0.672211130254706     0.805386519900081
 380000775     0.267173968926855    -0.164590319023529     0.821638665787536
 380000776     1.033742692137753     1.007559633756255     1.184580137125922
 380000777     0.210409293963941     0.161188091371039     0.688143671292811
 380000778     0.121574122651630     0.622236756890791     0.757514367314448
 380000779     0.681725530823647     0.375854116531889     0.475586470725054
 380000780     1.094054758481807     1.188857934443764     0.172626857177982
 380000781     0.205720897718175     1.152645003906592     0.539618147233643
 380000782     0.285574358497444     0.881173363649386     0.004614812488278
 380000783     0.782053323967172     1.173871948133375     0.030561706019397
 380000784     0.768281894666013     0.321591657632910     0.366889159780962
 380000785     0.038083418616343    -0.067399627679256     0.438220809203791
 380000786     0.988822967650856     0.331420471644555     0.758750620162237
 380000787     0.047420358143929    -0.040949584303377     0.590166139700545
 380000788     0.726543827185836     0.206761031460343     0.406959879611451
 380000789     0.579055607184792     0.993107804546454     1.130861529430824
 380000790     0.657570957098136     0.373384611358266     0.944882871904152
 380000791     0.420307538737162     0.084934930330370    -0.003888934447357
 380000792     0.167768461632478    -0.004978964952692     0.408250014246327
 380000793     0.132260658494112     0.679007263563326     0.779317947401406
 380000794     0.302291670601007    -0.132860709745674     0.555310958596429
 380000795     0.381581216948973    -0.030072544045261     1.132510225476148
 380000796     0.548528714465337     0.186244584605848     1.187451222680682
 380000797     0.886832930388856     0.423179808810422     0.378221676944350
 380000798     0.715793565642665     0.048303809046831     0.453067526041110
 380000799     0.792221781944077     0.334711149380909     1.270497413117409
 380000800     0.492868404554195    -0.060617786229609     0.738782203369095
 380000801     0.570679068930690     0.705608229889703     0.962753524444380
 380000802     0.213650629404411     0.019459524960812     0.509563308243148
 380000803     0.314071182123726     0.053897425274100     0.916645939989224
 380000804     0.899305389294140     0.104608931992491     1.288513206045811
 380000805     0.080166843101893    -0.076700568590010     0.240555675245027
 380000806    -0.044532200554574     0.640180546001718     1.250367906476405
 380000807     0.191961603815206     0.351195572513755     0.358016374099848
 380000808     0.328102680233621     0.091220755614902     1.158866799734942
 380000809     0.737172931694189     0.608357574912298     1.295641951818377
 380000810     0.794008953094634     1.050280658738535     0.375017136710856
 380000811     0.794644571615641     0.602443776926204    -0.200436416674312
 380000812     0.873328693113649     0.223387497268620     0.737181590882782
 380000813     0.762392483440175     0.403935569911218     0.440340277450999
 380000814     0.063429073210902    -0.079881328871655     0.242449899668907
 380000815     0.828157836672241     0.958284099993531     0.405631508897992
 380000816     1.087539187362889    -0.112051255563670     1.005538640405557
 380000817     0.108268889924081     0.183317804284636    -0.032458672610577
 380000818     0.358993399436112    -0.019353160795260     0.547260568877811
 380000819     0.118545628857217     1.042925074872618     0.719702732957274
 380000820    -0.043771636744278     0.287013035397143     0.346445427193399
 380000821     0.050990879659224     1.071788979068664     1.014981149692050
 380000822     0.235565060085812     0.036393136852719     0.280030121246015
 380000823     0.451158310522826     0.865794380353449     0.616352826446671
 380000824     0.956052641500894     0.797451839961629     0.567404802796602
 380000825     0.187944596290717     0.148313867250589     0.573189001247330
 380000826     0.898132399019639     0.596733253626181     0.634947097819049
 380000827     0.760288710282803     0.510024993765658     0.700410408175343
 380000828     0.204494956047452     0.852442075781844    -0.231089815147828
 380000829     0.516929890949502     0.126354490978421     0.923413319029458
 380000830     0.841825299354313     0.888596295860030     0.807175624987705
 380000831     0.551881824070542     0.833723871171668     0.900468070362536
 380000832     0.489771670717259     0.174492911549632     1.016427089249362
 380000833     1.095900181529019     0.491443673380665     1.099342178454076
 380000834     0.298308409633774     0.524970861059497     1.267874550887319
 380000835     0.873794586189438    -0.117680364056347     0.311031083334406
 380000836     0.587853522872585    -0.096704604148913     0.252812506087084
 380000837     0.520689579455509     0.107368104577378     0.614050903465956
 380000838     0.844393646671586     0.860568847125055     0.318147536045579
 380000839     0.726658087223242     0.793794979345577    -0.100923033807325
 380000840     0.649617838418202     0.493096928668790    -0.226100374696689
 380000841     0.472512965757499     0.207007286707810     0.856745723856121
 380000842     0.398769132978543     0.281051713103416    -0.140133088058190
 380000843     0.687590262115028     1.049741102327580     0.444725534856876
 380000844     1.051476337190994     0.545229206694257     1.055822718961050
 380000845     0.147748496996949     0.648358570159772     0.805062121676398
 380000846     0.527089071948719     0.108953168095993     1.017039387068786
 380000847     0.914672617756092     1.032119768751060     0.085569533423132
 380000848     0.557550491104820     0.718869534620350     0.934637369967660
 380000849     0.900400420628065     0.351882446801191     0.423580751910185
 380000850     0.725240924703431     0.479287179917319     0.037026101445565
 380000851     0.459045099753961     0.645039329238359     0.030842583796679
 380000852     0.997772982696675     0.653924633335501     1.148951861865803
 380000853     0.740364539103818     0.365256233320928     0.911512026394246
 380000854     0.279227683410324    -0.016813631736532     1.184851526865197
 380000855     1.054565989771351     0.864790541631499     0.298647574659129
 380000856     0.645089637571620     0.101952249390843     0.703543708890293
 380000857     0.395208102616957     0.611648179863498     0.339590979489959
 380000858     0.569998901469553     0.683708980653937     0.938651268524355
 380000859     0.618882561860765     0.713850546573439     0.913399103981996
 380000860     1.040664296175650     0.529610457589867     0.765309082133777
 380000861     0.771326770503878     0.423106474344386     0.463564986221692
 380000862     0.683897835418131     0.260509760236972     0.975375927796929
 380000863     0.580538228187831     0.420431558540889     0.349395440982254
 380000864     0.563518800163735     0.368500869523675     1.135941867877960
 380000865     0.548933078376774     0.257661740717163    -0.104482396128622
 380000866     0.651477936294020     1.077550015359682     0.287264160924474
 380000867     0.922588474858029     0.434800218265472     0.429423952586320
 380000868     0.984209246283904     0.202790466988639     0.342059469392886
 380000869     0.826684673096413     0.421721339395419     0.739558571253035
 380000870     0.602195872458839     0.530855022348766     0.516068095914082
 380000871    -0.047692147522699    -0.088220342570914     0.926116419642151
 380000872     0.323517736973673     0.151642320047120     1.088657092663625
 380000873     0.076098657757838    -0.072146881064747     0.235441938122016
 380000874     0.045302019716396    -0.106971017785058     0.245749301567878
 380000875     0.628388351535111     1.042265013949088     0.437681387474568
 380000876     0.633920795090772     0.300684045308866     1.096010969095106
 380000877     0.335246048036592     0.602485697645113    -0.257202843228462
 380000878     0.520512089430392     1.181967325834387    -0.288594608768476
 380000879     0.753500658660697     0.529878804690702     0.488928126989821
 380000880     0.043094176092237     0.441540915275770    -0.289682572316113
 380000881     0.949535215744042    -0.157863046570395     0.555402872457869
 380000882     0.550496955296556     0.418091376262674     0.492998373357063
 380000883     0.218976422261534     0.384705901792009     0.361680535907928
 380000884     0.144010495241643     0.666632472941562     0.806939579139084
 380000885     0.311147366621712     0.604417039917060     0.482453156437286
 380000886     0.517185376904740     0.685501373343908     0.399479931491940
 380000887     0.967539582247484     1.097776100740377     0.255081236859095
 380000888     0.115968139576973     0.620958488989515    -0.082528570769365
 380000889     0.532447043984274     0.339784542007540     0.830837533053129
 380000890     1.043227711375674     0.295846047631263     0.416995181076556
 380000891     0.976989705946715    -0.070575546642793    -0.119603843261388
 380000892     0.849690805168188    -0.103246230239448     0.495813875313020
 380000893     0.576522217422228     0.721931385377038     0.936610825162614
 380000894     0.933786132275964     0.221417855376701     0.360091500206567
 380000895    -0.036464244531653     0.902013393082138     0.751083340480650
 380000896     0.738570449273559     1.131385267563647     0.100258494418847
 380000897     0.155908386461457     0.604593284958428     0.802179944996890
 380000898     0.790199220303414     0.343955390203054     0.570261213719057
 380000899     0.794135012333515     0.392491826242123     0.662201709512301
 380000900    -0.029309521399541     0.125765156487645     0.808904345766615
 380000901     0.591728685745903     0.415262206536240     0.447177748615576
 380000902     0.573785303874994     0.700282019460752     0.934361821759208
 380000903     0.161723005958975     0.673454146935317     0.781121906149081
 380000904     0.083941416403694    -0.118182096114579     0.246811857341673
 380000905     0.122523559053784     0.188481471905265    -0.135839792908350
 380000906     0.093495889595380    -0.102016140989700     0.246129429834003
 380000907     0.605110687085323     0.683001854462005     0.940302245368051
 380000908     0.661576096728510     0.258846690534787     0.914397860216649
 380000909     0.177240162471771     0.410487450926404     1.142611986640144
 380000910     0.080820177652835    -0.085701622060038     0.242631908759797
 380000911     0.272968434112580     0.457896938629350    -0.189677444380687
 380000912     0.728462345144444     0.179408105800371     0.597479962084521
 380000913     0.644331036166659     0.107076947747728     0.824385652025309
 380000914     0.920526847735751     0.561135114785697     1.084806247113923
 380000915     0.568440404947495     0.318757015901110     1.112156520275142
 380000916     0.385303216919234     1.167630029648698     0.572548245117600
 380000917     0.542277395614450     1.172521232879763    -0.270224165620350
 380000918     0.316934284779946    -0.012187128699823     0.928556645640695
 380000919     0.392781350201516    -0.070892117317987     0.543204268072752
 380000920     0.665678530352971    -0.053897752226902     0.670615110106690
 380000921    -0.054746681569024     0.115602583407405     0.942748071797511
 380000922     0.488066855012380     0.699802327676276     0.563542853391332
 380000923     0.445072298314210    -0.011777802204360     0.865920308851519
 380000924     0.373369909733607     0.463475602742105     0.729557347751410
 380000925     0.087413082299523    -0.100244759503388     0.253573628912975
 380000926     0.015122404879822     0.075201769504371     0.676081431905969
 380000927    -0.011064163198772     1.171298940589077     1.137131260404833
 380000928     1.017720515052465     0.530317906376669     1.029989174224698
 380000929     0.885259250910250     0.243081575600469     0.280165360691238
 380000930     0.959342899779345     0.692735289850109     1.002904185839383
 380000931     0.932932708957611     1.135940700555507     0.023206078775209
 380000932     0.078678778153168    -0.118015934999532     0.233240849156467
 380000933     0.198434323901898    -0.112214674707392     0.758192975646216
 380000934     0.229833286117742     0.079148205766277     0.382332001125478
 380000935     1.004473867829134    -0.031469396985125     0.241732823632277
 380000936     0.069567783979887    -0.120719069191132     0.252018527486084
 380000937     0.668524266803218     0.699020933687530     0.523568870997645
 380000938     0.166070864408047     0.594988855534315     0.786257880539250
 380000939     0.143074567802618     0.676381857604966     0.794615171021872
 380000940     0.270839185735847    -0.096701864902256     0.716889994970794
 380000941     0.539406710190288     0.388891990642623     0.914761896172149
 380000942     0.913214446223757     1.007270134154777     0.566573236221983
 380000943     0.044030996858189    -0.048144723405572    -0.020801793228862
 380000944     0.602981995732339     0.224639983425010     0.580694941941679
 380000945     0.966744819287456     1.006387292822484     0.634133385600584
 380000946     0.857656141097466     1.092454525046876     0.231441746850385
 380000947     0.677183503267490     0.427764240136598    -0.203399400559813
 380000948     0.847550469235590     1.105186977809981     0.202259680884262
 380000949     0.535837834968425     1.138865186751987     0.460526634690462
 380000950     1.028969470075755     0.954902540658881     0.243686121099296
 380000951     0.032760337737274     0.760779061413067    -0.092943929688651
 380000952     0.586393179001906     1.158766073110345     1.191572260894235
 380000953     0.791998084708321     0.119568771109804     0.390906898814354
 380000954     0.768444146879548     0.405727855201736     0.387072609795242
 380000955     0.045901053818736     0.397328890540329     1.118107978423895
 380000956     0.526629207693558     0.545004836784847     1.051539609709809
 380000957     0.379993185065619     0.633060815796723     0.498238684327156
 380000958     0.988141332420122     0.034398256330931     0.382366911806212
 380000959     0.506612902770008    -0.084524004764141     0.615315893573136
 380000960     0.655821069916301     1.000573824672550     1.142361680667652
 380000961    -0.036689106307680    -0.121980877501403     0.610220565292786
 380000962     0.386897509110118     0.101623023366216    -0.046097636566701
 380000963     0.374870895225976     0.693995535995513     0.678901254341438
 380000964     0.085682583010708    -0.039418965240281     1.152668350414076
 380000965     0.646037840826887     0.995570022718834     0.948846218385164
 380000966     0.927016096026985     0.506183463307343     1.030373558138540
 380000967     0.858273414439721     0.417501207022293     0.488801567325668
 380000968     0.875253687144675     0.345554683149223     1.111771504954392
 380000969    -0.085078596675754     0.045246522223809     0.276638947492749
 380000970     0.843640533135049     0.205005282504261     0.619609173315141
 380000971     0.668275165912117     0.362013511088436     0.345133841321735
 380000972     0.910901410179389     0.698045489367828    -0.043658976270500
 380000973     0.797773249600005     0.559717489180372     0.897259709460249
 380000974     0.339690783470377     0.923231692098944     0.298679404140472
 380000975     0.083568747654879    -0.099277906889773     0.251134591141398
 380000976     0.956125819427118     1.032235140876862     0.350983455437059
 380000977     0.292704641021777     0.842249754090835     0.619063172025380
 380000978    -0.049838107331679     0.663566075684492     0.929071872342525
 380000979     0.629051791863716     0.558934401292254     0.358344945152127
 380000980     0.600424014331205     0.692998877042021     0.916911048231683
 380000981     0.446881591514654     0.268573205303415     0.922132217384037
 380000982     1.097103813263847     0.991152738567694     0.158418930903299
 380000983     0.483241003027878     0.727750367210652     0.588098064736309
 380000984     0.315555590250177     0.683288811985396     1.172537227273768
 380000985     0.277265429756323    -0.158079287915709     0.869802172425551
 380000986    -0.061070223110892     0.887954490775565    -0.122173778099549
 380000987     0.649788178339191    -0.194145169689975     1.068387140904194
 380000988     0.733452006113480    -0.052218675858579     0.913073425004107
 380000989     0.443109231999416     0.112360366116796    -0.073608527420396
 380000990     0.719554608799843     0.202092465655608     0.304684764275183
 380000991    -0.046219109227365    -0.024382055682003     0.082486060890296
 380000992     0.000096562833055     0.792677137780354     0.226246829739406
 380000993     0.248850026148597     0.224734989914136     0.907503557169310
 380000994     0.567535866171644     0.147509343868116     0.328018080732434
 380000995     0.618588797323315     0.098601485438082     0.246044966232581
 380000996     0.688301872380510     0.392459839495355     0.875437863823824
 380000997     0.107432052703507     1.163781244554647     0.423763416230469
 380000998     1.016623315497508     0.509613221767249     1.038254549254700
 380000999     1.008116515713601     0.124449257352678     0.407232041961109
 380001000     0.872040260565839     0.482590049444476     0.318956655890617
