  40000001     0.303745843158828     1.151296999308687    -0.170820832298807
  40000002     0.048113612710150    -0.004023696436819     0.590259310430545
  40000003     0.829815988162286    -0.035208210112422     0.683236874141397
  40000004     0.769435619227246     1.032494720238413     0.876115150685198
  40000005     0.846720867189410     0.924837022777277     0.645138674217589
  40000006     0.703353560062738     0.209088560935300     0.619046886563116
  40000007     0.708022022396998    -0.037238749688965     0.472013178870934
  40000008     0.547649863166533     0.708619018619163     0.920687240570238
  40000009     0.470409486891014     0.256404475817697     0.364806240765622
  40000010     0.610343000222457     0.718628539511649     0.990054085401923
  40000011     0.103445062553392     0.346388592087416     1.180416385557073
  40000012     0.563320411945376     0.666654169539243     0.991711808478434
  40000013     0.158512191405374     0.632781326049188     0.175269708065800
  40000014     0.433798525197023     0.565328525351356     0.508931492489935
  40000015     0.575687415668392     0.109206602281520     0.747485425771088
  40000016     0.494582282884726     0.322413616151356     0.487931884588589
  40000017     0.613009284262872     0.711366062058828     0.932229024667665
  40000018     0.570152599847486     0.507261855035544     1.036705628821453
  40000019     0.660906054267222     0.276488938089787     0.376652783253756
  40000020     0.324466211110291     0.785104263435728     0.520051453390189
  40000021     0.733730993098261     0.643386894450369     0.204405937855348
  40000022     0.861988726394355     1.125445279146177     0.371244180003956
  40000023     0.423783555104978     0.548049260297774     0.274207667358028
  40000024     0.097225991452315     0.234469666169969     0.212873454348952
  40000025     0.752774615966148    -0.134075660313214     0.853916435298141
  40000026     0.136811567371537     0.686232250368629     0.806862745764692
  40000027     0.493538165017779     0.559709965330982    -0.010826343843833
  40000028     0.417091179438596     0.021948884967990     0.041117933601547
  40000029     0.400845262879151    -0.017539818447017     1.263644486228839
  40000030     0.411825994893707     1.151548822059232    -0.111702459573635
  40000031     0.346588132175414     0.471198896200425     0.850031518412766
  40000032     0.933336136509031     0.568870516946954     0.646003930392877
  40000033     0.760051113399742     0.823368555982943     0.370680495653884
  40000034     0.862141337583946     0.419848355997608     0.494526482599819
  40000035     0.308516005115378     0.131538138625535     0.001598155005496
  40000036     0.379248058352251     0.944820321084678     0.586093401794364
  40000037     0.248259947558124     0.131024733156850     0.765640633937906
  40000038     0.487606145941674     0.109465247163321     0.669250661000742
  40000039     0.310795072122587     0.047937245626405     0.833551511228951
  40000040     0.962571071830186     0.511762138559197     1.060761993961294
  40000041     0.467031404514751     0.969951775283148     0.834163681902024
  40000042     0.388159563095554     0.633268488706923     0.437007895707484
  40000043     0.590550730376783     0.652774441662186     0.733203163442704
  40000044     0.924817060677919     0.373029529554025     0.892537791022096
  40000045     0.604748926467235    -0.088026727597100     0.583079231408917
  40000046     0.722212614600070     0.634466233659651     0.772496999934936
  40000047     0.046026537636079     0.660744539070763     0.485579459267724
  40000048     0.827678689734715     0.983545983248000     0.243800582592315
  40000049     0.103265982733333     0.077040982936879    -0.078268966629157
  40000050     0.755488074548826     0.267115363962633     0.371544495867798
  40000051     0.965239719102106     0.522936591760002     1.027549347647141
  40000052     0.595237893571428     0.715093482743154     0.955364500445428
  40000053     0.928876730764822     0.945925007014752     1.280802399182130
  40000054     0.578292870014112     0.735552494974627     0.961620968366140
  40000055     0.757777004479289     0.476926200612615     0.927652552607706
  40000056     0.072715231974713    -0.096225061736935     0.276806867798387
  40000057     0.190588163388618     0.134566706787850     0.497117827518648
  40000058     0.430695776109553     0.087582761894130     0.648652059050488
  40000059     0.538016452892707     0.384459747742018     0.934091990341307
  40000060     0.006919103477476    -0.096795922355911     1.139899017080996
  40000061     0.332539669365251     0.830652484310845     0.626651458944538
  40000062     0.538431556282942     0.179204965623341     1.011291351025660
  40000063     0.507423403486663     0.661663698436558     0.242834827357761
  40000064     0.788451517790196     0.785496330892985     0.231213547746943
  40000065     0.583040635898398     0.240433082738277     1.217413980112672
  40000066     0.184153654964724     0.140603975059653     0.803480326654452
  40000067     0.632880410982911     0.377712041225313     1.012859269110828
  40000068     0.958040568386119     0.586957511365143     1.053406191880969
  40000069     0.245364392166512     0.567490125013029     0.172357140934638
  40000070     0.753016040674993     0.294877810826662     1.224590091341310
  40000071     0.788967561793448     1.017167160473151     0.968352822528908
  40000072     0.646909481906842     0.145118236634508     0.164529355041078
  40000073     0.248963079525856     0.127561303093239     0.791484209802545
  40000074    -0.030487375543320     0.046049455664417     0.640766010439822
  40000075     0.289396802773482     0.900958622880495    -0.120174979008677
  40000076     0.907139185574548     0.113521696488821     0.452391944264302
  40000077     0.779490525697534     0.403126232071784     0.507172595260512
  40000078     0.281860614785738     1.036378983188164     0.366942391996733
  40000079     0.294473424998373     0.053796391492874     1.016081431082681
  40000080     0.556805488641744     0.708733179648798     0.978473335367852
  40000081     0.933784686321464    -0.193555407008149     0.938453987344694
  40000082     0.475891795442048     0.187207008644553     0.870297944655143
  40000083     0.967301345224582     0.941633899686127     0.082470623911308
  40000084     0.719921792460961     0.392678088483236     0.360802149497913
  40000085     0.408080472297131     0.763657635048260     0.582207506791554
  40000086     0.733677271870941     0.354817599213910     0.317681718475025
  40000087     0.962102214840698     0.387326068884476     0.238399557007221
  40000088     0.485168931032402     0.201409339998536     1.049477110855201
  40000089     0.634512983200319     0.821498211850802     0.652153772618004
  40000090     0.129860831820803     0.636636133831590     0.792959948073608
  40000091     0.547899766424303     0.865642953633585     0.669379273719151
  40000092     0.146980188393192     0.768882429232805     0.166769601364249
  40000093     0.573508474009509     0.668337090857485     0.080690627161362
  40000094     0.505967797954119     0.617741860220365     0.420963646994984
  40000095     0.075398293675033    -0.085284046482010     0.261132082263689
  40000096     0.753905180534853     0.806080374575110     0.210522003719335
  40000097     0.115311140236971    -0.160323666326095    -0.087044997507577
  40000098     0.939560086127909     0.273832451959482     0.846290439860766
  40000099     0.555790283118850     0.246980874592880     0.809268305293743
  40000100     0.739171142877956     0.018091882913119     0.782736613574013
  40000101     0.473056070614822     0.000502895422639     0.977254770024641
  40000102     0.205348925520852     0.657286852744897     1.153824808176322
  40000103     0.829570223396360     0.217759333563079     1.161167861746596
  40000104     0.423933297086937     0.927087726853958     0.459381497592930
  40000105     0.845724372096058     0.652739853045024     0.347926982621568
  40000106     0.137816258546433     0.633375271463214     0.762771618247124
  40000107     0.422892554255010     0.483114963642442     0.133788104862618
  40000108     0.881529519396930     0.348141036454716     0.533488832639406
  40000109     0.503401060487469     0.593702271552936     0.602872340830113
  40000110     0.630215706111250    -0.036617227564346    -0.264049687611579
  40000111     0.898412942063512     0.584219917852971     0.864601904245265
  40000112     0.324279635260942     0.038082550308259     0.915808137395416
  40000113     0.745018693453976     0.268296660703533     0.576245350813347
  40000114     0.348783570317597    -0.192511518587940     0.999993499669387
  40000115     0.989115257084110     0.762223919484878     0.341750434925068
  40000116     0.436552399602697     0.059435806843518     0.976407243755849
  40000117     0.586740085867516     0.685419868396249     0.931487024805789
  40000118     0.217736536455564    -0.024418465978808     0.475180367553981
  40000119     0.574934319306838     0.206326637131721     1.215145334633897
  40000120     1.047382656199516     1.006803933001152     0.779828780250452
  40000121     0.295449361499385     0.864197455668158    -0.058435083465479
  40000122     0.172712596226073     0.629011144799208     0.777595845503965
  40000123    -0.028322735136822     0.280702223046180    -0.080576460132318
  40000124     0.704937749611398     0.414582917788121     0.393741159017491
  40000125     1.082959038383024     0.214740891137609     0.430601052334533
  40000126     0.507230548004812     0.279067991744297     0.426940014599788
  40000127     0.458309094906965     0.136525826163617     1.007485503145270
  40000128     0.961111003452242     0.672565273570284     0.935791534546002
  40000129     0.583217210681419     0.692938836451039     0.915110193824337
  40000130    -0.042576210897672     0.322677934484431     1.051006923161083
  40000131     0.583061440180884     0.706122911419979     0.922655169714455
  40000132     0.755551398149397     0.404803670423739     0.375579683432474
  40000133     0.710340360141408     0.986228219456256     0.323503291666989
  40000134     0.037738236719609     0.262095057793212     0.286383678795297
  40000135     0.564218121220841     0.632348925754600     0.806309195377205
  40000136     0.928884726079139     0.529108914678753     1.090194596637972
  40000137     0.518587697376001    -0.006324200970473     0.761261959829837
  40000138     0.838721798518113    -0.045038182234874     0.959918928113237
  40000139     0.537884443576083     1.077554142705126     0.182893050396289
  40000140     0.743151743890409     0.278893626993670     0.655037648202016
  40000141     0.323678713254327     0.188138265351202     0.802386471211078
  40000142     0.784372560016030     0.010767784154335     0.222591604199454
  40000143     0.267145681567606     0.074954019236270     1.066042749013599
  40000144     0.141426875550455     0.613579244222563     0.789369580518764
  40000145     0.566012897465704     0.709260497181354     0.937727847559734
  40000146     0.906412931322561     1.089746165977006     1.278444226974851
  40000147     0.152413245967799     0.693342110684189     0.751993529226532
  40000148     0.031185051745230     0.711722558310844    -0.264938318242552
  40000149     0.827605526068228     0.123629224929425     0.494683342310222
  40000150     0.504292582022117     0.128242549669110     1.224260734293319
  40000151     0.377265673764048    -0.109849528647235     1.074604491834438
  40000152     0.721487407293679     0.340314807926092     0.407068832210378
  40000153     0.267059035915299     0.071477898863161     0.761645240754638
  40000154     0.704304359993731     0.397801958746422     0.952456085522617
  40000155     0.581966622575096     0.329780647689671     1.286783106414009
  40000156     0.721680123287763     0.371752080448408     0.491827410952329
  40000157     0.986958081307583     0.604215220480458     0.607873290794841
  40000158    -0.001844555954385     0.631000553756898     1.248976116830200
  40000159     0.271813071608259     0.044998297287758     0.607690583176705
  40000160     0.379466612463301     0.780936189823660     1.276807565735208
  40000161     0.134839656196320     0.666403180379503     0.791396226604537
  40000162     0.525516206789564     0.368883058333247     0.469015673926197
  40000163     0.152104968510159     0.905847084597962     0.814387985472492
  40000164    -0.078585447016398     0.260693115976759    -0.013860518890219
  40000165     0.592530617051514     0.398642337856929     1.017484635706817
  40000166     0.156367735222480     0.157182707873376     0.896986012697632
  40000167     0.858402612490148     0.690727523542428    -0.168107251890113
  40000168     0.817204302398097     0.717700204667212     0.012566509965361
  40000169     0.086265107847179    -0.119774822795181     0.231332843639124
  40000170     0.129497172331791     0.632602188595245     0.774168268072099
  40000171     0.147459826806163     0.658474439740145     0.788002722875114
  40000172     0.995549897323279     0.628610912445715     0.196797755681962
  40000173     0.426182594012614     0.140564007777727     1.053574041848381
  40000174     0.111530992129803     0.674070140811621     0.810575956432196
  40000175     0.838083155876787     0.370727701534859     0.886274589547489
  40000176     0.882401306554820     0.083459015593202    -0.008678880076914
  40000177     0.591344347754074     0.683633706617086     0.952570650405647
  40000178     0.132114983968137     0.139509130052658     0.159048380948211
  40000179     0.830218417726112     0.766988356093174     0.705635556019826
  40000180     0.283506626397239     0.103186813994352     0.154870305796037
  40000181    -0.089814533410058     1.059306461853172     1.023814278812425
  40000182     1.028204501641855     1.195301832103520     0.214784761250942
  40000183     0.544281706474277     1.032021889996225    -0.155117513434627
  40000184     1.099385694134321     0.834364948745847     0.622339511547663
  40000185     0.913268823762546     0.963124799268925     0.072712916035501
  40000186     0.415897790787725     0.001247034760744     0.818353061047808
  40000187     0.508940777795191     0.172524856094537     1.008779660625658
  40000188     0.605044177162874     0.404939356119138     0.303290459385870
  40000189     0.750900470761706     0.938767387295651     0.383068791697841
  40000190     1.031869974458818     0.928246069425322     1.022859377682322
  40000191     0.075422996768601    -0.124545299628522     0.256150234635373
  40000192     0.560288793396682    -0.076309973208149     0.696998095446617
  40000193     0.274002790548214     0.071375364812436    -0.004009845783823
  40000194     0.609056371663090     1.126187775541361    -0.059834942411212
  40000195     0.628192399766361     0.947863789447845     0.213420229089439
  40000196    -0.023442109349893    -0.091819598265507     1.219007847116140
  40000197     0.299517455999153     0.202088840324145    -0.035446433213153
  40000198     0.086865604380723     0.985075955604857     0.358679865287635
  40000199     0.753439775645821     0.764247609788705    -0.006453805951954
  40000200     0.177026181457607     0.951202098287741     0.271568495463870
  40000201     0.534110962865895     0.728662793015702     0.965761663446948
  40000202     0.562201530516016     1.045330537354185     0.955310038516703
  40000203     0.602337205268932     0.845359430964618     0.391397614413866
  40000204     0.334750091066182     0.869538939598964     0.170587348301889
  40000205     0.367166012274492    -0.086555857147447     0.760968439006037
  40000206     0.440764696364034    -0.012049380457345     1.100953623535319
  40000207     0.187330929814698     0.425760068798693     1.036488905301297
  40000208     0.542498168463150     0.725572170320203     1.124782178561533
  40000209     0.784975105431767     0.171864114781013     0.427899686083515
  40000210     0.875124706470073     0.548526224267814     1.040249702149023
  40000211     0.385551267917331     0.772096097990979     0.908625554142146
  40000212     0.567426077254912     0.138304764453246     0.269138721286037
  40000213     0.495722963455983     0.184838267036891     0.922751119517210
  40000214     0.301420706067052     0.070967578457023     0.767861566761292
  40000215     0.570382414043294    -0.107503727222621     0.262795103655376
  40000216     1.008418355758324     0.612554831408817     0.330172021271752
  40000217     0.777258036526864    -0.132431383019900    -0.287378877378865
  40000218     0.529046794793996     0.787145318582842     0.539255511902446
  40000219     0.572492823801420     0.256520876769442     0.754310588967086
  40000220     0.321724605636483     0.049384461184832     0.287963984213412
  40000221     0.991865574423222     0.541830680773600     1.051898860655897
  40000222     0.393429776983879     0.325593123311688     0.092975415451258
  40000223     0.780141040829269     1.120437998328274     0.220006683230619
  40000224     0.088733298693967     0.544175089171343     0.998154832590855
  40000225     0.441578527075919     0.803311091706448     0.263242592164207
  40000226     0.719000670732382     0.698092745710328     0.657758179963373
  40000227     0.118379272315166     0.628305421464370     0.801048107258010
  40000228     0.856423659705781     0.321016624484036     0.119013811122150
  40000229     1.018454540721455     0.897580573865654     0.019575731727746
  40000230     0.347480898572456    -0.098237781863735    -0.267537165834980
  40000231     0.947007784046863     0.062902356873115     0.021353445401593
  40000232     0.450544949153242     1.106133311221827     0.354995977697371
  40000233     0.548619601783873     0.685304850685247     0.961525199961148
  40000234     0.626284704461475     0.710532545001538     0.926551597103246
  40000235     0.386141007324337    -0.014949827986989     1.178890411814711
  40000236     0.967793619842380     0.645058779427805     0.602310551025192
  40000237     0.926705204803128     0.923230246990387     0.604364425804654
  40000238     0.997559633895369     0.546529576700989     1.064243848944867
  40000239     0.261868017459378     0.137451804686048     0.711699969964166
  40000240     1.002461844177175     1.138407991879883     0.767644393708182
  40000241     0.601648797834493     0.698967041252500     0.894505542063231
  40000242     0.181970006761284     0.758825593540520     0.326911114840044
  40000243     0.332839895914392     0.601623959321443     0.131337361667350
  40000244     0.552647094791834     0.696919541841343     0.941488854962920
  40000245     0.034804878427059    -0.082338520107649     0.236342313669954
  40000246     0.865278552132323     0.339438627984218     0.717842176113575
  40000247     0.759953157823198     0.610042355471728     0.677138521466634
  40000248     0.108819387613967     0.651051166498042     0.123591742220050
  40000249     0.430323183942190     0.163059326357447     0.598472404691925
  40000250     0.975856181933357     0.531428363698088     1.093869430280670
  40000251     1.060365895763795     0.020627413139338     0.890336531314338
  40000252     0.437141577538157     0.059202290343025     0.812024166008143
  40000253    -0.091003543038433     0.454446977055882     0.370086566294491
  40000254     0.747200891144917     0.335962406156757     0.503070327833279
  40000255     0.432594416014224     0.133605237284144    -0.031542996896937
  40000256     0.927451328299496     0.352532361249820     1.048213792458660
  40000257     0.623764058026409     0.893696383629550    -0.123569816218191
  40000258     0.936674859138388     0.431017199034693     0.275530158248839
  40000259     0.603387871900010     0.051567702666704     0.428062429425810
  40000260     1.005006247592554    -0.066477359892286     0.388573903287850
  40000261     0.595564619241206     0.679661620773777     0.946067540474552
  40000262     0.582289934738742     0.685242698906087     0.994292187575023
  40000263     0.137367290748256     0.665444954382712     0.801965880052240
  40000264     0.113002867799258     0.631222436915356     0.800823618547414
  40000265     0.514263016069090     0.383712092671576    -0.241527033206297
  40000266     0.324236962539818    -0.015702787372759     0.527312376702674
  40000267     0.664517072666748     0.487810428568038     0.944534637041186
  40000268     0.137720031322373    -0.116535485897916     1.074072442913756
  40000269     0.685375540678034     0.378883608069295     0.381902082672966
  40000270     0.601103201585943     0.227826607953624     0.795063703158547
  40000271     0.664315333056802     0.377315920911293     1.165986478287490
  40000272     0.596548979077837     0.706430155285981     0.959406164940744
  40000273     0.018516215483278     1.148116343823686     0.536265938181094
  40000274     0.954179968938679     0.109362768979213     0.632294824387804
  40000275     0.424128379151361     0.018241576185884     0.200224478109696
  40000276     0.784787163262409     1.192664406691891     0.545224959568297
  40000277     0.736479651976502     0.252196942971189     0.345946056824929
  40000278     1.086243035733542     1.061333513055940     0.743650673682634
  40000279     0.520508487958644     0.313955288774660     0.891844932631049
  40000280     0.135934684437399    -0.100650675200864     0.961571181233202
  40000281     0.855215022256447     0.275228313570005     0.477900690761433
  40000282    -0.087502179651290     0.131414801147258     1.054178215311675
  40000283     0.309694038891648     0.033924839641228     0.410573403806268
  40000284    -0.090985053281761     0.334604598158455     0.736940069686336
  40000285     0.037588547971345    -0.117369522484143     0.244663236298687
  40000286     0.723832940087048     0.926582825381338     0.032328377839570
  40000287     0.270750035886278    -0.143950863737151     1.096726673671641
  40000288     0.335999436147527     0.166093127983419     0.634851202309435
  40000289     0.606354311739598     0.698772483017259     0.970280957023162
  40000290     0.168889090868642     0.656087735220755     0.810386116719013
  40000291     0.855855610369963     0.227621654616549     0.293545073576788
  40000292     0.246829027299108     1.094066518451318     1.180349420505626
  40000293     0.145971259494123     0.685525628312723     0.780940105140208
  40000294     0.273584686598647     0.101027957147623    -0.056167114089996
  40000295     0.885703063176449     1.023051284409900     0.516912964170979
  40000296     0.278772736887943    -0.045626295474070     0.674267843886217
  40000297     0.128920307833903     0.688750940249806     0.781681772528639
  40000298     0.224337675723681     0.448188246608156     1.178127408247262
  40000299     0.261638786304396    -0.064454868516690     0.578396998437326
  40000300     0.858664565008571     0.372889020631259     0.313492447931900
  40000301     0.316874834270067     0.770765687978718     0.000674488733763
  40000302     0.333368364717366     1.133575546506201     0.118390935221403
  40000303     0.331022371768641     0.160531906124369     0.032549188201998
  40000304     0.406721737797130     0.511168587947955     0.772345400866657
  40000305     0.335411447816412     0.075214909506751    -0.100147018303887
  40000306     0.939199689836511     0.542050765498942     1.134215260251147
  40000307     0.848556677641491     0.210085089887392     0.461337085367816
  40000308     1.024250660636285    -0.089545635501140    -0.274969623254076
  40000309     0.578473392249683     0.691401942618946     0.933900393363488
  40000310     0.635176372580912     1.144182863835129    -0.100814767616113
  40000311     0.884410858769745     0.995592716268202     0.203125228712253
  40000312     0.794715345758696    -0.179413469236904     0.023789382506221
  40000313     0.143850585125884     0.594352010139338     0.767410498876175
  40000314     0.565806703875952     0.718515040668014     0.932615970284808
  40000315     0.691963255227330     0.240258647030869     0.821696854391692
  40000316     0.194690178978950     0.163984303972368     0.182395393473750
  40000317     0.337644763932664     0.950286423512330     0.501395375388037
  40000318     0.619373655987072     0.379563550735644     1.179989272087741
  40000319     0.371855528169302     1.113166455940239     0.539858333053610
  40000320     0.270027925474939     0.045269182842904     0.716482288488169
  40000321     1.066501954614579     0.511545060918090    -0.004239459510639
  40000322     0.051292872211336    -0.099573437340839     0.246490588567335
  40000323     0.234172536139335     0.015809695649425     0.863604120393826
  40000324    -0.009143891500289     0.527890900994471     0.014143057476643
  40000325     0.977492679692574     0.943468744268290    -0.105881579584751
  40000326     0.790115775220367     0.223133991851222     0.576135330046832
  40000327     0.709040230406186     0.321799809403925     0.592384095941167
  40000328     0.410688156771772     0.155195867395243     0.726305087719819
  40000329     0.582754439025646     0.003921647918551     0.993156778371875
  40000330     0.412019756803817     0.123265589407527    -0.077536902343366
  40000331     0.263998185832054     0.153447176946714     0.999313248490173
  40000332     0.126788845965691     0.645250406976485     0.779717136191294
  40000333     0.805190409709034     0.305623465654084     0.935402763883841
  40000334    -0.011827201202819     1.128394678642737    -0.006190980356781
  40000335     0.918430568872978     0.597314462990974     0.908755995917855
  40000336     0.402470335643851     0.604306436173366     0.577189621566481
  40000337     0.558062635320037     0.664724282800497     0.912591542037965
  40000338     0.060852388722076    -0.085851195302603     0.259775801581555
  40000339     0.709772737386535     0.469290301102182     1.114147768632824
  40000340     0.644563230375371     0.978281137043895     0.118768778036279
  40000341     0.935710070338880     0.706850876234518     0.731388424075048
  40000342     0.538269376822363     0.673600056272579     0.916595395077798
  40000343     0.704631414397215     0.357044343483400     0.375935996177515
  40000344     0.627561344574535     0.600430274020149     0.440792120920471
  40000345     0.732398271872725     0.190707635358706     0.152661066770472
  40000346     0.312272000336665     0.147118113526056     0.406345118054884
  40000347     0.678533269744517     0.307992265687175     0.411517069056455
  40000348     0.320552069261628     0.122876352335603    -0.013339568451670
  40000349     0.896858527582905     0.786292338822366     1.174405948339087
  40000350     0.291561868725263    -0.115867481429111     0.706564911549515
  40000351     0.752098974437304     0.859709352902555    -0.230163072706367
  40000352     0.235417613265647    -0.016215097347904     0.587819498218065
  40000353     0.375323513418819     0.138129027243734     0.736129266697880
  40000354     0.865297587707001     0.353721563995591     0.438337245871640
  40000355     0.758438959734650     0.302130485902107     0.444128109417532
  40000356     1.020001150072837     0.927503546099842     1.156775648379285
  40000357     1.072363323528606     0.929752413514303     1.201632486807500
  40000358     0.658647305404423     0.705296649494825     0.926050765507797
  40000359     1.008970411641134     0.552491452456591     0.577760677812479
  40000360     0.379217278280978     0.051308080470339     0.669619278061183
  40000361     0.349562918769200    -0.136378715482826     0.547311330429142
  40000362     0.767890593697746     0.992691500760144     1.145618852412704
  40000363    -0.069609626092003     0.760725028482370    -0.128519492760510
  40000364     1.079268104010026     1.065342898253051     0.907068092845148
  40000365     0.747673220053321     1.067062379352689     0.140254386258964
  40000366     0.879478556317595     0.247006891196823     0.494387649577109
  40000367     0.332744860373403    -0.082355364678218     0.529587268906301
  40000368    -0.097440679316581     0.123787966868015    -0.075690802332898
  40000369     0.971150307359058     0.572963185422161     1.037751952478810
  40000370     0.060680720948567    -0.126347116427045     0.220169237395688
  40000371     0.809358413278924     0.920925103966676     0.789063293324651
  40000372     0.866299007062034     0.641314363764952     0.189968158083092
  40000373     0.273780972322740    -0.176025424615412    -0.262658873965126
  40000374     0.722457973085264     0.092313988826487     0.677288305145120
  40000375     0.175505828956932     0.971021875972216     0.808083736712223
  40000376     0.060627949358446    -0.177459148638091     0.943344991401922
  40000377     0.493500838283398     0.054290415667147     1.009511359221678
  40000378     0.365894067631061    -0.198572091965848     0.087910052691956
  40000379     0.246588213621220     0.805308695075171     0.954688889613826
  40000380     0.507595601067201     0.496730293463678     0.427939793375987
  40000381     0.125026211819654     0.098694819942360     1.139744004542759
  40000382     0.773494084659887     0.888750468614305     0.634562801082271
  40000383     0.784101243004694     0.789790863255646     0.640965950476058
  40000384     0.465257117465544     0.015633192945457     0.965084839901217
  40000385     0.142987017420698     0.642576371706824     0.821470671259734
  40000386     0.895802789910157    -0.184164857074142    -0.087591625950237
  40000387     0.020317181620433     0.831354791907522     1.149692607716942
  40000388     0.281420847116613     0.278606969643606     0.434149400111426
  40000389     0.447389396010533     0.101930003644386    -0.078522000983852
  40000390     0.784291310995747     0.713894008946238     0.257840658216083
  40000391     0.480741418987595     0.128448439036974     0.972205507103080
  40000392     0.087127623248450     0.410574296699029     0.603230627021190
  40000393     0.142543746105555     0.661200253886103     0.783957492332674
  40000394     0.835325964642141     0.912401781365407     0.158792730586006
  40000395     0.564083726731203     0.701166414032830     0.971877374278087
  40000396     0.682856742287706     0.271040753750006     0.308360418136478
  40000397     0.455643542180635     0.590254969508224     0.365503656076239
  40000398     0.221394398842832    -0.072114021539042     0.666609417931373
  40000399     0.874274912599354     0.855351685502711     0.425112699877197
  40000400     0.856602330474680     0.161135023008886     0.298775301982581
  40000401     0.844382034112984    -0.004587727597396     0.219745618931483
  40000402     0.054036912184657    -0.062604719988762     0.228571802159918
  40000403     0.992405244016851     1.135106921771367     0.108525467176492
  40000404     0.814581597090374     0.327462584829379     0.666651271143331
  40000405     0.340726791133628     0.107164258351864     0.904480527130318
  40000406     0.792311478802869     1.181359755098065     0.568745328953703
  40000407     0.463972994815487     0.195468052922538     0.864685505802077
  40000408     0.534575513059620    -0.107814001248383     0.740524665757653
  40000409     0.415240808695476     0.274539049441816     0.124516791637134
  40000410     0.307625032699326     0.037227601757045     0.566817707945997
  40000411     0.368967196327711     1.172588426786561     1.156685929292611
  40000412     0.367112801037281     0.136700103723309     0.015277958221005
  40000413    -0.026504084800185     0.824961534526845     0.415914060325728
  40000414    -0.079434530627950     0.712205404062325     0.709535890482332
  40000415     0.833028330236583     0.782323882394172     0.361712020132309
  40000416     0.793894161989474     0.973577647210956    -0.067068247390748
  40000417     0.144102077868901     0.703418084964591     0.766298733151209
  40000418     0.738270287637896     0.623247180039057     1.257623084286293
  40000419     0.445511241261829     0.461552041661151     0.321108091646875
  40000420     0.953095484573700     0.358189065641505     0.424430683057261
  40000421     0.299889822738721     0.634600883393648     0.289259388197361
  40000422     0.589538506586513     0.133624589757533     1.272677951279189
  40000423     0.128782668245288     1.187172253967550     0.273255224813510
  40000424     0.417692430182222     0.213330123649937    -0.240584838670368
  40000425     0.632180581237812     0.816202444058829     0.367600023486946
  40000426     0.128638745111665     0.038169106983098     0.626349126952812
  40000427     0.069805682525293    -0.101479744235789     0.230512809908636
  40000428     0.521779948721062     0.887453477652069    -0.069449494084628
  40000429     0.937452287953885     0.832654943925705    -0.048180153645742
  40000430     0.879399456510709     0.892750763581715     0.463595475081550
  40000431     1.001165374077853     1.083498562162653     0.075885945616406
  40000432     0.910063507322604     0.247768660094790     0.482466878384818
  40000433     0.752272423618151     0.050506200909825     0.685392778897053
  40000434     0.980251495325423     0.552863918582710     1.024589988629168
  40000435     0.385481310119829     0.142144066741558     0.949021803361479
  40000436     0.230408480456417     1.185605807613190     0.371189099997533
  40000437     0.824847845020872     0.041273896534577    -0.073719649863917
  40000438     0.939518914910049     0.549201634480545     0.570102551580536
  40000439     0.821761273483705     0.317733924302862     0.876964954962160
  40000440     0.385393769690705     0.902488304471467     0.911654956833919
  40000441     0.600584420857164     0.704662565933506     0.936138904305159
  40000442     0.617565047286234     0.947675582664469     0.584669646997340
  40000443     0.521066381625900     0.799684237975570     0.564068602863033
  40000444     0.066271970307091    -0.111755096491320     0.239610900719220
  40000445     0.490516201716106     0.482685129361559     0.427568554959948
  40000446     0.094346914400732     0.730020543141983    -0.125450982546296
  40000447     0.964737842255678     0.873932269562809     0.038384520914619
  40000448     0.067425026389113     0.817384109036988     0.873560803620596
  40000449     0.962967734588444     0.189491104132852    -0.127385366181621
  40000450     0.381883886876126     1.187800323683520     1.027318179419419
  40000451     0.038488494115846    -0.031315327507234    -0.190524037306557
  40000452     0.244134818394244     1.148826427420498     0.888642885715970
  40000453     0.612071790093554     0.447240394457441     0.619883949080729
  40000454     0.553639697255100    -0.048726767684010     0.306232950094650
  40000455     0.403764678248208     0.432772555177138    -0.151532431676382
  40000456     0.870296541816735     0.568182045487198     1.149582667622019
  40000457     0.159445714319264     0.635873181361273     0.790601609558009
  40000458     0.727170731586006     0.597721338820150     0.669921248785160
  40000459     0.545302591480527     0.677271526293176     0.589522335499940
  40000460     0.066586011349545    -0.118032937473521     0.220517593750953
  40000461     1.061770794210453     0.725507963495944     0.171238349444505
  40000462     0.381079449927689     0.766907214239838     1.078390527307291
  40000463     0.655972197313361     0.283955007231606     0.442384374431386
  40000464     0.494803174779893     0.147505017062017    -0.021345772916126
  40000465     0.311930597470747     0.998703354996764     0.720718655730391
  40000466     0.341916624506853     0.292455668188841     1.072388163688479
  40000467     0.656913749050698     1.088416794629983     0.616926513903657
  40000468     0.853184188232508     0.375566424311832     0.952386576139636
  40000469     0.287574237687702     0.102648689324386    -0.079505911088443
  40000470     0.034651734517292    -0.112504102486136     0.255364881768701
  40000471     0.690343762023217     1.054036680506964     0.723345426239872
  40000472     0.750538202534251     0.143119823761608     0.746499447079875
  40000473     1.085552986161697     0.117138170866354     1.041780355067363
  40000474     0.973953468892160     0.590484312027949     1.058870245601913
  40000475     0.918641381601842     0.076431848032499     0.879517231309275
  40000476     0.558300952129139     1.188106103397989     0.733980653455739
  40000477     0.194663420723862     0.585945990029059     0.378099792198418
  40000478     0.969922621378261     0.525631099727529     1.069698011183563
  40000479     0.311404957784636     0.686656030493630     1.130286341613860
  40000480     0.909165191568429     0.716410174329980     0.337184444429084
  40000481     0.854574940776493     0.351595813067866     1.145586909831435
  40000482     0.062942724736188    -0.078543624426497     0.219848400013276
  40000483    -0.011109518337332     0.049955178860398     0.675975465490359
  40000484     0.992056515455761     0.507433054173315     1.031780028266787
  40000485     0.754009223353835     1.036792452835611     0.055489104208235
  40000486     0.673870759079233     0.223906277896331    -0.142017403543745
  40000487     0.780928500495281     0.687748470316531     1.230978740372497
  40000488     0.070499356613808    -0.084080183969469     0.247832733544162
  40000489     0.581963942101091     0.710687749539378     0.934784867746241
  40000490     0.457571824676694     0.722311972355184     0.572845534647071
  40000491     0.636553848473725     0.467693048477804     0.958248284933766
  40000492    -0.073782468707910     0.744779767305731     0.530453103045812
  40000493     0.395902798921200     0.039900379184060     0.645541143702902
  40000494     0.056516996074070     0.390075445013792     1.174691964532951
  40000495     0.159617294335250     0.659586091035654     0.816828901338906
  40000496     0.730305597566485     0.641707773343333     0.210097731947425
  40000497     0.471625505255042     0.727605906010378     0.552346569644550
  40000498     0.619639194217806     0.718708706361952     0.957275395829183
  40000499     0.165143602393299     0.685882396511714     0.470610220954574
  40000500     1.027176723088301     0.880424550542175     0.003110099371482
  40000501     0.359828050249092     0.470077804418117     0.687482985303882
  40000502     0.251109739260328     0.880591275108381     0.309241873795234
  40000503     0.123968972560990     0.536095507772408     0.449691874687560
  40000504     0.945729408493898     0.661256686473357     0.580373381512836
  40000505     0.000678229813419     0.870471610343711     0.393302890879375
  40000506     0.824054000032307     0.404241039318429     0.067197508703084
  40000507     0.582025571295793     0.690325627158848     0.938611110264429
  40000508     0.117837020191318     0.669050286161926     0.758898221033883
  40000509    -0.029418918233095     0.751959603755332     0.258818552143495
  40000510     0.058689178479116    -0.086228472576152     0.219514692538164
  40000511     0.368342076195351     0.011721455468434     0.947769268234166
  40000512     0.721228479565774     0.539207172783082     0.952320760926319
  40000513     0.671099192619918     0.332543232217182     0.409716580283753
  40000514     0.499566839419891     0.594385245654827    -0.241738741740007
  40000515     0.603300373611622     0.732885478240424     0.983310764877106
  40000516     0.887100860832187     0.607488130230194     0.736763335485092
  40000517    -0.037110272233311     1.194573695488351     0.603838596990166
  40000518    -0.000743295878558     0.086647512441276     0.710753897080759
  40000519     1.042215761745676     0.889942132685106     1.204015840168119
  40000520     0.934209868125762     0.640035247946916     0.137425605447160
  40000521     0.743685792971647     0.351267710049737     0.291071121593004
  40000522     0.136442598907889     0.681689821288812     0.797650969984951
  40000523     0.966769203133180     0.300122105960356     0.410787219950444
  40000524     0.440744182825380    -0.092230701245171     1.247143938740269
  40000525     0.813329425028616     0.759274897223949     0.990058744594568
  40000526    -0.046541921970470     0.157996979047611     0.895217653422216
  40000527     0.098480970428128     0.936857597384231     0.650095305775689
  40000528     1.018693359359025    -0.104802013559430     0.001286442218843
  40000529     0.622275759191507    -0.117963649260993     0.034336481612597
  40000530     0.982424510864544     0.288236095575681     1.073706079825599
  40000531     0.958687882919129     0.278475367828791     0.232745342483391
  40000532     0.424571210409779     0.095613984583093     0.794329551831549
  40000533     0.061807313826804    -0.076007684636620     0.243828039191922
  40000534     0.290407349757854     0.028406626036583     0.987611377515469
  40000535     0.856793502621132     0.340174026963985     0.413618779226722
  40000536     0.587314309596804     0.701134990926916     0.917794843929761
  40000537     0.598614099526216     0.749066138274251     0.942272647552618
  40000538     0.533649997937350     0.521693150271152     0.492410865452178
  40000539     0.298546961187775    -0.049967231087807     0.679441287778058
  40000540     0.067706082437220    -0.091526802807861     0.259792636200065
  40000541     0.089283645861549     0.675331209578277     0.798308710455399
  40000542     0.649629738803542     1.095530342077151    -0.279909858715640
  40000543     0.619381980666249     1.078229944955521     0.207670428848853
  40000544     0.382328535597383     0.043945696925849     0.534933954300474
  40000545     0.954552060139903     0.756976042240413     0.445408576794207
  40000546     0.405987087356757     0.006065734027188     0.736335222637985
  40000547     0.244659156625295     0.398157010378240    -0.115837899540325
  40000548     0.926180280271026     0.557756336535618     1.001340469416155
  40000549     0.285787285128929     0.170549033789089     0.565612146745505
  40000550     0.974798308540401     0.487942373853397     1.008061370827329
  40000551     0.526288430968509     0.693683715924912     0.367648420775416
  40000552     0.578484568254835     0.163819404712809     0.249701732711274
  40000553     0.191315931658403     0.510001663875525     0.210925962009500
  40000554     0.219984584743442     1.166540604227151    -0.026111786035645
  40000555     0.180315330617187     0.395132415757304     0.272699047599861
  40000556     1.067136234932598     0.008473887955184     1.254413306999055
  40000557     0.110838998343302     0.664307788589497     0.750833089048294
  40000558     0.104871683509156     0.694805841571878    -0.085765662597517
  40000559     0.951687374252961     0.573392295256578     0.212526887998885
  40000560     0.442662946670204     0.013871948122409     1.000142839609506
  40000561     0.871096641878815    -0.077541677935996     0.471939252840930
  40000562     0.585688907194733     0.676638668134500     0.921023124562870
  40000563     0.511174681431768     0.127739364899399     1.139509482543015
  40000564     0.416719127735283     0.110574733906017    -0.031166542284263
  40000565     0.410693245812408     1.192836186995863     0.151954820577520
  40000566     0.864449501009257     0.790619903986745     0.045276431415465
  40000567    -0.094762177642807     1.147562927333968    -0.007305118424528
  40000568     0.154946017126984     0.980893708192740     0.402201945827669
  40000569     0.588948546010733     0.822026727509994     0.559479419210546
  40000570     0.614540730029534     0.207850624015205     0.543380202005227
  40000571     0.713691796155898     0.800651572068027     0.477561560305919
  40000572     0.511457412795773     0.893811420290194     0.690943096417711
  40000573     1.063049980232475     1.177447528252145     0.515821562128390
  40000574     0.046217896236633    -0.067672890945257     0.247994505302847
  40000575     0.774944098671560     0.634233898866786     0.464139829430534
  40000576     0.434723708986833    -0.040952337200328     0.520518705377830
  40000577     0.235494075223257     0.568002380632071     1.145738799415472
  40000578     0.386546695952385     0.279903734203945     1.062516692662528
  40000579     0.681452575095385     0.506943293192243     0.305592384251847
  40000580     0.930008913543054     0.583005967990314     1.082541210202585
  40000581     0.968163273607653     0.901560175916484     0.335557562368383
  40000582     0.613478076497654     0.311105113992124     0.340912724000522
  40000583     0.988637532071780     0.520226677857171     1.044147762568360
  40000584     0.993023193466085     0.554496950223101     1.036068217910911
  40000585     0.575616321944155    -0.057451565658149     0.794302415022907
  40000586     1.027747392114966     0.684266846975515     0.994001443135547
  40000587     0.845995351861733     1.050090919883075     0.245840223080984
  40000588     0.690584980804654     0.086107380794869     1.232402958906584
  40000589     0.251812457823163     0.809499992917238     0.418389196831506
  40000590     0.710561463374618     0.823221770054461     0.203290742947591
  40000591     0.821901834287853     1.157396487518682     0.648693231623268
  40000592     0.312602195094504     1.113801389624074     1.193398398477023
  40000593     1.024509606967834     0.554680999399167     1.002565560281812
  40000594     0.880805610021508     0.854921092443947     0.196031808833219
  40000595     0.389761198487020     0.253613554405132     0.991561711646862
  40000596     0.630695811599621     0.699499048724612     0.508180942417111
  40000597     0.960168343891744     0.447819369033008     1.046655977658608
  40000598     1.004217866774271     0.428022666981973     1.058493200000376
  40000599     0.495957728658675    -0.059173442798039    -0.000933707088859
  40000600     0.558133731177823     0.709473211061098     0.924074740417865
  40000601     0.803915203874967     0.505023470919449     0.509014718702612
  40000602     0.762412301331443     0.262539210512842     0.849857439302766
  40000603     0.240811672088512     0.251739823858147     1.052458493012126
  40000604     0.101348036201592    -0.085928903640491     0.218133494910131
  40000605     0.264214309735878     0.154551146311740     0.148863869160086
  40000606     0.379386777932642     0.093534403474583    -0.021122792040476
  40000607     0.723574333047746     0.309706843081870     0.567781166206957
  40000608     0.830402511604525     0.466343475277487     1.092964481528367
  40000609     0.954985127686082     0.486581179061762     0.996265817232491
  40000610     0.449283893751947    -0.014776534952131     1.134338091973440
  40000611     0.989666168651730     0.532885824434477     1.156404267902529
  40000612    -0.042978875799636     0.737975331665818     1.205182787208451
  40000613     0.603846324943215    -0.012697427071316     0.726016208823602
  40000614     0.492845826164824     0.137130090312189     0.895845831746039
  40000615     0.148603231132192     0.625991638248267     0.768822394137402
  40000616     0.414713891633461     0.057106892959201     0.764107491604725
  40000617     0.239158214837169     0.323143707628390     1.116799186583965
  40000618     0.428358341954059     0.312011874179254     1.051538830027297
  40000619     0.438538640236591     0.330632982838670     1.094826918828726
  40000620     0.770554616156117     0.310203894342080     0.492095997773490
  40000621     0.597851567864181     0.696166973244108     0.258010770206470
  40000622     0.211354900105603    -0.043689414007962     0.178976826493519
  40000623     0.841002798342565     0.333991079707043     0.301543876341128
  40000624     0.356389110691809     0.202992546726394    -0.018187817660260
  40000625     0.564494847871157     0.309245101682959     0.451342099884269
  40000626     0.635602724126022     0.331684496509946     0.532355776426300
  40000627     0.980176597761903     0.703871847317967     0.147213167278122
  40000628     0.076384708811381     1.066014914469682     0.490225767134615
  40000629     0.613143219124155     0.730192914752669     0.938149104089003
  40000630     0.962283305208688     0.207514459626099     0.313181003447774
  40000631     0.229234698875860    -0.086561597368028     1.114212737503681
  40000632     0.600048549423649     0.734796214298150     0.946726789127338
  40000633     0.755734831071726     0.325186006439888     0.348683938889173
  40000634     0.531171265334502     0.674215997673907     0.933986729034708
  40000635     0.547117659802525     0.721389136062094     0.987473123608748
  40000636     0.502796562326813     0.031636882464770     0.774705808528340
  40000637     0.242249341117042     0.154442147394359     0.867324437327082
  40000638     0.514079108302346     0.889263325817884     1.225307276164633
  40000639     0.640839709297762     0.552455962169067     0.552056504246025
  40000640     0.946158472847390     0.518658052281524     1.075780649706281
  40000641     0.975424742560695     0.482241259407140     1.062678897603002
  40000642     0.420509158821881     0.910273544994353     0.139842585987600
  40000643     0.792259945899563     0.572679586325912     0.916861808350456
  40000644    -0.064006740399213     0.608139470746346     0.206001842456043
  40000645     1.082552205592187     0.505912493334929     0.485218726903546
  40000646     0.812841806116988     0.200735721735797     0.447664754779411
  40000647     0.551180735007730    -0.132196365796696     1.008642379150980
  40000648     0.074684784570766     0.300584104220419    -0.034143605135058
  40000649     0.604872993474572     0.700365024167639     0.913194321776292
  40000650     0.505658265401971     0.726653235354240    -0.213675045450602
  40000651     0.621306748348230     0.993697600379796     0.901774831669125
  40000652     0.429640844964173     0.622065664312949     0.006778851089770
  40000653     0.388994139333086    -0.168301776257004     0.635150115016982
  40000654     0.100290683818092     1.169710027980996     0.185431741864299
  40000655     1.031120372345791     0.576613497572004     0.023109305005019
  40000656     0.704117675091118     0.348267723938852     0.359912579549326
  40000657     0.771682208423151     0.797679057924633    -0.253233924643251
  40000658     0.274263673643428     0.159007354737940     1.012458673086430
  40000659     0.837124759143470     0.897204868519485     1.158203763341835
  40000660     0.133730984048828     0.643532497162297     0.771334740436894
  40000661     0.171668230947608    -0.059389742434845     1.086947022110663
  40000662     0.393420912955796     0.336654610581048     0.985421444200507
  40000663     0.149848591275644     0.602227456758583     0.771259037334177
  40000664     0.779543607073042     0.400141031092995     0.405145210048297
  40000665     0.762859438624856    -0.140556634141843     0.398408834975093
  40000666     0.637478562793630     0.406426969846259     0.398182466044680
  40000667     0.200916004519959    -0.064503379791076     0.646652209090062
  40000668    -0.017016372803216     0.192807218122239     1.179188486929867
  40000669     0.561123707203566     0.681872097790247     0.673222282381273
  40000670     0.564873119196791     0.913668804947903     0.839802969290511
  40000671     0.755313911475092     0.405320924755279     1.124008477515934
  40000672     0.405538616258240     1.006213621456161     0.602024066977939
  40000673     0.737582672491936     0.985014834127238     0.325057313670779
  40000674     0.629146431289751     0.350430427950537     1.046754410778983
  40000675     0.416594289350127     0.288801169374804     1.094001630462697
  40000676     0.916302417017472     0.203674951718939     1.059200086405736
  40000677     0.917706507041943     0.515418181512304     1.052799089187764
  40000678     0.422944874899097     0.215498727101771     0.927846860772990
  40000679     0.801030017911564     0.290665089337225    -0.082663827226097
  40000680     0.850101064892819    -0.167677792865801     0.672219068304324
  40000681     1.015292213464440     1.136171670451548    -0.143314939315612
  40000682     0.755451039377636     0.935136335808712     0.700266810769567
  40000683     0.891213330724132    -0.004819192066350    -0.012964567899114
  40000684     0.042899919793265    -0.084409123796050     0.247848113171075
  40000685     0.836954386759950     0.113258060842869     0.899040207507830
  40000686     0.442015334977834     0.054686708674356     0.191701603040191
  40000687     0.104033820041579     0.912048640840660    -0.018959157598320
  40000688     0.672371669393686     1.018606087490249     1.298762999637731
  40000689     0.398662095294087     0.201813021838942    -0.052954903411388
  40000690     0.696550881307165     1.067532044669203     1.018512448723024
  40000691     1.075418156728112     1.049981849772315     0.127660395940147
  40000692     0.609993828148250     0.846285705200933     0.040894904455540
  40000693     0.988142656728063     0.389788859430832     1.111846694207031
  40000694     0.848236900375008     0.854197458426499     0.290336521167444
  40000695     0.759758980395620     0.262947280974960     0.259490562738018
  40000696     0.334795689019732    -0.111209541693446     1.059124798022514
  40000697    -0.025122240108415     0.919267757916521     1.053597236737838
  40000698     0.271656166336782     0.660200366331766     0.542372065274305
  40000699     1.050682414998659     0.353995065943331    -0.095220737566016
  40000700     0.474756673979116     0.362392412017463     0.938599635257358
  40000701     0.306043425748303     0.130540575189350    -0.087737471064188
  40000702     0.293730558130750     0.752410519677869     0.284212208264665
  40000703     0.625717926188855     0.685427462655735     0.962244489437493
  40000704     0.894043182425365     0.247486609461975     0.502212878797359
  40000705     0.804363728461878     0.218069313799042     0.970484291228997
  40000706     1.080260739517277    -0.052305179950094     0.201504212208740
  40000707     0.924935201140784     0.554213100556937     0.455340152441065
  40000708     0.985639112966406     0.298760124238390    -0.032952123379389
  40000709     0.312866380028402    -0.000749713177024     0.594507348689715
  40000710     0.419289865036455     0.092270460059758     0.594132204294375
  40000711     0.074992291152731    -0.075224883161853     0.247282638531691
  40000712     0.233356962177196     0.217645697444567     0.608700515550890
  40000713     0.392907870256993     0.442962441817265     0.021360248980598
  40000714     0.740283103269064     0.660470759664363     0.448177517627890
  40000715     0.562036870764723     0.100342447835531     0.673231557717270
  40000716     0.579532113439644     0.679594308163090     0.948410746200253
  40000717     1.067786813506904     0.910890583716173     0.262045834143195
  40000718     0.347185721276895     0.172216278062386    -0.066313761718533
  40000719     0.143761707281957     0.645732975548042     0.779735683310934
  40000720     0.485917235375946     0.407914806906278     1.011155042621148
  40000721     0.572865057873298     0.707041909075728     0.611749990365619
  40000722     0.074142462047773     0.809253829363755     1.085191732203006
  40000723     0.980005965990449     0.605406971494709     1.082568690873142
  40000724     0.147598781184762     0.634480987033862     0.793340820215710
  40000725     0.502733172215043     0.357240472938667     0.793056592190447
  40000726     0.871562759841858     0.624617328932150     0.966998968323413
  40000727     0.786200954190844    -0.158561414308172     1.051932401754408
  40000728     0.952946169373408     0.541856450491955     0.351506719493100
  40000729     1.051291349361848    -0.153033063744407     0.861527490293962
  40000730     0.217607372940201    -0.154548582874372     0.619162675148233
  40000731     0.588772166197145     0.673837505098670     0.266123088846012
  40000732     0.265638531191274     0.186806177999142    -0.037840314516084
  40000733     0.907053234969093     1.099374556022903     1.247578509143717
  40000734     1.020186530807861     1.024985120704865     0.743361824724827
  40000735     0.235313869551204    -0.020249229396356     1.134093918500263
  40000736     0.582935335711377     0.274012915824743     0.324883529193602
  40000737     0.819086902392868     0.701702376511696     0.828957246088326
  40000738     0.927110926925736     0.967922555246252     0.672789285489931
  40000739     0.396400235701491    -0.062927698205433     0.550375352480899
  40000740     0.193610614238634     0.016445147607676     1.148959058805420
  40000741     0.260784467833773     0.090495959331941     0.897072169396999
  40000742     0.814115851985880     0.261888597800795     0.544518358886189
  40000743     1.043891054542862     1.014846678118996     0.321752334803606
  40000744     0.440085780253153     0.016120794596131     1.050243398479694
  40000745     0.118984923613628     0.488097857926258    -0.085332916908633
  40000746     0.412027592307493     0.005883380396783     1.160486913520449
  40000747     0.452770767320860     0.336008480087463     1.009157808466630
  40000748     0.968720139412847     0.515887579859671     1.055307654539261
  40000749     0.979996663903695     0.954468133900498     0.091906924349745
  40000750     0.085783495746342    -0.092587608108598     0.224969110453156
  40000751     0.824270803843700    -0.190382772116042     0.864882757449858
  40000752     0.182667812869032     0.169680671289791     0.985591616992395
  40000753     0.759863219527219     0.213262670702145     0.465335768088727
  40000754     0.957902199352165     1.106475794711307     0.090020686787296
  40000755     0.859344874617399     0.773882854445707     0.296970022125504
  40000756     0.356390691169407     0.100456400645420     0.014056115923255
  40000757     0.352420214102834     0.020495654024120     0.737729979245345
  40000758     0.605664118616162     0.050742545030689     1.145673990243621
  40000759     0.235279419256922    -0.013925739379668     0.856091311219715
  40000760     0.131240751260054     0.623474191829919     0.764259030352194
  40000761     0.141201803626285     0.666190307793890     0.750813297144384
  40000762     0.412867675640131    -0.009591180180928     0.624508637056558
  40000763     0.867805388289956     1.037517335908882     0.178537292762227
  40000764    -0.024098911905496     0.291479070046653    -0.030792727766614
  40000765     0.941704347722450     0.501872610190796     0.994773502172703
  40000766     0.679937826108805     0.317441213452254     0.421586200783218
  40000767     0.533827425543266     0.863706918674107     0.381688900900088
  40000768     0.154234542131241     0.668797296943743     0.796996759317058
  40000769     0.955274871854586     0.469380537378919     1.027808981179464
  40000770     0.881160581575782    -0.131303250744590     1.068861895473938
  40000771     0.554157931390536     0.245710403947621     0.965667447508996
  40000772    -0.013566721754383     1.055242880995193     0.738096532326917
  40000773    -0.053068524568150     0.067074646006946    -0.075420635662062
  40000774     0.928597301373259     0.337299498079366     0.375783688675759
  40000775     0.630902828567552     0.693622140939487     0.546119463489439
  40000776     0.569262156714632     0.676766832695937     0.682259148591673
  40000777     0.962508586824663     0.320795381210760     0.405603349728919
  40000778     0.407115031353704     0.099681646929699     0.761923013107977
  40000779     0.522103176589304    -0.101990344890206     0.170537260089252
  40000780     0.063620211062329    -0.082640223631336     0.241749736273527
  40000781     0.909280925542101     0.026232521122740     0.857385765068816
  40000782     0.602053363250713     0.702065237550064     0.934503726274551
  40000783     0.047488181733633    -0.123368719718848     0.240258183801751
  40000784     0.861048319281912     1.099377956991669     1.244229523833989
  40000785     1.001497473578294     0.900928142779755     1.228330707273736
  40000786     0.954102491580092     0.308230264257771     1.021960632828143
  40000787     0.820926060787779     0.807560566146816     0.492346834376603
  40000788     0.139272870529060     0.652119329402173     0.796691930141015
  40000789     0.573819698099789     0.701925099239259     0.928193273049819
  40000790     0.870530335085089     0.783171800031112     0.314685934848113
  40000791     0.761588894560971    -0.173297644382505     0.432201034865123
  40000792     0.935303839079214     0.706385740965553     0.521393367441369
  40000793     0.424710419038788     0.185070315794604     0.937493872804879
  40000794     0.111691646137126     0.323754169440850     0.345271914019021
  40000795     0.129532465890760     0.484267572034697     1.228663957110061
  40000796     0.714869218327802     0.309684103772337     0.454932303739679
  40000797     0.989179555486043     0.149310365580138     0.740289893283815
  40000798     0.024514446299380    -0.050679636376519     0.818966334429266
  40000799     1.095490715744084     0.171450634314475     0.709529917217429
  40000800     0.799960989034673     0.380079352112852     0.041356044010955
  40000801     0.066388612737538    -0.085178257134169     0.234676551480026
  40000802     0.351786347914532     0.075718304692684     0.981686857622485
  40000803     0.883206655479151    -0.160928752621869     0.366212571431291
  40000804     0.146247496698623     0.661252760415294     0.781188701737257
  40000805     1.064206349778981     1.100792964845251     0.559440630242516
  40000806     0.296028144157855     0.120395915794369     0.643232337315583
  40000807     0.717953180407799     0.332582554439132     0.919490944419806
  40000808    -0.047827981630569     0.419166392224261     0.083080308606904
  40000809     0.021273173977102     1.112986206206356    -0.249026460726600
  40000810     0.713344141114024     0.147026638922370     0.683525353901478
  40000811     0.739530433048412     0.901545027950213     1.085342992988857
  40000812     0.770782287755320     0.338445616195733     1.138853804358204
  40000813     0.933587340329712     0.823031931932971     0.771977892267823
  40000814     0.803464960651259     0.362265981587610     1.143430657233407
  40000815     0.152383591590699     0.360327486398943    -0.154707243600846
  40000816     0.654161647643758     1.165639537108455     0.706906124834286
  40000817     0.053219046876820     0.157981314069986     0.085212995147995
  40000818     0.448651681831433     0.125955541379017     1.027937326653593
  40000819     0.649324487666524     0.463907488049182     1.143777802317946
  40000820     0.254465300343464     0.453966081572928    -0.097476152523039
  40000821     0.999602106737613     0.026126577491859     0.426287824820217
  40000822     0.203336019341166     0.512759963258865     0.254542659452771
  40000823     0.229673806262771     0.074534111961687     0.627846707686556
  40000824     1.038779977398189     0.475316126578952    -0.202789938814569
  40000825     0.069073171430408    -0.108353533674348     0.239293402919875
  40000826     0.893069694210836     0.206789740086117     1.012854584344167
  40000827     0.339678667937823     0.765258084285633     0.164318935938342
  40000828     0.967523179137859     0.870275963949238     0.129496321114133
  40000829     0.947275563316489     0.473242331198431     0.221160865636586
  40000830     0.597171637984734     0.312371085651161     0.661418262525112
  40000831     0.164737919003073     0.296348135250758    -0.104007651211619
  40000832     0.624688420881335     0.200179031075191     1.251958784728351
  40000833     0.954969182144602     0.545137339219181     1.063187930334047
  40000834     0.609225433722767     0.686462726230424     0.919569511015323
  40000835     0.909239481686336     0.633894605218670     0.775736643205758
  40000836     1.036721035519816     0.489916314848828     0.627273732572798
  40000837     0.173992939459941    -0.015369549128235     0.521335885413770
  40000838     0.725455294052678     0.909389405060204    -0.139796917814646
  40000839     0.599040271506356     0.693783331987825     0.530633848585354
  40000840     0.290939145097271     0.021373687614117     0.076385360472203
  40000841     0.591810826548989     0.700566909055347     0.922534003562319
  40000842     0.770084296375817     0.252931892772517     0.189317158829765
  40000843     0.803029022949585     0.974148758003088    -0.281901055643070
  40000844     0.876734914929703     0.883142457351037     0.866016216111212
  40000845     1.051466083919425     1.032242501687748     0.567271820026825
  40000846     0.234198964575532     0.085600181785604     0.510679819945951
  40000847     1.051714048737113     0.084096702074921     0.590318090506841
  40000848     0.664230726874808     0.179135809907579     1.268427252425417
  40000849     0.526662393389396     0.886526638720872     0.492960599061179
  40000850     0.576380787743047     0.752086425796916     0.894081321505148
  40000851     0.322945304380729     0.154896793088194     0.995363119208953
  40000852     0.960689294840624     1.032086191640168     0.205690169769093
  40000853     0.999841038160967     0.633607870162572     1.125056225704570
  40000854     0.607699730619921     0.884614984842918     0.990858715993895
  40000855     0.390328984439470     0.971413563828014    -0.245111624637315
  40000856     0.427464129711147     0.070737198711224     0.907111902469665
  40000857     0.937054855336199     1.030950809903170     0.705889730585759
  40000858     0.723551598790996     0.346653640354996     0.909173930241947
  40000859     0.251737825108673    -0.074087941896550     0.572909049182668
  40000860     0.170843540350761    -0.039479457165172     0.974192938988450
  40000861     0.474528064935177     0.803787369891943     0.567733734092563
  40000862     0.394483604825204     0.663808142240416    -0.171902114432445
  40000863     0.752117948260689    -0.127172621096961    -0.092662903149496
  40000864     0.008475749856392     0.432895654351909    -0.184030024336858
  40000865     0.315442157528418     0.154059242813406     0.734363023879555
  40000866     0.093965406473096    -0.113805960154729     0.245286725365441
  40000867     0.836947498064933     0.895717359309955     0.461065789724987
  40000868     0.343374633502453    -0.019599297060541     0.627491123174630
  40000869     0.819856280534945     0.364219838705749     1.125382121032369
  40000870     0.963258233650502     0.656766071233844     0.175169502692578
  40000871     0.964604546396023     0.536177333622473     1.024215666506655
  40000872     0.550247171438117     0.788651129267442     0.149223968122907
  40000873     0.871702348257572     0.130906325366906     1.049356697023038
  40000874     0.155182188782553     0.220117815063796     0.849920909860978
  40000875     0.977186149386551    -0.124173987485063     0.176149578721608
  40000876     0.560573915685555     0.518875276543811     0.962163396991374
  40000877     0.942173848927900     0.412864923961546     0.348256209816557
  40000878     0.628159744038746     0.661054513721509     0.591653323287163
  40000879     0.262238025816820     0.332624171297968     0.135772756942499
  40000880     0.952306794301737     0.180191861519306     0.366794636691978
  40000881     0.645046418297415    -0.180260705041963     0.694758286941454
  40000882    -0.006078950872194     0.099779661059680    -0.254322796150056
  40000883     0.840845763968947     0.810787480722868     0.850446556469643
  40000884     0.488895788161823     0.129868800652142     0.694842717194847
  40000885     0.539679860075323     0.223163950368864     0.835844178945349
  40000886     0.089197889651157    -0.088625007896146     0.244167312332704
  40000887     0.446609003049469    -0.067228032049227     0.499265765858554
  40000888     1.004876373141517     0.216631826029455     0.519810933562891
  40000889    -0.056482252830718     1.141552921736695     0.174557536938894
  40000890     0.387976831523955     0.059691640694045     0.672373678113492
  40000891     0.858434437765775     0.359752426741645     0.571650477762089
  40000892     0.639923542158699     0.525020612390768     0.989820087335544
  40000893     0.836045226813638     0.313920331977184     0.301939733612766
  40000894     0.370844836280683     0.758615730628960    -0.048693806111217
  40000895     0.134157566784133     1.103228308800824     0.798495454653267
  40000896     0.251234768741226     0.901841539735038     1.173254080409940
  40000897     0.755138859710517     0.293280009094826     0.419017886390650
  40000898     0.341460087259640     0.099160834384301    -0.151507659703524
  40000899     0.587475434670341     0.156793101727113    -0.015979525825396
  40000900     0.438783630723645     0.398859206592382     0.373793267303578
  40000901     0.894621372418109     0.929633719797120    -0.223997333465802
  40000902     0.364990417584463     0.467408306244143     1.056630760349228
  40000903     0.628209967267054     0.658162720228540     0.909171428130595
  40000904     0.525541106278571     0.904824089381195     0.009455497333668
  40000905     0.165026057220653     0.348936877863976     0.899893655120520
  40000906     0.380460416533420     0.766185242448286     0.546798186214571
  40000907     0.599593188923745     0.204712217609303     1.012056820841078
  40000908     0.604316572968204     0.708989231177828     0.918596664271006
  40000909     0.283912910985194     0.093052997502718     1.001120449529446
  40000910     0.431106154312314     0.083683390253856     1.081055433595256
  40000911     0.105826607506460     0.693535633979620     0.780102918206703
  40000912     0.608217673478690     0.748416309951306     0.535486546483255
  40000913     0.001984054662651    -0.134704769836332     0.986109742628999
  40000914     0.710041204495921     1.168665350739421     0.327797081299921
  40000915     0.089442266209752     0.045274313400549     0.693515692963962
  40000916     0.742948311870975     0.026048524524116     0.513897524758247
  40000917     0.499549054191494     0.065866766001788     1.035591265707221
  40000918     0.597827402370659     0.693238307352121     0.946318611216998
  40000919     0.485082773659614     0.151561768372091     1.211611450083780
  40000920     1.024388087795522     0.057439134274953     0.113135097927104
  40000921     0.036130403776688    -0.109223880994040     0.229170962340054
  40000922     0.358399836846562     0.201425622754372     0.954999776526670
  40000923     1.015472484133066     1.116041046328909     0.218258167257932
  40000924     0.754792333760288     0.222007051362364     0.373952140968975
  40000925     0.397569155886597     0.108536324004842     0.305265916988897
  40000926     0.906807555723948     1.174266402121073     0.910618723293315
  40000927     0.402131043766190     0.109170852171710     1.050368671099187
  40000928     1.096396880536568     1.170469210352385     0.665060007438737
  40000929     0.938642128836919     0.889575549272384    -0.254295539414161
  40000930     0.328575468620919    -0.156927625943255     0.242019434718944
  40000931     1.060209221044436     0.532601511428497     0.495393518483503
  40000932     0.300227586181076    -0.021732382234942     0.953182283856321
  40000933     0.806256088513596     0.364054581037736     1.289164444735334
  40000934     0.251468272931323     0.110252367137977    -0.106291988004362
  40000935     0.645768512207941     0.012856230412788     0.520964047286622
  40000936     0.103215168588424     0.300603808812176    -0.187051373202323
  40000937    -0.097572122435354     0.457420948382411     1.285560860110529
  40000938     0.757310121095660     0.347471240540341     0.245506799829355
  40000939     0.082591623215185     1.196275896012944     1.167582202136258
  40000940     0.394179841492327     0.258443828106277    -0.117384198502625
  40000941     0.143258513107690     0.916892252409729    -0.264556363593676
  40000942     0.357744141541039     0.526480305717933     1.234186296456154
  40000943     0.533719850276523     0.070128855631350     0.573895903232154
  40000944     0.605474834234434     0.354167368800096     0.354649278070933
  40000945     0.357388482973708     0.268554133114662     0.903253379782949
  40000946     0.929653907470939     0.973890937824424     0.572168107052299
  40000947     0.932498048844347     0.598580482256040     1.090719386873120
  40000948     0.040568629506910    -0.081834584657491     0.219489277853305
  40000949     0.296539255694336    -0.082571835960919     0.780148292127008
  40000950     0.444609778184081     0.052860151232729     0.725637646342426
  40000951     0.826287642932381     1.058101254178989    -0.288775888946569
  40000952     0.940162745651542     0.577706296602077     1.063025143888690
  40000953     0.097357265853755     0.408554468380747     0.194525871010658
  40000954     0.662967964901406    -0.048273107217859     0.394198833100490
  40000955     0.364575265605206    -0.192905081877461    -0.254103826488699
  40000956     0.363487295980231     0.187145230816067     1.029732505374568
  40000957     0.984491388028357     0.897482392325366     0.400427061524284
  40000958     0.493736653962637    -0.157150925852183     0.741645585444532
  40000959     0.795459664908187    -0.190071486965617     0.764386964786523
  40000960     0.184761901836576     0.516517810952566     1.246529233467973
  40000961     0.083671793556741    -0.118546843495923     0.221299305668805
  40000962     0.389322227457227     0.867389164411636     0.811268287409473
  40000963     0.728698953030734     0.346421757416975     0.371156691073735
  40000964     0.415270738375767     0.747830935212109    -0.028568262419424
  40000965     0.295914704279118     0.056013580319968     1.154175680504274
  40000966     1.013144831211104     0.158437460889964     0.762935185877035
  40000967     0.085549829794188    -0.068162231702672     0.258346127121766
  40000968     0.970798839443145     0.523953135347186     0.936978610211541
  40000969     0.131998988792181     0.096866420511825     1.189086327106990
  40000970     0.674453314337418     0.388127321866030     0.161988727466214
  40000971     0.594032151624890     0.368805311456464     0.928119307949018
  40000972     0.547724332156874     0.267874369970354     1.240054448968013
  40000973     0.152930484817065     0.656950122011544     0.786229498107354
  40000974     0.336387812672521     0.088542903028687     0.790657234182060
  40000975     0.343402188164075     0.190851937436997     1.022440611322099
  40000976     0.358698553104943     0.094340026005479     1.137349391097995
  40000977     0.985754726648782     0.501031756476124     0.930646952271229
  40000978     0.555759404622158     0.702964591650402     0.946919361259436
  40000979     0.352853309171639     0.090037411727145     0.694497955310890
  40000980     0.773127359723568     0.278743467617943     0.435323695888130
  40000981     0.942932362603456     0.517054168186661     1.095200398294011
  40000982     0.986792464508706     0.942030365163402     0.533453860408051
  40000983     0.927347874751727     0.486953141428756     0.008288533461675
  40000984     0.361833429861238     0.076364225472332    -0.000772312141896
  40000985     0.697689704219965     0.333191764325091     1.162602415196780
  40000986     0.692769565612761     0.150399825061134     0.622561401144697
  40000987     0.914425822919305     0.270567572137175     0.855264991820497
  40000988     1.072117768509394     0.239360222160995     0.172896333701502
  40000989    -0.069074030969041     0.687602750298947     0.724028655097571
  40000990     0.434289972220162     0.025260936766911     0.699171452190000
  40000991     0.329636092971133    -0.027673277983825     0.646706956165556
  40000992     0.630366207318129     0.835822136819447     0.064608485557467
  40000993     0.872233216250194     1.186603188613693     0.711946408202739
  40000994     0.575978198187804     0.638744147340222     1.115872188614484
  40000995     0.991548579430453     0.550568181546308     1.029805280345649
  40000996     0.725326156304603    -0.154119484971085     0.415798598858069
  40000997     0.725791825516717     0.307109657531147     0.875446027250569
  40000998     0.308705927530204    -0.071350757585115     0.734816952224584
  40000999     0.604042923831226     1.093614852041844     0.675216445048413
  40001000     0.251153840061879     0.630548846961097     0.742470013965007
