  60000001     0.761354329560868     0.955709481633914     0.843452283593285
  60000002     0.357322883024827     0.345968804989205     0.073629675896987
  60000003     0.735845335785800     0.977780417754164    -0.288414603871614
  60000004     0.729937242523967     0.330519251598942     0.929713745545470
  60000005     0.428550994479930     0.328885432915510    -0.144702700451934
  60000006     0.042048703893598    -0.076197633813573     0.248911338434736
  60000007     0.392105133077206     0.805853556683094     0.657300521364163
  60000008     0.533032109044554    -0.056465364892438    -0.236831532260838
  60000009     0.893449892771153     0.421185457466331     0.281491639055840
  60000010     0.800798378471017     0.058791656265136     0.561076788408181
  60000011     0.866013773062460     0.061198698524579     0.426851847476564
  60000012    -0.006878165336491    -0.027588026375306     1.029536132790964
  60000013     0.209326435069900     0.169526116979710     0.664904527146390
  60000014     0.525428381973987     0.401806605938032     0.923810791071869
  60000015     0.695308581697797    -0.090332162089116     0.553959293003899
  60000016     0.469919428784954    -0.096462747553547     0.629340903884283
  60000017     0.806037517151910     0.297088180805909     0.433835644624005
  60000018     0.141118095869014     0.664223489310631     0.779907698151206
  60000019    -0.076345053015595     1.122830308757177    -0.031161126438293
  60000020     1.024978991717145     0.484875897088974     0.209028694224166
  60000021     0.950117457627390     0.511894889121507     1.073137454811435
  60000022     0.509124793059870     0.861588981858572     0.285032898553874
  60000023    -0.084831224093964     0.503079424743403     0.256228051966381
  60000024     0.479813983168400     0.655120260178426    -0.222474410926148
  60000025     0.514544364116008     0.246970270819640     1.288503840030089
  60000026     0.592107332413063     0.649404658298153     0.380939930345876
  60000027     1.087920812237368     0.727317065682528     1.292644911305328
  60000028     0.069095420435488    -0.184083464474909     0.834430128546106
  60000029    -0.037563008940358     0.241179743621595     0.781697737309858
  60000030     0.145165869206294     0.670730665950405     0.785319307178744
  60000031     0.399344237444711     0.179686071985115     0.142949263368861
  60000032     0.116410949095080     0.662990784874596     0.779442937113222
  60000033     0.809640154019891     0.386398365151705     1.241269913272664
  60000034     0.119399968474525     0.620291865603407     0.775946255247236
  60000035     0.595092589017915     0.165335792275005     0.721252335988260
  60000036     0.525958924185816    -0.045356500248545     0.779006343768015
  60000037     0.639500085281137     0.380690105659224     0.457141995413980
  60000038     0.894650798218834     0.765165411748333     0.286292289438294
  60000039     0.116838384686724     0.899408646052404     0.599969016788382
  60000040     1.059128441364551     0.715644291697028     0.139508940387847
  60000041     0.580069449511882     0.420158275835967     0.111000884821886
  60000042     0.990165645105987     0.934704791980508     0.346584942341265
  60000043     1.027764952212857     0.831770427299011     0.557445753139492
  60000044     0.610060679143943     0.730128152371051    -0.156738545873621
  60000045     0.590111016496020     0.728975794250005     0.166596083726419
  60000046     0.508415080533766     1.155083574063905     1.141260991822351
  60000047     0.699501575716806     0.172406642859967     0.431743761013318
  60000048     0.995300989103606     0.947226133998641     0.183690889057033
  60000049     0.553175435141010     0.109988138693053     1.062159218568133
  60000050     0.310925977358293     0.212579679662160     1.011430229211437
  60000051     0.069451939639176    -0.088886624301645     0.233627933778995
  60000052     0.984309778631316     0.065918660280948    -0.059397076718951
  60000053     0.991124373330437     0.659944007917641     0.318200904730352
  60000054     0.547949504855053     0.266572230678149    -0.255259284142090
  60000055     0.100369413590738     1.040623902402068     0.905757917149440
  60000056     0.562455892461589     0.380196078184681     0.971195789928180
  60000057     0.623065672668302     0.239946389346946     0.860819236067908
  60000058     0.817863973857908     0.995919575652837     0.303991740242794
  60000059     1.040358857764284     0.034172277504067    -0.145384828296006
  60000060     0.876983428690318     1.044531230405171     1.164535063552072
  60000061     0.748884179392531    -0.081772666023471     0.223659239853679
  60000062     0.559180036800970     0.725159779046825     0.943105656329453
  60000063     1.088981438947519     0.589226394331705     0.648140492693839
  60000064     0.713646655129379     0.332664486322167     1.215800170732708
  60000065     0.279758915984096     0.063137411271124     0.788120718877049
  60000066     0.620256654806604     0.501443813260906     0.337523713507320
  60000067     0.666076977148205     0.722466551349321     0.784272381671702
  60000068     0.806732032080173     0.372778090299868     0.918093286414574
  60000069     0.015737478256403     0.439707833407990     1.146575279576928
  60000070     0.076435325446062     0.469813558570556     0.033285609708940
  60000071     0.934108317184145     0.446341887563671     0.262166451207220
  60000072     1.055026259537601     0.995455989722870     0.232557544106902
  60000073     0.850896415378197     0.370969943117333     0.519190908773106
  60000074     0.337346040723320     0.628271100119071     0.416715524578114
  60000075     0.330222845394126     0.132062243266802     0.770241096122970
  60000076     0.281867698717606     0.047812814687077     0.631474382679954
  60000077     0.844891868419998     0.910539757646713     0.153331077984854
  60000078     0.132173564752574     0.823936036687270     0.192210925531270
  60000079     0.559997895038401     0.889369000888701     0.684130251459802
  60000080     0.771613185346232     0.221908943476546     0.433810650857232
  60000081     0.792149025776590     0.470640793111337     1.041361475117714
  60000082     0.581853782101503     0.729403393334590     0.979609763778042
  60000083     0.806139748208399     0.452466415063278     0.377892566514422
  60000084     0.756008932352626     0.255314398749988     0.334750805436540
  60000085     0.334103727142247     0.145337431253943    -0.170275721795238
  60000086     0.405376289284770     0.042965417888023     0.624178858278905
  60000087     0.944790067729998     0.517570446707849     1.018588726237716
  60000088     0.604639360530736     0.753938611665435     0.942707484170903
  60000089     0.649319988014623     0.189913899837934     0.699806947143398
  60000090     0.229298207278725     0.071538184525137     0.663231353908661
  60000091     0.739910825470135     0.943711595401257     0.201277050130419
  60000092     1.032334235208877     0.401632196174602     0.449200303529808
  60000093     0.794512548257170     0.516810510930193     0.953589742519174
  60000094     0.609661636024210     0.734536209981418     0.961623824819656
  60000095     0.881599425661918     0.434810625287166     1.174869652599212
  60000096     0.289846013375986     1.091288214958332     0.466715286470540
  60000097     0.015409642417839     0.247352078806264     0.021834799214218
  60000098     0.772329044521959     0.911474447281571     0.287489017830470
  60000099     0.036327224814264    -0.088436549674113     0.245468138595907
  60000100     0.499501814933861     0.529607882394295     1.130080093280889
  60000101     0.065534348826768     0.489234131869286    -0.138837804265539
  60000102     0.987483851179015     0.875898600695143     0.522177110016749
  60000103     0.271221721240311     0.153257562025602    -0.085014546313289
  60000104     0.152539015204178     0.682495974213206     0.799240959299485
  60000105     0.501351307816035     0.119038745244945     0.970068201219047
  60000106     0.753008704711124     1.199730705327130     0.382312135459371
  60000107     0.879562310649085     0.793202144049891     0.828132162822522
  60000108     0.276674910987386     1.191477714542350     0.060785425496995
  60000109     0.995536357061766     0.072398113276615    -0.233824155895609
  60000110     0.355438051753572     0.713441311122997     0.558479215898980
  60000111     0.278481678399021     0.009741486823346     0.549204211211619
  60000112     0.278222641810751     0.043477222862701     0.768779708765814
  60000113     0.703993113487572     0.290560416416435     0.295625103654847
  60000114     0.906767468932794    -0.099346678929188     0.736791076087255
  60000115     0.931231111158552     1.084254210904771     0.288528928679838
  60000116     1.026621506706642     0.011344274739516     0.250275231641449
  60000117     0.968627458164322     0.741469736352066     0.654695569216434
  60000118     0.409451785695465     0.142498172968356     0.431470390848219
  60000119     0.247509215022268     1.048299951275113     0.808099538145311
  60000120     0.902583003770372     0.122212113190749     0.462830973702505
  60000121     0.078999049851275    -0.096856248998418     0.235696371576585
  60000122     1.007404646099469     0.226118822034845     0.320914889666597
  60000123     0.735593712543746     0.507930465936162     0.193614380429345
  60000124     0.617136243432934     0.672635942748390     0.956570207030243
  60000125    -0.042768611088730     0.709275019900666     0.675937012314654
  60000126     0.891585920044014     0.973435138313886     0.866386977382849
  60000127     0.960487981329657     0.245173089570551     0.715451173884926
  60000128     0.544705529398507     0.839843353241393     0.614170433116618
  60000129     0.082856869057463    -0.095896201755447     0.276167619033613
  60000130     0.489465577588420     0.232277490502879     1.077583592692985
  60000131     0.827732090611341     0.293416132939052     0.907161697213247
  60000132     0.947020351545833     0.504426047686453     1.014478383255227
  60000133     0.083484010006956    -0.080433799814128     0.250129715939943
  60000134     0.919669186384568     0.732057486049780     0.653798848643814
  60000135     0.421636294211637     1.145225569009284     0.511631615961551
  60000136     1.056276806343630     0.054140532557052     0.945570916418744
  60000137     0.721018158027861     0.616383488562015     1.004703248495170
  60000138     0.560865453477602     0.718946290284534     0.489263398436581
  60000139     0.460407501796875     0.197044655604570     1.046570036318361
  60000140     0.811990782105148     0.051968966188278     0.553918536018917
  60000141     0.933123202581877     0.521916089380883     1.008473413911300
  60000142     0.459606911293214     0.469692855678352     0.692481325953942
  60000143     0.428132512291895    -0.055647440293094     0.315058048312083
  60000144     0.563387948679235     0.709584661330194     0.906148381375727
  60000145     0.561414707325944     0.912744420878104     0.579844081599045
  60000146     0.944364458242769     0.737551939678682     0.224434623091651
  60000147    -0.050640605055078     0.507379856582336     0.575114598771208
  60000148     0.790583645641763     0.391609650090237     0.503460301739406
  60000149     0.543487072806175     0.597130607250797     0.408298838538632
  60000150     0.393248935015283     0.064115356120107     0.642730151820865
  60000151     0.439996258543235    -0.113158363102738     0.829017993871765
  60000152     0.857339568472958     0.863437626280912     0.362024896605439
  60000153     0.820693880827914     0.694350583997820     0.519155138514898
  60000154     0.751410894571279     0.716180011235067     0.216915700677588
  60000155     0.201639829490996     0.062961316145978     0.776590798033816
  60000156     0.354286075249752    -0.073775035279135     0.170750258673809
  60000157     0.946816262919463     0.775287415563301     0.322970914679210
  60000158     0.543197882045310     0.733518466781344     0.906404862270525
  60000159     0.846439436862856     0.460726577838881     0.459935738091366
  60000160     0.857246434754306    -0.145921645768214     0.673867978575474
  60000161     0.570684192313751     0.662757577372362     0.974573074577614
  60000162     0.954150871807661     0.842075704242981     0.673528516086893
  60000163    -0.005182536740155     0.534576843195218    -0.159036991841185
  60000164     0.384298922899309     1.039001418857742     0.202329753450523
  60000165    -0.022352749620676     0.558475840257636     0.194671641477342
  60000166     0.214144563031243     0.877168538922910    -0.226932188027332
  60000167     0.224105663478264     0.103876822441686     0.042815828162267
  60000168     0.566442849016034     0.798021668154883     0.515182591476934
  60000169     0.912146431537708     0.379765301183771     0.414483031244410
  60000170     0.281673773564905     0.082340410989651     0.694228621667809
  60000171     0.721251293670018     0.322676547112628     0.936154914700924
  60000172     0.639699936110524     0.045126302172960     0.437705427393686
  60000173     0.712727317579740     1.063086206277842     0.693245772866450
  60000174     0.549898731648455     0.108971195694816     0.179443685289519
  60000175     0.438484124850231     0.564996822638717     0.868478229232196
  60000176     0.707504186744060     0.439203631369903     1.135193290185277
  60000177     0.542352100785873     0.378747810909148     0.945271029392895
  60000178     0.334793090924551     0.103270617824657    -0.110087497559661
  60000179     0.706625271848063    -0.151798158610933     0.988914557200701
  60000180     0.600092521470327     0.720465858114002     0.948752944804799
  60000181     0.361650079365144     0.158501838301411     1.081210074365845
  60000182     0.622641535276210    -0.099016013947522     0.953516659662899
  60000183     0.585558742487633     0.673471871986121     0.935416114286580
  60000184     0.598987876777190     0.354329626146421     0.976704941172437
  60000185     0.639812438065966     0.752817340350829     1.187808690700628
  60000186     0.072385024609231     0.065003884428837     0.337360603329530
  60000187     1.025393274006562    -0.114471495941547    -0.285943781347342
  60000188     0.407850226347713     0.341403816384418     0.052525631473869
  60000189     0.937951778737602     0.274971433812293     0.951199200900524
  60000190     0.923083349587915     0.553578709944018     1.022010936312200
  60000191     0.804217194389452     0.413335041610909     1.172803134410217
  60000192     1.050482450701793     0.947396148980543     0.523234236132004
  60000193     0.300707083917652    -0.079766368881770     0.580443521627740
  60000194     0.044502676136006    -0.106440719061439     0.258850261058417
  60000195     0.356810960003475     1.187337510182777     0.332900991351402
  60000196     0.568039140587253     0.715756498821615     0.980821684343083
  60000197     0.527845972836912     0.087845318515483     0.717712574145775
  60000198     0.162748951927442     0.313826257596057     0.367910969213479
  60000199     0.096747554177086     0.753074397250248     0.577498519552093
  60000200     0.574413942093959     0.709614619621445     0.917483831536686
  60000201     0.096170476310907     0.015690148118455     0.099463854596204
  60000202     0.646553056015404     0.096414969451272     0.545292510412277
  60000203     0.939080024304813     0.920352200547361    -0.248337798254425
  60000204     0.120975451035111     0.223700179508498     0.292893159981973
  60000205     0.284768370729630     0.813595421531521     0.020725709715805
  60000206     0.307644488827203     0.139049321943167     0.810167955306564
  60000207     0.563808165410115     0.924361138104220     1.202261109170062
  60000208     0.207740518093732     0.470848084599845    -0.181268864644365
  60000209     0.141947868387186     0.199617590250315     0.911680219571493
  60000210     0.195661246808270     0.355497910707017     0.710200669101557
  60000211     0.875864704250102     0.029073598741302    -0.123584790630967
  60000212     0.946396801456386     0.925944120786294     0.122627574905878
  60000213     0.223855308459299     1.040559187959307    -0.127698888324627
  60000214     0.961473094396937     0.604817615733153     0.972591711410965
  60000215     0.651240426760657     0.136549031106846     0.570676688431856
  60000216     0.969044799225302     0.562315483147122     1.044245120343286
  60000217     0.069935195146874     0.122995907217920     0.592044494071418
  60000218     0.700984872312690     0.165306886410720     0.549994015172557
  60000219     0.370417490015842     0.696297848223537     0.560163825465017
  60000220     0.410323176784736    -0.019531309983624     1.001345314659122
  60000221     0.450805627129944    -0.100074776146288     1.209987773218110
  60000222     0.514511899991363     0.487028730386280     0.818095275837942
  60000223     0.125303074545517     0.647111812256171     0.794363410352113
  60000224     1.002005232504483     0.741334702651410     0.056102681686177
  60000225     0.758407768535181     0.076321923964437    -0.183101615984858
  60000226     0.613399497579455     0.701736038423430     0.963436137250274
  60000227    -0.068220488485156     0.542895766766911     0.190261232136405
  60000228     0.257508368256237     0.734973409725043     0.466038051755112
  60000229     0.448898903197130     0.073901496688728     1.025473877557570
  60000230     0.274487333607895     0.159509077356403     1.047262194396857
  60000231     0.506464520397106     1.179982644996872     0.817481241155413
  60000232     0.099560615966424     0.047937150062056     0.545792170268897
  60000233     0.577219948057006     0.671805723963656     0.957561344097279
  60000234     0.571853754732490     0.670102983473228     0.351503409290449
  60000235     0.353735604647686     0.219699608505711     1.095893869185502
  60000236     0.377406449666747     0.028420434523840     0.521276262415955
  60000237     0.447628174967980     0.072118539188877     0.963850108229910
  60000238    -0.052122531153743     0.957594656202127     0.013517369312073
  60000239     0.084025213975577     0.640878604625158    -0.172212398029443
  60000240     0.683510162722348     1.139054663791724     0.176695840709546
  60000241     1.014848941894930    -0.099736718792043     0.462082048893833
  60000242     0.986997689555007     0.091810643150647     1.290810669757129
  60000243    -0.015166180974111     1.146786326226095     1.015722209297395
  60000244     0.630245142093623     0.474536510730911     0.563249754114757
  60000245     0.635197842089601     0.979422246096755     0.095873892348119
  60000246     0.621180335148397     0.305322068181245     0.918637507340307
  60000247     0.618046186156491     0.974518590339103     0.569014294084876
  60000248     0.151694490602310     0.798198123862044     0.421100435242218
  60000249     0.493407052837712     0.536829546331483     0.279805220166793
  60000250     0.844190724541455     1.133282595218839     0.117559218773532
  60000251     0.953303357749697     0.480986081866962     1.048999361820830
  60000252     0.932368687249443     0.533311363375476     1.019337623192350
  60000253     0.639166707583778     0.711135799081613     0.940409524004649
  60000254     0.426318032369013     0.239130645603983    -0.254269564497686
  60000255     0.682437131579969     0.329771311473426     0.449998511393544
  60000256     0.736490948342696     0.239970747192231     0.545859728959568
  60000257     0.381939584497375    -0.045475359522406     0.772655139883602
  60000258     0.968933548175871     0.890358568368366     0.883022586682769
  60000259     0.433438110373936     0.503226923191500     0.429202529251735
  60000260     0.539461908587080     0.107188078579468     0.938756456303719
  60000261     0.521357130170200     0.158218442258463     0.466620167283743
  60000262     0.307242876313134    -0.044464535384654     0.911946886953974
  60000263     0.432540795073848     0.368818389885712     0.012975657582116
  60000264     0.824517008460318     0.327874989499625     0.499448191895627
  60000265     0.722704270421919     0.357730527443012     0.379468626091992
  60000266     1.031550256464518     0.384891097086307     0.770483159080881
  60000267     1.045534479362194     0.965870065203275    -0.144296883130411
  60000268     0.577018879724257     0.684857479315256     0.909167732508153
  60000269     0.743068307450153     0.100783071026169     0.772856012577768
  60000270     0.615347603877427     1.114825571225236     1.233860118092754
  60000271     0.943656530761244     0.305916275467445    -0.002916815007086
  60000272     1.029450759144214     1.113550166981723     0.713681692154140
  60000273     1.070295151381907     0.990520341699949     0.507775709947247
  60000274     0.641005358073423     0.721315729121507     0.953467486307370
  60000275     0.196052057903881     0.304027117698110     1.234960993213626
  60000276     0.128347375238677     0.667530049580440     0.795080791024847
  60000277     0.800511890002250     0.309260555184301     0.349082549987806
  60000278     0.139943125021458    -0.118224017633509     0.291729842660179
  60000279     0.362463822876093     0.171532178716059     1.066508184684767
  60000280     0.245719977175029     0.189259108699078     1.008752974403982
  60000281    -0.016082275802114    -0.117035995322531    -0.200092401658435
  60000282     0.737198816910784    -0.045220570533916     0.391651014615826
  60000283     0.937968032901985     0.520988100542478     1.055445152991007
  60000284     0.598862699871672     0.681427191578245     0.796189061870995
  60000285     0.424157596883689     0.212662553978042     1.063121228650162
  60000286     0.301329460589923     0.766606961516136     0.355107352721168
  60000287     0.414226021716201     0.695333740521078    -0.235934519344215
  60000288     0.532957408437928     0.017962013127068     0.746601268432110
  60000289     0.967125006820149     0.529355444997795     1.069785159721976
  60000290     1.094559783546738     0.886462112375795    -0.060731534401303
  60000291     0.658566576662900     1.006155210457844     0.077311934667984
  60000292     0.454964189070630    -0.053903895839058     0.662210623643440
  60000293     0.265264882512135     1.071011615207767    -0.119346014858180
  60000294     0.663249296891371     0.282345728468911     0.998456610950743
  60000295     0.317448361530741     0.105600784613927    -0.086776731709512
  60000296     0.562407651821995     0.717040250935715     0.916771887085431
  60000297     0.197569317596102     0.798387115162989    -0.196405677206722
  60000298     0.812809681261977     0.016339425655546     0.699880794617506
  60000299     0.139362705222151     0.654763340174235     0.758069649534909
  60000300     0.499709543306469     0.156250869623389     0.919766289788417
  60000301     0.585658128130762     0.241261480117530     0.466259914382504
  60000302     0.076219525347681    -0.068560202476212     0.273866066332520
  60000303     0.370069078180674     0.052590451499673     1.040276948968616
  60000304     0.897529360063498     0.545020111624330     0.149811506025578
  60000305     0.925610385284925     0.537492983511366     0.938642616710206
  60000306     0.083363343914671    -0.090967782081196     0.245326530811639
  60000307     0.075741357832203    -0.069895470624036     0.228891355617564
  60000308     0.236521603966936     0.308085880658217    -0.120707282971113
  60000309     0.792091940611763     1.166122777047271     0.599725450702972
  60000310     0.561908141973669    -0.072798246001030     0.036989420563107
  60000311     0.745977331486735    -0.089742589583286     0.293531857133211
  60000312     0.870114260388785     0.224219676104384     0.747797028576003
  60000313     0.900009214511375     0.728810332524955     0.394907765007073
  60000314     0.978994634891273     0.491007923055265    -0.221153094513105
  60000315     0.596974381051982     0.739973294480099     1.055130389511201
  60000316     0.366287749585688     0.610794190091252     0.860243800838687
  60000317     0.111639500260139     1.173331648286836     0.442113957066698
  60000318     0.750739159798740     1.069584578138747     0.282558721687326
  60000319     0.652849470782613     0.732267087001706     0.719323098369812
  60000320     0.503176046955298     0.194160193655156     0.968076408530256
  60000321     0.905012092092617     0.735098753195673     0.629535958843523
  60000322     0.205712709775026    -0.062629247191184     0.897491878888446
  60000323     0.523696003113920     0.133004373588761     1.253265030819767
  60000324     0.947833856389210     0.571900494497019     0.612123588681405
  60000325     0.095625955184737     1.069599684850215     0.478850240614163
  60000326     1.033166837268207     0.190041731926389     0.767256464990542
  60000327     0.900549203789342    -0.051669507324999     0.633646423498095
  60000328     0.643533702008629     0.857537129217515     0.116062601168099
  60000329     0.783155355114865     0.852910331987661    -0.250581316265939
  60000330     0.812888124715498    -0.168718583200462     0.384424452997855
  60000331     0.936909141187731    -0.147617039585308     0.659039593385693
  60000332    -0.054757785941328    -0.075126345081690     0.874361969725907
  60000333     1.028704234635868     0.288796553714495    -0.231258596983479
  60000334     0.599533475063113     0.957315111675599     0.814306564779965
  60000335     0.979411009567382     0.482113285983268     0.677522054969495
  60000336     0.159969158164088     1.097073645546325     0.178159924985472
  60000337     0.720633302405203     0.154815849251610     0.454788571051328
  60000338     0.766728794126712     0.100735132858892     0.379644758788518
  60000339     0.336280185703179     0.454002271625120     0.596354139690995
  60000340     0.421037778766844    -0.159387386041381    -0.063671596301472
  60000341     0.519913126303898     0.434518744017701     0.448855152752821
  60000342     0.273692656980139     0.178770280588783    -0.001973198171953
  60000343     0.376940646565993     0.649839423311046     0.556039464976771
  60000344     0.865638189037040     0.261260514329145     0.855393295738399
  60000345     0.838208190057085     0.826667542280337     0.559238726931622
  60000346     1.043225280374587     0.835271363996106     0.829149635012438
  60000347     0.715855274488441     0.240939938255664     0.567400972828064
  60000348     0.525760029206833     0.102487367252097     1.088273990608725
  60000349     0.600969847961328     0.712279955554442     0.936244003502273
  60000350     0.363869177481603     0.172887691736840     0.089544803046591
  60000351     0.939306458200112     0.220799980273481     0.362616300566100
  60000352     0.845835213047687     0.916401268496228     0.608613189864854
  60000353     0.144616901527672     0.669374881283662     0.797957172349271
  60000354     0.382217278252731     0.382979071812276     1.115009533098633
  60000355     0.916214742926316     0.302481999183217     0.157364271352846
  60000356     0.434115087004704     0.133646146257209     0.867455624840008
  60000357     0.637928518314614    -0.045234680677386     0.661973246407849
  60000358     0.593228468828924    -0.110747877774641     0.521875822315199
  60000359     0.241650941835582    -0.043281383263644     1.148041415643021
  60000360     0.430618507171949     0.020260347794003     0.867559719219016
  60000361     0.594695461322372     0.740472650951935     0.958195312740957
  60000362     0.402255342069351     0.327022624123217     0.992178692389970
  60000363     0.104336947737456    -0.120444551080366     0.240473256488458
  60000364     0.849382708864177     0.514007598658355     0.495932037579827
  60000365     0.942023860882638     0.552457148752620     0.270087850336324
  60000366     0.970833663739879     1.038367598604034    -0.281435510794824
  60000367     0.739690760776544     0.988541203425078    -0.155398991947343
  60000368     0.883001033576715     0.220876573058388     0.529281652838866
  60000369     0.856019025637156     0.925123744893263     0.369778129291484
  60000370     0.497722494285014     0.259386209134647     0.420598574251745
  60000371     0.357187103161072     0.162954103192120     0.006619154234929
  60000372     0.288311847178845    -0.091847894905429     0.708605937925329
  60000373     0.951925917475125     0.453259637297964     0.954501690380863
  60000374     0.745114823173402     0.581816406821291     0.530344132960898
  60000375     0.589547187396442     1.169588391336551    -0.104899224625165
  60000376    -0.070310157741000     0.802098648144669    -0.195532497634258
  60000377     0.577030814797002     0.683025342136270     0.919376171715834
  60000378     1.013654872363141    -0.162755890020633     0.497441341208035
  60000379     0.946850381962148     0.698302324733392    -0.290321472733066
  60000380     0.854710428760709     1.119553476742219     0.668938253210850
  60000381     0.626860478926923     0.852373802971496     0.026595837635634
  60000382     0.579276993630048     0.706974505110922     0.900451932214919
  60000383     0.846433570026982     0.617482223660754     0.613469980195739
  60000384     0.710866867460451     1.099304960776988     0.829417532077728
  60000385    -0.097502000049607    -0.015356676132714     0.151410147494393
  60000386     0.818308911195556     0.400666551968549     0.423079504113454
  60000387     0.415469639201811     1.083323943405270     0.621554152744320
  60000388     0.329222337035932     0.072677712956105     1.052412990123822
  60000389     0.164827532235133     0.162710338615657     0.945980112004751
  60000390     1.053861795307321     1.123494039885278     0.042063246420119
  60000391     0.697020346853957     0.424304019745008     1.014216350354317
  60000392     0.529794176569619     1.116121436630104     0.179552797222585
  60000393     0.970794007729195     0.524903245547034     0.996266531243877
  60000394     0.965657182028952     0.550053004213417     1.046639643605362
  60000395     0.853551819621288     0.265078598365998     0.430590168670411
  60000396     0.761128929689481     0.259070950936351     0.421843867554351
  60000397     0.161830537613995     0.638705058373611     0.772075533334305
  60000398     0.428682267329323     0.217018758704649     0.892250841167266
  60000399     0.059204456239413    -0.070898582726777     0.259475309507848
  60000400     0.761894041570924    -0.198036836525327     1.097760005279942
  60000401     0.446160849118169     0.090175955944717     1.007147082435289
  60000402     0.927879536616975     0.728700955856870     0.437856038409838
  60000403     0.379824564357605    -0.067289749942105     0.793173596371713
  60000404     0.988645614634680     0.537844854595603     1.120321196802500
  60000405     0.789222671749713     0.562825618402115     0.441442410119856
  60000406     0.361573420071770    -0.016052506775633     0.496926012560806
  60000407     0.454808924194272     0.567847412153244     0.766689227830251
  60000408     0.139024999365297     1.060126741276548    -0.151130271188697
  60000409     0.989682127492657     0.733645612340875    -0.122115712246469
  60000410     1.036414149992691     0.170729540371401     0.592615758936813
  60000411     1.063896301174910     1.186007852590220    -0.100505330171326
  60000412     0.134252547230889     0.629179006860334     0.793338665633826
  60000413     0.534295916864495     0.124784522594001     1.202435201163388
  60000414     0.468177310999236    -0.199510100755521     0.629012951710070
  60000415     0.336636190579161    -0.050069022105335     0.484502550959976
  60000416     0.349247985906503     0.150323118177696     1.123991065641029
  60000417     0.154439015909323     0.625058608825627     0.780563805275759
  60000418     0.408365973533867     0.037891338726507     0.979922227347212
  60000419     0.533628120096627     1.020111890302017     0.062034082773113
  60000420     0.569450480921747     0.508922867968881     0.353548399746384
  60000421     1.029650467761653     0.170186170612782     0.315767881599348
  60000422     0.593495117340119     0.791528575764685     0.966858141422254
  60000423     0.842888121497510     1.060850978401553     0.944041164976588
  60000424     0.651432541288415     0.331579235133706     1.158874666383206
  60000425     0.637951128959247     1.165892562104876     1.069314209550088
  60000426     0.132100396759483     0.262790424237953     0.764413293662969
  60000427     1.076240908044038     0.903077248256794    -0.088391937831509
  60000428     0.975060006120289     0.970250573217431     0.492955302580093
  60000429     0.567289566245603     0.713494906944210     0.985655057314502
  60000430    -0.028619488532297     0.932822016103319     0.116413067758830
  60000431     0.471966042292775     0.130202175908246     1.064866755377800
  60000432     0.564766875543682     0.346355691422763     0.406108235854399
  60000433     0.734603234219322     0.292287368353261     0.546460386331021
  60000434     0.583558772975963     0.696111061299986     0.953494543865087
  60000435     0.536426156284469    -0.019963509321977     1.083146406930789
  60000436     0.938737260602336     0.556052629507210     1.066994108567289
  60000437     0.264674767792814     0.410247667832664     1.154369287003482
  60000438     0.219879264374362    -0.104495589550271     0.546680789287368
  60000439     0.640725077963114    -0.175839098977661    -0.151642854977574
  60000440     0.986852829186946     0.806433950480100    -0.129227946886455
  60000441     0.917970360651166     1.004057463291485     0.264400605463283
  60000442     0.476605609760838     0.289584112522818     0.940703828019063
  60000443     0.495914001600963     0.931374956321558     0.413177274068689
  60000444     0.411971685313246     0.096828988109114     1.050141225290054
  60000445     0.595424155621770     0.702988546597574     0.943958342553549
  60000446     0.652478726994064     0.356606592231578     1.006657218828382
  60000447     0.055237359869070     0.403645284678393    -0.172331947923018
  60000448     0.758960898591091     0.155604414057112     0.387674472817301
  60000449     0.084416564255634     0.680732613801151    -0.128336403599593
  60000450     1.003689140244162    -0.072978107715455     0.269404171165607
  60000451    -0.065888562842264     0.009591820708134     1.194223207916497
  60000452     0.569892388480661     0.592558904789033     0.916418474934609
  60000453     0.216937631654401    -0.031311299832552     0.882971283040533
  60000454     0.316036749519812     0.792392756368784     0.699674801744449
  60000455     0.116167191845915     0.639500853612658     0.779754571978567
  60000456     0.875942556002801     0.552730865824190     1.009725654853865
  60000457     0.014111001146642     1.196835395941872     0.412671689151734
  60000458     0.746210162759614     0.176504361784213     1.031408395040969
  60000459     0.143814260874654     0.667583944578875     0.782011071119487
  60000460     0.154454949085082     0.638245393258239     0.786941109764610
  60000461     0.856284169352145     0.262287269223833     0.307878790460128
  60000462     0.575836622960075     0.619414826262195     0.630623088843519
  60000463     0.371516306376439     0.181974366560264     0.926507021575936
  60000464     0.386633809699608     0.608662852040471     0.297805574070477
  60000465     0.061322318376750    -0.088446571616076     0.242321330581674
  60000466     0.443095220651410     0.267728436887362     0.871760070313631
  60000467     0.087687107461556    -0.081496337035742     0.256032544204720
  60000468     0.417444414847567    -0.049127484127795     0.575450794919104
  60000469     0.958977971699517     0.548678175858871     1.071717975334761
  60000470     0.592144450915707     0.049859400481299     0.758888031028756
  60000471     0.427511882908216     0.070765085866171     0.819306641224459
  60000472     0.524241083366532     0.379746280122800     1.022735231205265
  60000473     0.092373017125020     0.995339523576216     0.733883906523839
  60000474     0.434771664841111     0.146460064792434     1.227693322803191
  60000475     0.090487300607305    -0.111120001430211     0.235456729726695
  60000476     0.103949160323475     0.672564364399629     0.780627156042299
  60000477     0.338206439037787     0.085014193072046     0.078532657656740
  60000478     0.779532943628883     0.149058963805647     0.405243356370268
  60000479     0.652644951021115     0.661370625931646     0.495139416415334
  60000480     0.053451670533545     0.078904398884573    -0.225525459378456
  60000481     0.665106812913351     0.537273245885609     0.437760718427072
  60000482     0.309378961646754     0.122001096326847     0.906503038738919
  60000483     0.683953381402354     0.550502599318430    -0.290211093019214
  60000484     1.093522492630451     0.029259889015442     1.083490175717273
  60000485     0.071930414088201    -0.087920588682641     0.235553111753512
  60000486     0.239419026008033     0.244994265365277     0.250523812077157
  60000487     0.598862271718135     0.712092983297672     0.909398540230075
  60000488     0.136608085954988     0.683143895371277     0.796800795559030
  60000489     0.646510611797050    -0.007650487021931     0.419596439287578
  60000490     0.016580554134511     1.066611563769324     1.246566404782999
  60000491     0.376746301705870     0.908278591290849     1.019655910135014
  60000492     0.762681237942715     0.434877936104466     0.914614510391818
  60000493     0.412362708810794     0.319309908426152     1.014400975324685
  60000494     0.986652993511927     0.346835194008029    -0.080454360489438
  60000495     0.164190891344217     0.682118101732895     0.796829829085091
  60000496     0.707835129911834     0.434339617327357     0.407479424503936
  60000497     0.561737639100573     0.271901162923530     1.057865308398634
  60000498     0.330300975103075     0.228484303682499     0.012853073764798
  60000499     0.671811706389967     0.537666465916721     0.466475240478269
  60000500     1.076574835968565     1.059647999383434    -0.110572248167412
  60000501     0.268778323932958     0.466122039930549     0.881059552965319
  60000502     0.304353119639737     0.571913256989313     0.491165960285550
  60000503     1.016543650192882     1.179995415527892    -0.221876976180294
  60000504     0.387161340022629     0.073183926950618     1.147951969955515
  60000505     0.130970607548220     0.648927294759140     0.785158791101874
  60000506     0.733786946975929     0.874866393011126     1.124459749452392
  60000507     0.449629251651313     0.256557142620206     0.524782190718065
  60000508     0.805465185149844    -0.115401052605373     0.466083852973295
  60000509     0.421295133160008     0.060766033523208    -0.075650314390046
  60000510     0.516752339518198     0.121636140200653     0.644033772589434
  60000511     0.439686449551962     0.556779188207533     0.669991119073592
  60000512     0.439279178144556     0.211924412764074    -0.089607887745752
  60000513     0.091458467937954    -0.100309246266592     0.257752718923045
  60000514     0.766109819371004     0.725714440582982     0.196975368957931
  60000515     0.334821222119299     0.112648413447786    -0.005711735576330
  60000516     0.237184559644600     0.631164421282807    -0.285579570403825
  60000517     0.667259766386438     0.532756716736486     0.473446010671271
  60000518     0.924165390709048     0.379529607868923     0.924068226756529
  60000519     0.855276824870325    -0.138156813749638     0.608880920533544
  60000520     0.652479678098194    -0.047749445701343     0.644526916091112
  60000521     0.846630834742443     0.194457368609287     0.730450839878322
  60000522     0.924917186814392     0.440512816353799     0.202424886990762
  60000523     0.863366097354754     0.334507864058977     0.281541448058026
  60000524     0.654681082031881    -0.150212222499174     0.568796760379915
  60000525     0.925630687383765     0.292723534986173     0.324735814634249
  60000526    -0.060621985907563     0.083460484021974    -0.190722142822236
  60000527     0.993909216073310     0.998117266041066     0.350629125903251
  60000528     0.405571446586997     0.085276943224571     1.202780690781515
  60000529     0.050513756373037     0.129036004039220     0.980216039520459
  60000530    -0.013114095841388     0.929005811288389     0.287829019040938
  60000531     0.126297578586824     0.647838260545423     0.768094758570412
  60000532    -0.059597852481570     0.441348025442214     0.332829994302055
  60000533     0.358748102557432     0.108982336444697     0.770202866344268
  60000534     0.438456403904181     1.097373802651973     0.942674733558172
  60000535     0.639214713706324     0.658087438986766     0.513857256012477
  60000536     0.850273248173082     0.230461433515262     0.867593436590416
  60000537     0.185809987439846     0.086687318359255     1.187701690188527
  60000538     0.801963968489626     0.313027964455847     0.436224525322905
  60000539     0.177348025050634     0.941311752324676     0.502749070205044
  60000540     0.055121948156750     0.329919544926179     0.536883205170810
  60000541     0.702248309156320     0.309758994383513     0.508013951749622
  60000542    -0.020011650604320     0.302431505042590     0.849570605761272
  60000543     0.073622795130067    -0.091928991965361     0.237284000705409
  60000544     0.418732806343772     0.072024259538362     0.424531289381280
  60000545     0.415643776004586     0.439094536934594     0.622289598665454
  60000546     0.144493324989278     0.681653901450637     0.773074275131518
  60000547     0.343363867038767    -0.095146760706784     0.763019107513664
  60000548     1.041319612925001    -0.104160017584823     1.135226157584969
  60000549     0.304994360865022     0.087419032681652     0.089200431734459
  60000550     0.577409271559916     0.653465395551834     0.574098921868407
  60000551     0.592366895171843     0.003938100933425     0.608221040673869
  60000552     0.346400135581963     0.462082744617440     0.592227044866340
  60000553     0.918977794137469     0.349400991908640     0.489436543696920
  60000554     0.689401989734919    -0.106412121726028    -0.181095475662070
  60000555     0.603681378730792     0.675595782921248     0.985815614023864
  60000556     0.153477159260914     0.627271967969236     0.777631435945856
  60000557     0.757309215393308     0.920679799031527     0.285464107404269
  60000558     0.859708280488388    -0.141945227577223     0.998271436611340
  60000559     0.508816217398692     0.151696299811340     0.579394108455704
  60000560     0.811949709716022     0.510169232034055     0.477655791430712
  60000561     0.372147596019227    -0.025095387569810     1.087885617002502
  60000562     0.901904284948679     0.199784226004666     0.312406444730641
  60000563    -0.076028732740609     0.391309871243018    -0.226450138098561
  60000564     0.919848386069398     0.975153568225918     0.133439520636966
  60000565     0.208129958649734     0.108919967710376     0.951242317225041
  60000566     0.464096217562275     1.045275830487327    -0.075344026902567
  60000567     0.375062222180064     0.188491834471234     1.207711021412189
  60000568    -0.091974872637365     1.160331835631199     0.820238727769342
  60000569    -0.017896289408699     0.226899758536012     0.328393287818172
  60000570     0.639159428486477     0.444948847470367     0.709931913518953
  60000571     0.119137725673248     0.711934759276866     0.763691844030070
  60000572     0.602863498198414     0.251464751012540     1.133873378145180
  60000573     1.058750843091595     0.997634081036097     0.062800985214664
  60000574     0.804641836491191     0.025802928232691     0.541841272428467
  60000575     0.076207293021993     0.579257492977684     0.904784611213765
  60000576     0.380505645484691     0.216907589145270     0.539915165091147
  60000577     0.224596052994590    -0.046980299187841     0.493178034230047
  60000578     0.700873694937068     0.727015542020863     0.491962565025582
  60000579     0.500047385916397     0.057451528208997     0.745509033679941
  60000580     1.010245146280170     0.634809821477759     0.998775582779025
  60000581     0.052907523447230     0.038720340581077     0.868172049012115
  60000582     0.687392672849468     1.145403945429779     0.414742514750011
  60000583     0.885713959073091     0.520369807520195     0.972402373951853
  60000584     0.713094251203093     0.068476042938400     0.632374181049307
  60000585     0.595055267754909     1.015420744292013     0.412677533253605
  60000586     0.185658675877730     0.714079961382521     0.005515012183805
  60000587     0.741945495450186    -0.001984916094914    -0.191570155649329
  60000588     0.677469604352513     0.796172803379893     0.024082402174457
  60000589     0.210571197506974     0.079740166071540     0.667346796348129
  60000590     0.266306518905543     0.823001895910332     1.165497419084093
  60000591     0.141643760185835     0.678337574907776     0.797150154913290
  60000592     0.441653696211972     0.471592459469593     1.045614553388142
  60000593     0.570143036661371     0.705522255398917     0.943809410901541
  60000594     0.688653029764703     1.141810771719137     0.478646792186089
  60000595     0.172295617619639     0.647122359613547     0.778183362268880
  60000596     0.889301790970374     1.075611488073263     0.451751748997144
  60000597     0.393045388887519     0.131057513691237     0.646879943737294
  60000598     0.809470439272712     1.133328473272065    -0.217495332077997
  60000599     0.306369780324140     0.063548553242351     0.484454808718981
  60000600     0.679937164734664     0.021267002551014    -0.224607033787352
  60000601     0.439890515969716    -0.117317656066622     0.718338911870718
  60000602     0.095119793159093     0.550121095899514     0.236277487713302
  60000603     0.002051193323233     0.173239551017353     0.574072716034090
  60000604     0.116483035391987     0.637963030794962     0.791934861338801
  60000605     0.545471015867117     0.669652218732873     0.332645730661219
  60000606     1.088545930310892     0.594671070188615     0.345721900140960
  60000607     0.077377807019200    -0.081891959022857     0.249889340693132
  60000608     0.837743077844160     1.084210780921366     0.191352771702069
  60000609     0.402708408060351     0.071945006662941     0.498428442439715
  60000610     0.478760645217722     0.937402714057560     1.107865187175024
  60000611     0.981276186036910     0.672578984825724     0.575775561781530
  60000612     0.457627724892931    -0.039751630632491     0.713701717351572
  60000613     0.398578785137616     0.197231276061207     0.624755997402033
  60000614     0.393201648930901     0.144822155198227     1.074054279513293
  60000615     0.896050476018530     0.769780453025009     0.089265963490315
  60000616     0.736911991261947     1.089494075331048     0.117933241165520
  60000617     0.449791861356720     0.173269086875082     1.023319993025082
  60000618     0.936835868255776     0.940926482746195     1.264836996152277
  60000619     0.773600083426478     0.465082935460567     1.054939245783233
  60000620     0.210193447095561     0.162785801671539     0.789829192036600
  60000621     0.480298167674673     0.952045742922500     0.632042728903941
  60000622     0.633734853173714     0.266134649262951    -0.057309617547125
  60000623     0.237215781081414     1.175278474746194     1.205861529714286
  60000624     0.423100183380416     0.067599325122994     1.154116634607416
  60000625     0.217488936652900     0.287935166487752    -0.278990961115987
  60000626     0.011197964827353     1.193572198887269     0.474401392738695
  60000627     0.589065152091740     0.163000330194431     0.707272562674782
  60000628     1.056632154922745     0.559369289797723     0.996505812932521
  60000629     0.658983911313571     0.326806524015585     0.966341523988868
  60000630     0.641161024796955    -0.141667654072676     0.084686255697168
  60000631     0.980283265024820     0.523675883271264     1.076369443759760
  60000632     0.925267400716027     0.521965526406492     0.982353404242695
  60000633     0.343606554638348     0.097993553883062     0.883765845114431
  60000634     0.815715337102489     0.609779785479457     0.917134279421621
  60000635     0.698873608727254     0.434869389398718     1.141591880013847
  60000636     0.795610061154316     0.402410419657205     1.015863025720358
  60000637     0.866819574982274     0.525326568468016     1.070656394056160
  60000638     0.573538040536110     0.689189483041246     0.946772427651161
  60000639     0.162973502354381     0.662528437108537     0.758425867376046
  60000640     0.161971944492967     0.671309586569708     0.796457744642312
  60000641     0.017783082789775     0.728068464446132     0.533823407961123
  60000642     0.151375685401137     0.683261745354461     0.796120450831778
  60000643     0.608354000187673     0.708415212800233     0.942371547662625
  60000644     0.234600453756772    -0.063859297521584     1.015515218776983
  60000645     0.843626802402828     0.760418974213661     0.191949340553333
  60000646     0.960854094475824     1.085197994350660    -0.211834476422488
  60000647    -0.093673739831378     0.829240371217412     0.690360966247806
  60000648     0.574343942910403     0.672881185589923     0.902054979892984
  60000649     0.444631275005236     0.427296446276010     0.944108849315112
  60000650     0.263508280017275     0.135757872052337     0.676990304607703
  60000651     0.114414603602232     0.033140522395023     0.201267975292624
  60000652     0.398648218671061     0.620829068778880     0.909097531740173
  60000653    -0.007912260684096     0.131637053531110    -0.035347446097709
  60000654     0.162183130944216     0.628862283236380     0.806523981547948
  60000655     0.054145734324182    -0.096874780936455     0.246247314601860
  60000656     0.070709243334470     1.057317970600502     0.727079460279785
  60000657     0.779825255802056     0.329489699681875     0.721347036226575
  60000658     0.254449527398248    -0.021531889981367     0.621327670509531
  60000659     1.022600294946791     0.530841440844019     0.419113042005200
  60000660     0.314371905631028     0.449439391184640     0.123729294235706
  60000661     0.611834265415669     0.522561038761911     0.632817030038728
  60000662     0.063022965068152     0.388502786138432     0.283626602497425
  60000663     0.402647285939484     0.313561234155977     0.915555186868273
  60000664     0.561570704314458     0.706702337009301     0.930308109882352
  60000665     0.659790584981387     1.069662746449905     0.605321711241361
  60000666     0.933646483483046     0.410821702575031     0.540545393819678
  60000667     0.235188372258335     0.822098452941416    -0.279318430098675
  60000668     0.805731696943864     0.906292469274313     0.612965038596164
  60000669     0.983685748404237     0.687062793931239    -0.034734276822051
  60000670     0.924078682176450     0.648294369267171     1.091886956822847
  60000671     0.001573551674707     0.590773241188163    -0.114507822622050
  60000672     0.757687924013950     0.125078688779902     0.405249960965751
  60000673     0.815412507204092     0.428957587902802     0.794381234803430
  60000674    -0.098614321735226    -0.193716944261266    -0.235607789353534
  60000675     0.850412760719257     0.293252179232628     0.429847479009465
  60000676     0.483556646532225     0.141847232850286     1.223615138055590
  60000677     0.748808492427486     0.302328528826744     1.041709710363786
  60000678     0.640738289531534     0.817550143779288     0.650229810386710
  60000679     0.509850875591508     0.709751862664832     0.566683159634286
  60000680     0.487821004551922     1.085897552156041     0.999350054830977
  60000681     0.185890339785297     0.154737030314458     0.724421292600254
  60000682     0.868390859297528     0.374762968725743     0.478805276072816
  60000683     0.608769521372578     0.698056973860550     0.956533377498258
  60000684     0.074504312868777    -0.093299833594208     0.248377355212764
  60000685     0.284213890098835     0.606395451251709     1.191487258028765
  60000686     0.393612531508200     0.080886721630309     0.717800894900146
  60000687     0.340796899206358     0.021885508769519     0.738238077520358
  60000688     0.174656255616943     0.695176677386554     0.770367559718031
  60000689     0.383135441874122     0.535306816281039     1.285852831262059
  60000690     0.152997109753904     0.658821360069136     0.780231006232904
  60000691     0.419697181427327     0.234449764747575     1.015841497987015
  60000692    -0.084046564030659     0.627268567444148     0.977756860928894
  60000693     0.293778696521101     0.138962430391060     0.893393994229277
  60000694     0.790008459870606     1.109625086302156     0.646601080884108
  60000695    -0.018082187460247     0.567518800780327     0.497587441282707
  60000696     0.885915590976342     0.626559011081842     0.672004689978241
  60000697     0.293496991635390     0.941042027265891     0.529184175659072
  60000698     0.583056977011949     0.836695407525511    -0.015152024860240
  60000699     0.391530920222415     0.223438163752989     0.704154691607734
  60000700     0.500418033639076     0.658656532527942     0.352455704292188
  60000701     0.754239919405245     0.427025103878854     0.485015946560106
  60000702     0.584441881913810     0.740583250060737     0.996904330915870
  60000703     0.404824509264134     0.817481959270231     0.858893567796446
  60000704     0.052433640355554    -0.126068918729929     1.225707008189271
  60000705     0.280012087221360     1.170380618321589     0.468804217462771
  60000706     0.670798784508990     0.380648131661320     0.348830372126587
  60000707     0.644302113168240     0.367765670399979     0.896079838491455
  60000708     1.019096798432069     1.042089823982297     0.598705451566279
  60000709     0.586042090371339     0.263120145839557     0.800118290795656
  60000710     0.911781248279271     0.339308286691513     0.808366040570667
  60000711     0.406669366194565     0.026640021340941     1.097862349001850
  60000712     0.655716509136370     1.002203936789934     0.245942563378477
  60000713     0.250628935412048     0.719435507972153     0.275241334148859
  60000714     0.333435172754119     0.534853757860744     0.642622086351254
  60000715     0.540028214179664     0.244952369979204     0.875256651869375
  60000716     0.055220295680746     1.088564962001604     0.660835760890358
  60000717     0.087789609307300    -0.092159033468734     0.241928005128192
  60000718     0.204176914654210    -0.016120475154774     0.830357990531375
  60000719     0.340131234940944     0.085640046192948     0.666101977820062
  60000720     0.415936411495862     0.548638449823050     0.657478254639386
  60000721     0.182360522071061     1.181406596661751    -0.185203216571380
  60000722     0.888016556176956     0.500974551558669     0.466286853787228
  60000723    -0.055003815102267     0.694974075283919     1.294077933878633
  60000724     0.961396829655631     0.581857591344795     1.044943606518621
  60000725     0.177824124622217     1.025865804044070     0.280806676793831
  60000726     0.770155615192544     0.804739119648476     1.208324362880247
  60000727     0.843324509284474     0.149186054155827     0.960443288803356
  60000728     0.573634901291880     0.669207799706729     0.970845081719758
  60000729    -0.019163258155943     0.575276071926328     0.593170880851233
  60000730     0.394099192064597     0.161996212694527     1.029806150302292
  60000731     0.533926610757482     0.087561177378938     0.653829631184955
  60000732     0.557130393525683     0.684813022154002     0.939247049568642
  60000733     0.402156627888010     0.237623166237416     0.710178535229233
  60000734     0.436859468951271     0.639362518059684     0.742955063138178
  60000735     0.922416195920415     0.605191996459785     1.085009226185117
  60000736    -0.003937371347498     0.887751700587785     0.238485520934852
  60000737     0.498024898786339     0.776276724505774     0.252582965391100
  60000738     0.825204672087541     0.337814811758083     1.097354876240176
  60000739     0.995097654078770     0.098175071686812     0.247708298225639
  60000740     0.857893388068714     0.539124052289973     0.591603000160069
  60000741    -0.081277161234729     0.306057111903750     1.184859240092159
  60000742     0.336250069817627     0.574774024799097     0.138044977211679
  60000743     0.539967740163325    -0.138008775970573     0.959014968569903
  60000744     0.384114141395425     0.011841615984256     0.976623759601858
  60000745     0.012321490098935     0.249235379611825     0.357560168746584
  60000746     1.096465861207285     0.824116905433072     0.182972132184088
  60000747     0.118031431433118     0.018480683640599    -0.047827768827638
  60000748     0.865848920097775     0.283113820321037     0.138032501593575
  60000749     0.732447210853542     1.084546999308270     0.816802844121249
  60000750     0.809452374644419     0.371756690968311     0.392330150952621
  60000751     0.270848795641230     0.013917950284670     0.675198976661147
  60000752     0.488913026342064     0.110350108411291     1.105639533682678
  60000753     0.079110777325703    -0.083276807224072     0.228404188906685
  60000754     0.971967536272141     0.457359214051938     1.004437484980103
  60000755     0.650036195436014    -0.095733890196805     0.751962102013408
  60000756     0.400822696188325     0.151604834022250    -0.074950840952287
  60000757     0.543212189150618     0.713194458238465     0.967844767151643
  60000758    -0.016403670684838     1.065549790401929    -0.133061226794993
  60000759    -0.085454157312503     0.673258084764162     1.231448823209434
  60000760     0.511516993020227     0.177556026880537     0.546935139259426
  60000761     0.742287563568813     0.370459350892716     0.546866557676649
  60000762     0.884904442817452     0.394785759389151     0.845645221764674
  60000763     0.880978489747336     0.973899118147032    -0.040733685960039
  60000764     0.381880254138862     0.523067298560138     0.319032892826365
  60000765     0.737283305613177     0.235849607163791     0.593362842437076
  60000766     0.696750941515430     1.149453393289469     0.523241569205671
  60000767     0.179296505871500     0.660868231844361     0.770469712964357
  60000768     0.842910404953082     0.370429827411554     0.582368087376118
  60000769     0.514313753927538     0.872926175000264     0.605135799889684
  60000770     0.192883679051690     0.080990712468674    -0.033545737311339
  60000771     0.918741414465714     0.458649481610792     0.379235374882722
  60000772    -0.002628093535588     0.318736003371014    -0.140019004003509
  60000773     0.126899652397169     0.170529488176202     0.311539739760398
  60000774     0.525307687899536     0.586713330999199     1.255991393443701
  60000775     0.386486885138343     0.048791690228789     0.754524780301381
  60000776     0.619446480202002    -0.057964374075467     0.526532742286316
  60000777     0.382000594439714     0.189458735524866    -0.040114863904331
  60000778     0.517084994777826     0.351182610688833     1.002019581741732
  60000779     0.070623922479105     1.123930885486532     0.432220449004053
  60000780     0.548677877320749     0.716428867322314     0.755097558079749
  60000781     0.344081770006626    -0.121358650963988     0.738350514725730
  60000782     0.576586587930061     0.408422235318373     1.160897829755128
  60000783     0.471130266257321     0.195145168908159     0.039560622844616
  60000784     0.780675306623976     1.038871589600381     0.139615732701425
  60000785     0.298976446186637     0.184928104355029    -0.093752697381141
  60000786     0.544789159274158     0.712395838031380     0.954753748402769
  60000787     0.782502944282768     0.684751228692481     0.460477658823327
  60000788     0.222997406222390     1.094667233330681    -0.283429326807769
  60000789     0.033392283977461     0.843960678214837     1.221082360716544
  60000790     0.382473923662657     0.195645528581660     1.006967758247413
  60000791     0.321061826937554     0.191703017506458    -0.022471243723852
  60000792     1.075333331596512     0.910111845193884     0.155655024762169
  60000793     0.260534628078673     0.381194721728950     0.615061848567804
  60000794     0.736186384829231     0.472300536514881     0.359569738568225
  60000795     0.324193843885837     0.227109711700085    -0.035284748219312
  60000796     0.228905823666064     0.384640985341070     1.080966308516246
  60000797     1.038682457110756     1.085766406336129    -0.025243875374510
  60000798     0.159526289174070     0.671933067212127     0.774314860399101
  60000799     0.560270481501991     0.311278637843332     0.828574267709923
  60000800    -0.096877925873695     1.073681824429793     0.273845896531850
  60000801    -0.001363041183803     1.078750021688493    -0.023129844976769
  60000802     0.383715005521709    -0.006745441986228     0.610297085199360
  60000803     0.591625898218263     0.691604133369115     0.993956773675184
  60000804     0.136921852798259     0.665032654568393     0.790713202428994
  60000805     0.904155629311202     0.976970059257468     0.177761637244699
  60000806     1.047544370904981     0.939778680232981    -0.022842838314837
  60000807     0.078210963007899     0.005430057723053     0.703534361493494
  60000808     0.148973218306385     1.128560640561356     0.638714241401271
  60000809     0.927097818734110    -0.082673010738985     0.333109981934757
  60000810     0.875964134778904     0.816378905093354    -0.167921696550872
  60000811     0.667341273815236     0.257576351805446     0.279748182269797
  60000812     0.862465417466262     0.283579030621075     0.962107159203677
  60000813     0.585319601083553     0.986920634167147     0.689617584337220
  60000814     0.580005595654570     0.678493661441905     0.937042851158997
  60000815     0.573899011566639     0.165098122555182     1.200680389624221
  60000816     0.253417314408086     0.437719021377631     1.258845773110513
  60000817     0.306442836957773     0.154797714812801     1.024732903864172
  60000818     0.454308273795414     1.134416696733974    -0.211304359601126
  60000819     0.607797544218801     0.886409815985857     0.797275469245980
  60000820     0.780052165900978     0.300915029507802     0.435576536183657
  60000821     0.351787380912127     0.187389280196150     1.095841652359887
  60000822     0.661669970535860     0.220796114686900     0.599099847505263
  60000823     0.228338845482213     0.027818476204491     0.825208883122835
  60000824     0.568769707744163     0.675271435334484     0.705163273213694
  60000825     0.251746352399594    -0.184783887759960     1.092376411282943
  60000826     0.781091336968671     1.110864584381685    -0.080532452338612
  60000827     0.660865246697600     0.419575431928617     0.540726457871041
  60000828     0.344568733149846     0.344633514659543     0.806025178311702
  60000829     0.531938278135201     0.555177286686408     0.009068988598756
  60000830     0.456575378213785    -0.010493421712749     1.167964469278513
  60000831     0.790152287792267     0.522585065160269     0.286741069063286
  60000832     0.660438576603140     0.248134706142257     1.122592294749459
  60000833     0.992181876254568     0.551595219890091     1.061915327852757
  60000834     0.668532020919556     0.294790505441458     0.573085032258298
  60000835     0.727624186328114     0.071385546083248     0.708795907950508
  60000836     0.811272127727937     0.490981715383236     1.254496349158718
  60000837     0.875308837553580     0.938983144639175     0.210138238646296
  60000838     0.158034362963194     0.710968153870151     0.129260287256654
  60000839     0.300484900499660     0.106840249104426     0.676097835124084
  60000840     0.391331169872434     0.974345487314340     0.861610747559679
  60000841     0.603521599318315     0.959234794087171     0.282369125861829
  60000842     0.367612007290773     0.181634943367680    -0.049444416716236
  60000843     0.286446906161561     0.378970013396202     1.265823103146217
  60000844     0.349801991257969     0.976249957722124     0.310791176633587
  60000845     0.982209980354994     1.128884477513955     0.948018179690621
  60000846     1.064555547627465     0.458000500090034     0.022322363023203
  60000847     0.968989828693656     0.504899816508155     1.040469372813460
  60000848     0.864705625813547     1.108818501901059     1.249150588545261
  60000849     1.035161199335649     0.664130465294809     0.925773591509322
  60000850     0.805554421319539     0.141418672793563     0.307785700061598
  60000851    -0.084658184492701    -0.128041930849386     0.586839114009245
  60000852     0.095780435887083     0.661120660980381     0.772473506583246
  60000853     0.469747167752329     0.063294061800720     1.009445936406652
  60000854     0.998589579327744     0.442189356011742     1.003669944355986
  60000855     0.078141304778837    -0.099901932284330     0.253970590919563
  60000856     0.502904405849611     0.351319720871576     0.354506932689203
  60000857     1.027890521694613     0.025164844088147     0.724605076023264
  60000858     0.536765529039800     0.672605037292807     0.947104210533968
  60000859     0.063120065032562    -0.094207055762065     0.253826549976471
  60000860     0.119951372714741     0.669414744479896     0.796093197219034
  60000861     0.594700623014519     0.680018095830802     0.961969960263456
  60000862     0.314949986136095    -0.008437976293499     0.642395802349611
  60000863     0.303737830230924     0.133190912098641     0.011437977867276
  60000864     0.583911719463227     0.705387234336009     0.960480208032207
  60000865     0.671502562439977     0.420367310235901     0.435307132880787
  60000866     0.687971998970208     0.371550416780351     0.401864646779269
  60000867     0.895372870608373     1.076523136721354    -0.043458705844862
  60000868     0.074616090102964    -0.085272744185378     0.237957025666171
  60000869     0.456907780643992     0.018899023421463     0.926034827498183
  60000870     0.116452817361991     0.591471117000852     0.656949989133726
  60000871     0.685729594628174     0.507648436973925     0.886449933837019
  60000872     0.245077758358216     0.524467880937207     1.296861663211259
  60000873     0.645972497807159     0.409911883307730     1.021220741013562
  60000874     0.955274889606511     0.511188641640091     0.990840987634889
  60000875     0.177273322755489     1.193245894707754     0.816423148649317
  60000876    -0.017416646517343    -0.102042783370239     0.160890511401696
  60000877     0.832644662872080     0.873595920633115     0.601969988439386
  60000878     0.610367443995486     0.442263368196130     1.060911017792219
  60000879     0.340044234245395     0.247123058571534    -0.014650638870463
  60000880     0.076701580100099     0.335694596455085     0.883095330556067
  60000881     0.706025388465058     0.528264135550438     0.312243269643808
  60000882     0.155287722081136     0.811006767103344     0.111798162255896
  60000883     0.806245337758060     0.905526178967426     1.208009114953245
  60000884     0.382902494243545     0.034344658871186     0.685798577424971
  60000885     1.023791214567409     0.521969440271582     1.029373661160970
  60000886     0.672528194318494     0.734452047578493     1.279547851758974
  60000887     0.276343235046686     0.051558723359559     0.646484803962536
  60000888     0.469644001065778     1.106037275593428     0.319402069967770
  60000889     0.943156695743025     0.531993437697467     1.022070979008769
  60000890     0.212508933182639     0.577256595192945     0.373059384780403
  60000891     1.056975332598126     0.753975146346632     0.049763766662846
  60000892     0.402056083688156     0.039710907468846     0.696570113352663
  60000893    -0.074195651489277     0.276301091215085    -0.263473761101337
  60000894     0.345730740937086     0.100093328228664    -0.097086474412105
  60000895     0.763831045956937     0.948173627925022     0.026830711194102
  60000896     1.066210630369538     0.537353259452125     0.656704937572604
  60000897     0.599206576317076     0.694292153723482     0.957128885787131
  60000898     0.066918778561783    -0.123657565609038     0.261787359538662
  60000899     0.516457964687973     0.506975364859747     0.482353787796850
  60000900     0.768329717518830     0.609816125714675     0.761173498342177
  60000901     0.139455795076954     0.653091044294431     0.781758160018952
  60000902     0.447524145088974     0.262685373005362     0.969901007705885
  60000903     1.053751670117751     0.512917157221662     0.725160521054834
  60000904     0.276855528047392    -0.005244470442317     0.845631743356131
  60000905    -0.075723834762581     0.192331315155411     0.414485322379095
  60000906     0.589029718159240     1.185880977615605     0.726026779659537
  60000907     0.887416806829227     0.494543325224068     1.117314027018255
  60000908     0.463487366136651     0.185927044844014    -0.020110367815352
  60000909     0.494294916958149     0.982430826698243     1.270022649250421
  60000910     1.029958760652293     0.906005561060500    -0.224176385399166
  60000911     0.239324777238082    -0.133946991865377     0.440641102553362
  60000912     0.433093135681517     0.243775361431425     0.640015443302102
  60000913     0.847701568543910     0.526536559701970     0.389616792605640
  60000914     0.265560024085587     0.152928075847720     0.625363181367085
  60000915     0.819978061540198     0.655140611758503     0.986392365475848
  60000916     0.557239645984271     0.694072348661383     0.948657233350216
  60000917     0.456424211946211    -0.023973035503342     0.911738381159096
  60000918     1.034584364001995     0.791656355135130     0.805554163710622
  60000919     0.222295812043386     0.538529945886424    -0.047566796911537
  60000920     0.785224882688351    -0.000028107759089     0.170553659519758
  60000921     0.225313405954968     0.780962372870729     0.331476792143308
  60000922     0.394390918090592     0.045079692184774     0.986856246200395
  60000923     0.574973677149726     0.528561800422277    -0.163395079662697
  60000924     1.044584737620584     0.386279083870518     0.696723327798165
  60000925     0.661257124854638     1.059330010306242     0.530736221430683
  60000926     0.297696557175995     0.186447015050817     0.980246750814414
  60000927     0.553269061684941     1.191273041789583    -0.096401570554592
  60000928     0.063510783855958    -0.097193747953094     0.246039548598136
  60000929     0.417358875184975     0.113457380792789     0.277689264145288
  60000930     0.570850661283225     0.681853560170090     0.920063389959600
  60000931     0.065360641772076    -0.092907851123961     0.254933471301369
  60000932     0.759892335346064     0.050294346250359     1.129935628321573
  60000933     0.953117653073049     0.490240624533045     0.273711514384262
  60000934     0.227045365213744     0.141021431793855    -0.067732132135741
  60000935     0.122289384442970     0.970966632901481    -0.173227944378369
  60000936     0.751205512631936     0.714597454935814     0.548426162441984
  60000937     0.289905075380616     0.096421015184707     0.988469889354923
  60000938     0.131492347093347     0.656763132207390     0.806692280114388
  60000939     0.588024248027284     0.413543364629997     1.079115944262796
  60000940     0.857687717168030     0.847176533331951     0.418244806727746
  60000941     0.552751688401938     0.696247586296950     0.458945410414522
  60000942     0.435281053008409     0.362373691412076     0.737528385849309
  60000943     0.001190051169074     0.426227082551159     1.171541202302534
  60000944     0.669528913225135     0.994880665674404     0.153252838649191
  60000945     0.997108474570296     0.947612743434112    -0.051991894924331
  60000946     0.858010314433378     0.413996267778845     0.523463569213856
  60000947     0.583244195071063     0.699706038470257     0.689254423867703
  60000948     0.576754218977347    -0.025761529988225    -0.290593369530862
  60000949     0.298557339738327     0.068348452595882    -0.003150969393621
  60000950     0.267279621853588     0.048305864912688     0.622406922414081
  60000951     0.362250625225653     0.223383841616030    -0.064629092431170
  60000952     0.346012396828977     0.081533391840074     1.076856189971876
  60000953     0.548075837710759     0.670816851664352     0.964676196130089
  60000954     0.417195132199535     0.119746120937953     0.790826317759846
  60000955     0.134918849371619     1.104020314244131     0.212579658903733
  60000956     0.633828056891280     0.510837453260226     0.984931499498449
  60000957     0.580191567007809     0.335325884068812     0.979181617168875
  60000958    -0.017257677925529     0.990959052840768     0.338364596301228
  60000959     1.054328859911190     0.480845601070140     0.832512552893853
  60000960     1.015642662293541     0.467568489612244     1.022066216971873
  60000961     0.149412221970902     0.650807832082086     0.803454678339414
  60000962     0.992964672580651     0.564422631441411     1.018975335554164
  60000963     0.541386679195751     0.425227966702918     0.372657169986824
  60000964     1.021380624205722     0.535719776071991     1.029596818841644
  60000965     0.527015428185239    -0.190501000406243     0.509919043498968
  60000966     0.492757189425770     0.260318492304073     0.492071452595860
  60000967     0.448913196248102     0.240916316184863     0.620864377986453
  60000968    -0.094226553396551     0.189968978071074     0.013544103639298
  60000969     0.968824496566739     0.531665257816088     0.987859492076999
  60000970     0.712839619347753     0.355613163500897     0.867091951755359
  60000971     0.566725376688061     0.960807858740060     0.471227486577330
  60000972     0.162241977042013     0.194674990936779     0.474629024099963
  60000973     0.141527217296023     0.796368869966261    -0.159940300194903
  60000974    -0.091356252723117     1.043749069702553    -0.060239515877295
  60000975     0.831736965450916     0.940985795841516     0.679900108213120
  60000976     0.650722612953151     0.359738239476609     0.291208179029453
  60000977     0.698696005343876     0.584545742498656    -0.092595015124228
  60000978     0.585775504774025     0.600106788713494     1.141383815535557
  60000979     0.578690906383418     0.380461682340968     0.538743976631091
  60000980     1.097081340991533     0.872281235510697     0.429351682558754
  60000981     0.298333448323749     0.248839466440990     1.035658894900200
  60000982     0.175350681609826     0.761211480614174    -0.131474597770632
  60000983     0.913121047122680     0.437578300265526     1.172631671774546
  60000984     0.607031286785630     0.722155447975917     0.940704051986786
  60000985     0.316069603322430     0.169817798506370     0.928599330154459
  60000986     0.704211898609698     0.220587371901645     0.360562260225381
  60000987     0.305954082478591     0.138763940748343    -0.086773775091871
  60000988     0.212031595252692    -0.097769897092470     0.694820881198181
  60000989     0.691739602840280    -0.070680637402971     0.065625814490734
  60000990     1.099128364874260     1.090217791129795     0.501296523759689
  60000991     0.576421170607539     0.688585417992173     0.919748107543383
  60000992     0.027324620417222     0.904874033490294    -0.258713486135495
  60000993     0.280726869904239     0.175464138636916     0.649244770411336
  60000994     0.745287948228647     0.532680797696742     0.348505100321035
  60000995     0.452986221532388    -0.121780855667065     0.604626873135405
  60000996     1.069190403003515     0.946014237653079    -0.004688243705202
  60000997     0.908517433665041     0.566372147218707    -0.268910838949175
  60000998     0.534904319283773     0.670922223899037     0.374349782489178
  60000999     0.593163626397728     0.716027355321336     0.925396660497205
  60001000     0.796575131638613     0.299325515124829     0.412906133689342
