  80000001     0.011727600348382    -0.182200329111577     1.287320915875899
  80000002    -0.042836358247480     0.188232754572109    -0.081759163727269
  80000003     0.879368871109201     1.119525321001583     0.189357685827710
  80000004     0.361039473378668     0.137007387515924     1.028959328697121
  80000005     0.406057970322424     0.698844943703673     1.147818105543821
  80000006     0.903947539160936     0.674436937747955     1.106187162888736
  80000007     0.876981387891653     0.316637124765691    -0.294310889307320
  80000008     0.968272713550668     0.498852922303157     0.398435323306922
  80000009     0.840226519390808     0.459318048201250     0.684614262709600
  80000010     0.985962668237423     1.002309585420297     0.151620447709673
  80000011     0.275253457477842     0.171338449345837     1.022471462382722
  80000012     0.562505061933369     0.301265840668101     0.769936063760288
  80000013     0.953786460902672     0.266866985876256     0.803118236031331
  80000014     0.751083280892202     0.319313506082893     0.440193953057910
  80000015     0.535752560408970     0.725101575075197    -0.270684394457090
  80000016     0.012857318174123     0.915052014855569     1.270329586275231
  80000017     0.418844780910843     0.998544141157076     0.865890990297149
  80000018     0.646401055923839    -0.147044484805621     0.371128854600272
  80000019     0.172768748097625     0.097983938003446     0.614893131133034
  80000020     0.335665001193204     0.057019652633739     0.627740125405646
  80000021     0.758933962015608    -0.179113373083355     0.460927049317382
  80000022     0.641302346842428     0.533066673975159     1.294265193597154
  80000023     0.453041819030589     0.654260866405399     0.743475466717843
  80000024     0.392297663544109     0.143742601768640     0.650570990169623
  80000025    -0.058267720592414     0.161173721799657    -0.052066505403345
  80000026     0.169559703661115     0.770320556009538     0.754885753049475
  80000027     1.027379913622266     0.818422599100484     0.633570660607291
  80000028     0.830095370102673     0.856303762616517     0.408893709948813
  80000029     1.086553914618653     0.746410685530178     0.768729737189365
  80000030     1.041908959809435     0.499296704784407     0.848427869211269
  80000031     0.173817378665021     0.675173862866577     0.791411288376614
  80000032     0.081714394699862    -0.101716554261460     0.224869645879061
  80000033     1.035891028815570     1.119605777577572     0.351522996701903
  80000034     0.966630565199013    -0.123446303707731     0.340947489017104
  80000035     0.958927925102987     0.540891668278196     1.059320769613565
  80000036     0.915185501514314    -0.030936606001377     0.496115420716464
  80000037     0.617417099443553     0.605569275740929     0.412701609809172
  80000038     0.952086675918439     0.826341695685739     0.748337749853483
  80000039    -0.067211701412342     0.804730888878084     0.692928828983985
  80000040     0.422244239901379     0.669176911511073     0.620129838920785
  80000041     0.744203769243035     1.146978033667828     1.210245986971880
  80000042     0.140588253605798    -0.010549594388728     0.244425412039229
  80000043     0.162887124632330     0.645243712140253     0.808844403202412
  80000044     1.002242653836348     0.528444363315445     0.091276514918278
  80000045     0.358331510940879    -0.186424751728424     0.422102388033934
  80000046     0.758997120856557     0.374138314512651     0.257815384931404
  80000047     0.782657676949805     0.350444425073477    -0.103033079276226
  80000048     0.795516594322981     0.974147187879147     0.362503171162604
  80000049     0.570255397236141     0.751115582587472     0.528290292859699
  80000050     0.969603456701579     0.507755555865806    -0.249004559820917
  80000051     0.319101318313829    -0.101476817954915     0.822326215506684
  80000052     0.999311814898949     1.109422791905165    -0.174847344706285
  80000053     0.923868256296549     1.104207234287874    -0.138565456949617
  80000054     0.512572050299827     0.408026285603978     1.239209273288669
  80000055     0.130199961642681    -0.007832879263784     1.278253999374291
  80000056     0.153756002861270     0.879605105788113     0.512031562775195
  80000057     0.377670844118776     0.170007019562417    -0.056088749549843
  80000058     1.098701508916377     0.626846752935095    -0.015970313839353
  80000059     0.942675845766439     0.546802020577288     0.989589169825982
  80000060     0.562730400244643     0.670894076342059     0.915268355958338
  80000061     0.008345111435256     0.955303726948735    -0.167131426299413
  80000062     0.326982142453749     0.137356402646893    -0.079643251011907
  80000063     0.623182695165649     0.007771714227335     0.527424547690497
  80000064     0.441379608706121    -0.008188192594336     0.850386963151114
  80000065     0.583514904709605     0.130624878102457     0.846893737504370
  80000066     0.689916905405497    -0.160288992259163     0.763696697423746
  80000067     0.492792470397860     0.257925494168573     0.711541233235476
  80000068     0.069602502064758    -0.091523212865809     0.229693314522612
  80000069     0.217247159464400     0.007120465246960     0.510324652943001
  80000070     0.373931652282263    -0.010648212139217     1.116277705418302
  80000071     0.805440425969644     0.842889464919724     0.694912138545812
  80000072     0.765430330892414     0.420328151384894     0.506838954165640
  80000073     0.107460630846916     0.626145242425881     0.812720186119089
  80000074     0.759517809506365     0.679084464368481     0.711593935397132
  80000075     0.202834373436629     0.117105164370828    -0.090778072649012
  80000076     0.555215116477350     0.697898551402389     0.942522951679574
  80000077     0.579902494798940     0.405747486237949     0.912906453553610
  80000078     0.568430269935410     0.460905873520559    -0.191164610043123
  80000079     0.581159976891995     0.190400090967302     0.797446352196230
  80000080     1.055799351828776     0.557347701698438     0.928170582708312
  80000081     0.530928297323719     0.093561879735913     0.739349818953243
  80000082     0.951323201911892     0.617660868084757     0.223625942761321
  80000083     0.766113102542289     0.253388595943949     0.955426035684815
  80000084     0.074923522186831    -0.086417401951323     0.260319838107053
  80000085     0.338295608191804     0.174498563214250    -0.148198544728171
  80000086     0.053181947090833     0.361353446401143     0.049925105991751
  80000087     0.241120066440832     0.001347958589422     1.098933225859853
  80000088     0.598243559055597     0.641079382603449    -0.132052682953093
  80000089     0.455403136467671     0.075030741591486     0.810914183871045
  80000090     0.188359222257332     0.627873783071215     0.483620601012467
  80000091     0.686133170704811     0.395681799723277     0.889586160393241
  80000092     0.627810446124810     0.390248866990515     0.296440981232123
  80000093     0.715327800133350     0.561556591379262     0.386009124830671
  80000094     0.076142377280921    -0.062696006525183     0.247121370964787
  80000095     0.682346782602246     0.162306848282111     0.310274395760050
  80000096     0.653393777961355     0.352436852604226     0.390401587175691
  80000097     0.253812800086275     0.823751794498385     0.677222884610784
  80000098     0.378984425331467    -0.020094545842796     0.776132745618553
  80000099     0.459859435148969     0.989856221965991     0.947092873602954
  80000100     1.027634784777634     0.823365126899920     0.262725326712626
  80000101     0.083626380555602    -0.102262154938415     0.237808877032112
  80000102    -0.088818843467191    -0.062803281096049     0.446820582867314
  80000103     0.935410786076600     1.153927330431961     0.069601578728081
  80000104     0.504311841190886     0.239694398144650     0.794932655430388
  80000105     0.590411485538200     0.102745564174662     1.039922911522339
  80000106     0.698043857279794     0.589452910931828     0.514513083787901
  80000107     0.495889818272647     0.228648410947123     1.152538265934140
  80000108     0.993070214337845     1.002617639996255     1.140161298989204
  80000109     0.656737839490726     0.232995697557275     0.477170362776262
  80000110     0.974479695956045     0.566185389200066     1.021803588534655
  80000111     0.974867012148000     0.938688746574731     0.049214707848353
  80000112     0.324807692884498    -0.060792816089355     0.993838738207751
  80000113     0.591056585766400     0.445160027862693     1.136850501236280
  80000114     0.556083475195159     0.281907418766036     0.889460276778264
  80000115     0.532130416211161     0.727619598944700     0.974126730036271
  80000116     0.360366045294482     0.686967885037140    -0.140275352401202
  80000117     0.600840134831353    -0.062678664598771     0.569362387343788
  80000118     0.866534427461655     0.596719056208667     0.639698192814355
  80000119     0.290018602084917     0.075467750649472     0.045973210630732
  80000120     0.731720503638936     1.149969119692800    -0.285186139414466
  80000121     0.065936685176985    -0.043387903028309     0.151608660739180
  80000122     0.099848998863288     0.312667372289861     0.209075614804512
  80000123     0.328449405348070    -0.087876860268071     0.648720552732193
  80000124     1.087753719769752    -0.198429481351090    -0.031850668578096
  80000125     0.542687693881079     0.277101518820800     0.379177067990051
  80000126     0.921331143522743     0.433753055709812     1.152867895486486
  80000127     0.570051778985486     0.663887719519341     0.922131147332573
  80000128     0.377543355230560    -0.075668589533031     0.829737054389311
  80000129     0.222144412812440     0.059104500355240     0.041004287955562
  80000130     0.504320156332226     0.876019861664680     0.270531954456872
  80000131     0.524559422965470     0.257132100983275     1.193975295903814
  80000132     0.826291514711458     0.163958934547665     1.287249957458429
  80000133     0.099403842198618     0.099002020094255     0.536558622886284
  80000134     0.353801056498116     1.047271451310609     0.204966756913031
  80000135    -0.012417329253518     0.019047894963000     0.356651958370992
  80000136    -0.067779313173074     0.801391575305489     0.234330061280644
  80000137     0.651628321364955     0.372748390001101     0.199990415283909
  80000138     0.202093573605992     0.116620005494785     0.873144805983349
  80000139     0.534893495282420     0.642386279922908     0.562466434832714
  80000140     0.305056512965553     0.061521941844165     0.652994140412897
  80000141     0.903464395837522     0.251049286638469     0.600619109410088
  80000142     0.915809268951820     1.096094560026734     0.312598876092790
  80000143     0.941521017420679     0.955063558135144     0.072682399307899
  80000144     0.554046358180184     1.165631240855864     0.075901563000938
  80000145     0.709978356802254     0.052471505118529     0.430806439439844
  80000146     0.406697397950031     0.078212294787200     0.653722560880605
  80000147     0.042984203183631     0.316602465991372     0.775038774391361
  80000148    -0.051484357462048     0.400439828716265     0.786517992324254
  80000149     0.927875184315489     0.643836319998094     0.683533713460047
  80000150     0.053769475970793    -0.077927137222413     0.236412721621889
  80000151     0.349386858887904     0.097053275919284     0.514072870578459
  80000152     0.362897344630552     0.229843213604777     1.299542106248403
  80000153     0.747295754241209     0.281220297926310     0.399589044390631
  80000154     0.430567315765953     0.688096436000723     1.196686462717241
  80000155     0.501802114197490    -0.010422858542342     1.122836523187485
  80000156     1.007642000144479     1.130062301856332     0.678900305825010
  80000157     0.057668243713972    -0.099889459957488     0.245578940285355
  80000158     0.836873667731843     0.433051296143554     0.782883249074857
  80000159     0.638888584372007     0.842616870612412     0.755567958359590
  80000160     0.052671906138275    -0.095944186539016     0.207888284580990
  80000161     0.549621654764450     0.477786623368079     0.118911417470094
  80000162     0.971090608187593     0.985707428692687     0.220412035372027
  80000163     0.746027729072790     1.134638495325061     0.766819676866885
  80000164     0.368322243338772     0.076842500601403    -0.056504203357375
  80000165     0.311453084792553     0.059678025653812     0.709432374062965
  80000166     0.547685608408133     0.672013214483230     0.761302202019770
  80000167     0.953970002947698     0.265467422065192     0.645000361716747
  80000168     0.178440167527728     1.139083855097779     0.318977215506305
  80000169     0.692894061221684     0.304232246667475     0.486074352442992
  80000170     0.218799922174590     0.140091252586089     0.612272464639518
  80000171     0.913185150866449     0.910654356092510     0.857634002990816
  80000172     0.360370611646632     1.198516554554709     0.302829206551493
  80000173     0.760764081417612     0.958156815862544     0.069657181973061
  80000174     0.417709218468849     0.002148105724594     0.738989112923090
  80000175     0.335236918705147     0.034516683916694     0.817821159667385
  80000176     0.366139968922059     0.283973347236093     0.974265371614702
  80000177     0.735202446323576     0.350763056257270     0.412418424923229
  80000178     0.937408951469431     0.523507955374997     1.023741344720238
  80000179     0.806214719692331     0.082056540491087    -0.243814513713632
  80000180     0.603369504367302     0.070069694239709     0.855933917861671
  80000181     0.453053442541182     0.041072525350198     1.117171659118475
  80000182     0.052934621729478    -0.099587238338900     0.228931579183620
  80000183     0.159841304070499     0.047170326755022     1.047441356304267
  80000184     0.646878437463618     1.119745711981144    -0.130963866254486
  80000185     0.441087818995249     0.694903843235638     0.145522826237127
  80000186     0.725881533977142     0.320013749848746    -0.260990977570206
  80000187     0.742278006507632     0.334201530236340     0.849585850381270
  80000188     0.664274210633087    -0.016530938649539     0.823616791599724
  80000189     0.342013356435138    -0.179495086963965     0.686140968287582
  80000190     0.812370568789305    -0.070208816863184    -0.078622308713928
  80000191     0.587040855719802     0.692733952057300     0.664277831934814
  80000192     0.715783209872619     0.380473352383655     0.475925645341522
  80000193     0.147060854617619     0.647151120572393     0.800721215402162
  80000194    -0.039330571594460     1.165316058490711    -0.269564928020699
  80000195     0.582661894391256     0.738794749788194     0.914162053515554
  80000196     0.931357696073797     0.553758418287500     1.060469685974696
  80000197     0.747421314093428     0.406667893680379     0.483859082808925
  80000198     0.408015400311181     1.166011684590557    -0.104881518626529
  80000199     0.333514803034339    -0.054470998256468     0.704828992614812
  80000200     0.063632696557824     0.789550551930546     0.600380903550792
  80000201     0.080520932083746     0.715025826220772     1.060118619831292
  80000202     0.737727500919408     0.310670762332796     0.286953883809183
  80000203     1.019336689938847     0.765320220639960     0.643370064795016
  80000204     0.108018482241355     0.570603729240078     0.028656987094650
  80000205     0.752899302997218     1.083350085805404     0.908703465643028
  80000206     0.307797265411306     0.145736384361754     0.081575546696643
  80000207     0.595526225172734     0.287533355456252     0.256464084516029
  80000208     0.727278054995482     0.284374681229930     0.501166851761778
  80000209     0.344253149741501    -0.086814563374929     0.936493541810306
  80000210     0.617180725987233     0.709908519432665     0.956266925815657
  80000211     0.231071635455753    -0.072020372490538     0.559001202260499
  80000212     0.790247528741178     0.386768592507403     0.391707381969082
  80000213     0.601468593292725     0.689227303423224     0.977970001369170
  80000214     0.987623189494742     0.812207556815159     0.720105846876101
  80000215     0.499944047382388     0.354174061856920     1.136271200832142
  80000216     0.583579147798991     0.761875114208581     0.951491552493695
  80000217     0.685110569208324     0.466062320347246     0.330749771874461
  80000218     0.150331908952745     0.182521727990038     0.228400147722161
  80000219     1.048660610131554     0.504003117125871     0.927028132825970
  80000220     0.709842618913954     0.619832865763718     0.778164352178197
  80000221     0.998924319881187     0.184022127427109     0.744328877685400
  80000222     0.292566288515442    -0.139922000887722     1.114460131801251
  80000223     1.054946970545556     0.766350427022270     0.226430079311626
  80000224     0.347076467320359     0.144388153738896     0.718458060543763
  80000225     0.228588372337144     0.710848581706026    -0.160473422090563
  80000226     0.742406861553895     0.454879846731566     0.310511044360304
  80000227     1.024797611254538     0.997820807367423     0.578490762905054
  80000228     0.307040478388133     0.221877054361066     0.460260428448223
  80000229     0.157592059641037     0.280434536549180     0.910728836923846
  80000230     0.553622598569386     0.706760245732832     0.987389016168306
  80000231     0.318760857230864     0.035746439740272     0.745392891587078
  80000232     0.140391621597760     0.739082025024959     0.510506511608434
  80000233     0.817102107851713     0.222381338318133     0.547203665117917
  80000234     1.054773820767959     0.431021375337781    -0.032687513384571
  80000235     0.411164361484960     0.049010419946462     1.178792437570898
  80000236     0.518563938488871     0.591556670260222    -0.125071626137792
  80000237    -0.056082581077402     0.579069475878469     0.775876950488401
  80000238     0.642114604483010     0.545686377533690     0.194417605478860
  80000239     0.284474187619567     0.853066671737735    -0.034390292348725
  80000240     0.862250328918575     1.030339422340553     0.215657569748972
  80000241     0.848521152468702    -0.009019222629291    -0.016053272265893
  80000242     0.955867370736480     0.853341335438210     0.495124855180467
  80000243     0.136911366745087     0.068583710456925     0.897598141827542
  80000244     0.883491460617338     0.158070586267636     1.045576510806489
  80000245     0.429298973032556     0.534143680192638     0.412790443577498
  80000246     0.724787144064122    -0.036147609109888     0.801582218878315
  80000247     0.961960331655090     1.054732650303543    -0.211010660599936
  80000248     0.389032368730983     0.294634821870257     0.907557387390574
  80000249     0.661485254694298     0.420079602841261     1.129202320713392
  80000250    -0.032012414866974     0.545740770798312    -0.017197280653755
  80000251     0.494157409903117    -0.172572435206894     0.495247826773705
  80000252     0.903862138399238     0.311342867801996     0.352786234975966
  80000253     0.069055193475752    -0.134551466820296     0.281942590372714
  80000254     0.665336262225396     0.341592236749236     0.969466562779996
  80000255    -0.088571151044483    -0.176084884563915     0.125066803644021
  80000256     0.053184148328966    -0.108689658023362     0.218857487352396
  80000257     0.297070983395251     0.202151433312733     1.066231153801900
  80000258     0.744091177601178     0.297599272385809     0.323821826874962
  80000259     1.070335006708994     0.154581533483642     0.251704715071039
  80000260     0.153859235105377     0.659885841934460     0.788990572474461
  80000261     0.937056594898163     0.238818261384635    -0.005163600723840
  80000262     0.276138361667510     0.017962642659399     0.772872041045382
  80000263     0.106865651508874     0.507239499941838     1.116679276649171
  80000264     0.550224928791570     0.504417626516756     0.459130307688507
  80000265     0.935108195128750     0.899368781506442     1.023273809520913
  80000266     0.682500208000737     0.195250791612850     0.361014904427205
  80000267     0.781520894215729     0.249571951314950     0.438291823517095
  80000268     0.975956464288813     1.134219316120076     0.937834181582611
  80000269    -0.079370242716734     1.103974211427599    -0.098595605560006
  80000270     0.361391304805114     0.209709472197534     1.061785344771336
  80000271     0.646167041168303     0.720831400860984     1.161749165487175
  80000272     0.842929686372579     1.101452234400916     0.842919577260733
  80000273     0.122856914753272     0.595700126207691     0.440406055459539
  80000274     0.299696560309328     0.124482755107116     1.027401631500218
  80000275     0.643051804408154     0.110824481593223     0.761537914525386
  80000276     0.158863481382952     0.723993823723901     0.734652985579209
  80000277     0.854554070056380     0.325261325729785     1.117370422435271
  80000278     0.714054559182551     1.154314322422670     0.558362437684282
  80000279     0.069700318523490    -0.077533710636244     0.234839625104328
  80000280     0.720415977812150     0.278496933331445     0.962162652824917
  80000281     0.389032686434486     0.254373390154660     1.068438437271679
  80000282     0.469851920272823     0.450158042546793     0.603606080381718
  80000283     0.188910467154069    -0.032875330353798     0.964065054676040
  80000284     0.600839768766505     0.739422626277535     0.661582172609165
  80000285     0.104825557630144     0.006307539199621     0.887514781121749
  80000286     1.075114455241383     0.093506849563679     0.084033712540306
  80000287     0.195187515184905    -0.184627037256738     0.497143258036495
  80000288     0.744232669296543     0.630723591117715     0.548290977081476
  80000289     0.245192286616571    -0.070959668231910     0.735424579422857
  80000290     0.567131605938861     0.364443974752846     1.003192182034992
  80000291     0.226230853407571     0.027078241124622     0.852492138021541
  80000292     0.495932699507271    -0.050896980372709     0.585295310762992
  80000293     0.406066679150695    -0.146609443814065     0.982724943963578
  80000294     0.575907265525988     0.651576248982502     0.942456439935270
  80000295     0.663420148527386     0.310600940659763     0.234165381529509
  80000296     0.834413195086121     0.227490710303950     0.500896300971117
  80000297     0.861730178158096     0.799305701237146     0.195584324042130
  80000298     0.416060853747089     0.090292202201638     0.486845512838480
  80000299     0.099039174004102     0.711153714355104     0.286986289364527
  80000300     1.017356843228545     0.349707289610119     0.705014356118638
  80000301     0.061447514768813    -0.079698362225048     0.227097916209297
  80000302     0.607822232605843     0.431260489531313     0.992350731575520
  80000303     0.310678308224703     0.321277892391945     1.221100744384897
  80000304     1.029832266777108     0.712651193334348     1.045281149874661
  80000305     0.323780877090477     0.107142954958171     0.939374586860941
  80000306     0.941178833646046     0.487886807152343     1.003112473250991
  80000307    -0.092293718886679     0.074580933421579    -0.278040196972708
  80000308     0.409317496527555     0.390373067100400     0.175130311986104
  80000309     0.979866819868814     1.115615938543449     0.078674706934308
  80000310     0.187611157459460     0.841566758179380     0.359792084903598
  80000311     0.423268382373206     0.043113245870709     0.999908168256519
  80000312     0.972281914008034     0.216797616840564     0.383040526095483
  80000313     0.161204729268717     0.660710329783781     0.792906970921842
  80000314     0.329765467094432     0.195641426420056     0.043360450870368
  80000315     0.175048896143384     0.653308193499029     0.790692879160734
  80000316     0.443357879520634    -0.036283461268675     1.016761540617799
  80000317     0.931945626624742     0.346559754750159     0.933359249474952
  80000318     0.563337199007974     0.731069048942345     0.968241720484789
  80000319    -0.089959179711345     0.408667363514724     0.186290718317861
  80000320     0.397153992440477     0.631722745264713     0.884124178116981
  80000321     0.663684565125605     0.985765873043231     0.721981616599963
  80000322     0.360043007450458     0.788823493183672     0.739021655835526
  80000323     0.051129880381861    -0.075477879994493     0.262002901969455
  80000324     0.797280612740472     0.927917423973739     0.016278320232488
  80000325     0.062772722489411     0.021768379853635    -0.001900715410606
  80000326     0.177022174920335     0.245266854778927    -0.042732482516359
  80000327     0.378624354770399     0.027015864334417     0.786961754093180
  80000328     0.675854665137115     0.469655987466843    -0.165252528846091
  80000329     0.853311024501948     0.390334227597770     0.590460257160810
  80000330     0.750055692545984     0.749406538582438     1.079616814041263
  80000331     0.700553397013527    -0.064977527321004     0.850963241266846
  80000332     0.605983991108977     0.149443618638254     0.753498287175611
  80000333    -0.050531734271957     0.506377189719070    -0.231222230531089
  80000334     0.236025223381305     0.661874726621076     0.991187661188417
  80000335    -0.026119993946848     0.247065304707523     1.211124903079955
  80000336     1.012445063146014     0.989546094726242     0.647510607465681
  80000337     0.117613279692476     0.626477174692744     0.784670349698228
  80000338     0.461334514258617     0.675988874417723     0.490464841448940
  80000339     0.088333676961085     0.679882037748582     0.769541652065214
  80000340     1.027308967854068     0.066424916786505     0.480728236973130
  80000341     0.821565724679656     0.627343706157578     0.315271643769186
  80000342     0.080079127234021     0.031474147716742    -0.043661221159671
  80000343     0.115888674551125     0.663357689512378     0.787127134068872
  80000344     0.730555783443329     0.230296607817046     0.343999097061393
  80000345     0.879784357656856     0.505824966076699     0.978521101946705
  80000346     0.383193612534731     1.007967286811040     0.472261234208777
  80000347     0.763413716161013     0.494018576071256     0.559202144782531
  80000348     0.751802520447601     0.748557006145177     0.658322821627417
  80000349     0.325423791256242    -0.012120513849573     0.708983194180343
  80000350     0.469665001842387    -0.188866740461394     0.652743352069682
  80000351     0.334040261778435     0.056985086232458     0.662898796953287
  80000352     0.278844852981699    -0.027776974749857     0.067979564406156
  80000353     0.836799440922651     0.389986684279872     0.636955877414524
  80000354     0.605093228474339    -0.059745107923033     0.602018013948553
  80000355     0.822573064426369     0.204852026948156     0.523368562507570
  80000356     0.819732432007028     0.364168859811430     0.822401407645912
  80000357     0.869049537335867    -0.046129568687787     0.655731114156576
  80000358     1.060177324421492     0.647537900294500     0.688783457941507
  80000359     1.040329239308106     0.982688741771839     1.202765360984364
  80000360     0.951556326316910     0.725378039810688    -0.009190875468442
  80000361     0.526465004206790     0.108845974318794     1.031678875401187
  80000362     0.492397182821402     0.205524302453655     1.002123101819926
  80000363     1.092828970414941     1.074119521183030     0.563323186433651
  80000364     0.292130024841900     0.180517201712223    -0.107697053295677
  80000365     0.726594166389892     0.111688449710372     0.536493425262495
  80000366     0.537001279035280     0.723247751350328     0.935282999991821
  80000367     0.733641098767928    -0.177410674428254     0.510864927831233
  80000368     0.531219035562167     0.750108764905950     0.236601993903479
  80000369     0.828633144531929     0.276986270498797     0.473382126476526
  80000370     0.572474697259246     0.187935797758745     0.601429854445440
  80000371     0.850834999380008     0.977702679607153     0.538205589634803
  80000372     0.427019209315092     1.171056752720060     0.218791907365212
  80000373     0.358108562407244     0.022117519912797     0.565645732149567
  80000374     0.951240862678734     0.525108077766908     1.081612092030619
  80000375     0.762880657010321     0.122840651443456     0.866085422651104
  80000376     0.011252184969790    -0.005255553040351     0.262555172466817
  80000377     0.305035401510272     0.239103393596486     1.138169575970728
  80000378     0.866016421235212     0.450795434769505     0.482400439770623
  80000379     0.281494172154311     0.696087583112924     1.084498516219860
  80000380     0.648550614898124     0.366928773333833     0.383701613408745
  80000381     0.226151108910394     0.230073474574979     0.736737795902029
  80000382     1.082239141245416     0.540257662753832     0.179337677715083
  80000383     0.369121514980904     0.334517063574327     0.989309553991643
  80000384     0.915533537412528     0.338872864863882     0.287916372544857
  80000385     0.564361792430797     0.545205442319349     1.100471247887840
  80000386     0.495163969848049     1.125065923206126     0.969802445912818
  80000387     0.468625395039406     0.059387438712803     0.041186830936601
  80000388     0.931328991151020     0.540144324737972     1.003114771259759
  80000389    -0.029405500237656     0.586138415815391     0.560693797230407
  80000390     0.941898832308918     0.941529319444692     0.730443052451659
  80000391     0.362795986310959     0.022920454862164     1.009683253489739
  80000392     0.466456878684210     0.146370686906080     0.748618221557344
  80000393     0.995427539381294     0.098488090922417     0.447001392857989
  80000394     0.715520233432715     0.267170724554622     0.420145293959372
  80000395     0.514211792355200     0.031828345583652     1.188012927060246
  80000396     0.955786443958663     0.346561856344376     0.388236828417763
  80000397     0.308782974413823     0.226902625294210     1.062527495182626
  80000398     0.697509839453942     0.509647184530476     1.138019078181346
  80000399     0.430033672643321     1.194653515367170    -0.020709152030526
  80000400     0.449891462141740     1.082342861985720     0.545410462479428
  80000401     1.019028884872961     0.841705989368773     1.078912614271023
  80000402     0.148035433789787     0.664878898402607     0.753840498223592
  80000403     0.613956295102861     0.798857216461555     0.904076935587044
  80000404     0.395284345134728     0.505800264065531     0.209128780060973
  80000405     0.427086277287332     1.196948933390411     0.494593049897403
  80000406     0.297365429935002     0.123073319055381     1.119248001108380
  80000407     0.533643718936288     0.495693988121330     0.531771131032707
  80000408     0.708936847910014     0.017901677164986     0.588938824888312
  80000409    -0.054950071965516     0.574154701865793     1.079042727509189
  80000410     0.754514181982742     0.666958064473618     0.593517837250581
  80000411     0.374505830105293     0.800749295168945    -0.238144673106235
  80000412     0.080732961481237    -0.114658377925613     0.237565509988878
  80000413     0.155187396455011     0.643227612386472     0.768328335201618
  80000414     0.756500172273986     0.435670250715015     0.492437694229540
  80000415     0.119058873260907     0.639566901605856     0.819926068929053
  80000416     0.382525071552152     0.042334644395933     1.017603282315350
  80000417     1.098257015125926     0.454169035271230     0.557275952630825
  80000418     0.848052467556301     0.647507721290148     0.408895686427846
  80000419     0.294329056117413     0.435268154044336     0.091640474271336
  80000420     0.949172477593327     1.025771964725840     0.069668339320733
  80000421     0.239188179046749    -0.112140299303843     0.696000602573927
  80000422     1.000110796662273     0.697183357734326    -0.038298499558159
  80000423     0.320350637494887     0.006310273001448     1.114466364520733
  80000424     0.618014678175899     0.499561119348300     0.372654224174589
  80000425     0.693763088089990     0.121934454550840     1.158161148610100
  80000426     0.950672418209415    -0.193343311206873     0.177416865137057
  80000427     0.373743155825074    -0.036778714323895     0.867743416444867
  80000428     0.662098459290484     0.440744044618805     0.323552136685223
  80000429     0.806026950251193     0.088338402888270     0.675966514314708
  80000430     0.529082107623306     0.668178801490869     1.045266301830174
  80000431     0.342587657277165    -0.087870236372615     0.839669295920652
  80000432     0.922103687898127     0.467661148581207     0.915364688681150
  80000433     0.420796325472196     0.473789798067536    -0.261484852186022
  80000434     1.011956879709141     0.855549983425554     0.911349365518408
  80000435     0.771182154340911     0.112777326720273     0.922935632945651
  80000436     0.429711746095049     0.080281749027923     0.103914838531686
  80000437     0.960574814860744     0.121751652993697    -0.163348128021714
  80000438     0.725560401011815     0.360023696611435     0.946406895801895
  80000439     1.015396910478515     0.981980853475351     0.025360126794409
  80000440     0.759410556547953     0.181917388763073     0.284900828933225
  80000441     0.290815856055714     0.233793482059921     1.036221276467905
  80000442     0.364215812961592     0.216443930948473     1.034881005937213
  80000443    -0.095393066801034     0.756809619091952     0.994302104335222
  80000444     0.764318673172643     0.256922617405588     0.435108594473637
  80000445     0.224931789116632     0.586816401691943     1.134495755113280
  80000446     0.074762007040797     1.139920867035906     0.200393403313076
  80000447     0.680986358549487     0.756645104535982     0.450596966149357
  80000448     1.075366960804063     0.916735446612259     0.564533733413964
  80000449     0.382217822352025     0.170392653333877     1.013550282706352
  80000450     0.763129602877199     0.778434703937513     0.688392816588515
  80000451     0.336554832943108     0.734600290858832     0.745135156642294
  80000452     0.980883951421139     0.553356307665607     0.963225677138695
  80000453     0.119721340750780     0.638444765268904     0.792740456525005
  80000454     0.259705717193402     0.589449257467021     0.776972576032832
  80000455     1.038091724020769     0.991251334598358     0.037028726186089
  80000456     0.107781518556929    -0.095912124849031     0.236997778975778
  80000457     0.678171899891831     0.188393682169218     1.073489718494484
  80000458     0.262253075783938    -0.124661810155888    -0.201806543056975
  80000459     0.593277123823317     0.701122154651304     0.924408738907176
  80000460     0.289619790434166     0.039762970417483     0.861700878266455
  80000461     0.720510735015985     0.540939820659332     0.816408057495818
  80000462     0.603267645996338     0.172195739290900     1.155299215586863
  80000463     0.596995967656485     0.692267457506232     0.385666298715612
  80000464     0.059792704565853    -0.097157516478687     0.253489159952871
  80000465     0.850310951026011     0.996899817313641     0.435685334367809
  80000466     0.043271257226399     0.521048881314303     0.036248555629397
  80000467     0.679652815749303     0.291776685189982     0.355586893944553
  80000468     0.531626574890118     0.868858069656345     0.259528916671537
  80000469     0.626265976651830     0.288365400182988     0.463241287093412
  80000470     0.679415365673499     0.404174251537176     0.141757713555557
  80000471     0.748561969961414     0.729219762277098     0.477076108025992
  80000472     0.419855977406898     0.036583728030670     1.087823138795988
  80000473     0.759006044925949    -0.015886632577314     0.582764704056664
  80000474     0.827732191823857     0.022064197102890     0.490190361724288
  80000475     1.020936814464920     0.288242429461674     0.418599636432603
  80000476     0.385941814156038     0.186315715102816     1.025717488291944
  80000477     0.615399737037260     0.224416266628206     0.097133045004922
  80000478     0.614361288211604     0.816790200000561     1.193287191358901
  80000479     0.260148657947119    -0.035918571650126     0.894037578711523
  80000480     0.370968884607594     0.519099184325440     0.373341946524579
  80000481     0.638383180777967     0.732316698045957     0.564821876892749
  80000482     0.838919864573129     0.537832254466807     0.475692460282090
  80000483     0.575227167592089     0.187824028542548     0.441238223175548
  80000484     0.353875636635225     0.147863846212290    -0.015081999413389
  80000485     0.160341712196317     1.037090832954420     0.279341202986002
  80000486     0.772345500567870     1.025462407131568     0.863827819283616
  80000487     0.811807774814441     1.153322567615313    -0.120597974087728
  80000488     0.002708593368347     0.718342836401527     0.521236504748164
  80000489     0.496719982897704     0.140280596600428    -0.269118371154004
  80000490     0.337503431219801     0.450606848176723     0.587851520537681
  80000491     0.748891615762024     0.240951803960115     0.697700559308701
  80000492     0.905067861230442     0.901265269076056     0.172060369173815
  80000493     0.142319819300343     0.680905428728652     0.787421604185367
  80000494     1.087822602654385     0.976534628284952     0.649470590445997
  80000495     0.724432765483162     0.051689052961245     1.072927728372015
  80000496     0.617778040106012     0.370545507208317     0.720334269718948
  80000497     0.229812255479231     0.026421769527211     0.925728530007348
  80000498     0.059722418814064    -0.100485294029704     0.268300385579489
  80000499     0.344472474582548     0.192699127743277    -0.171963800982113
  80000500     0.334903085575134     0.107648636155635     0.608788416704012
  80000501     0.285465371794386     0.455415926144483    -0.159245900756571
  80000502     0.737373791540586    -0.114373940391687    -0.135939227969296
  80000503     0.150827457272508     0.657461674012887     0.816145918625092
  80000504     0.449031283253872     0.855621172681289     0.626323163208139
  80000505     0.858721753415710     0.408770846779088     0.983968284174763
  80000506     0.723090169714536     0.346685951240405     1.014548822582850
  80000507     0.576513484769416     0.746094306970785     0.476696009428423
  80000508     0.998683784289390     0.520517914617381     1.034219063584646
  80000509     0.987143167853706     0.489144321836929     1.050513613093218
  80000510     0.624668262273442     0.669213977414913     0.966348842045365
  80000511     0.773484061884545     0.164614482335385     0.551111367964610
  80000512     0.558562501171759     0.059254684854461     1.083773576043370
  80000513     0.508760776426107     0.082016334039769     1.098205605417371
  80000514     0.764149220492375    -0.195571806345933     0.294185662600743
  80000515     0.559380344017142    -0.156714078266178     0.136797643309183
  80000516     0.775609054352040     0.295361797928345     0.388589145400538
  80000517     0.039014238916963     0.408269331625665     0.809833298762006
  80000518     0.657793998623636     0.120545037929362    -0.204415891877614
  80000519     0.837580437476559     0.776682038720219     0.201499653901759
  80000520     1.058783850737958     0.915534605940428    -0.173605910445067
  80000521     0.065140451032871    -0.100240004028872     0.237729320450119
  80000522     0.139099510765460     0.551955025023177     0.318554601354528
  80000523     0.960684646621147     0.543594938389883     1.038189464314883
  80000524     0.993346217517638     0.298963678527351     0.488899345363665
  80000525     0.107591925915032     1.032391341714337    -0.096673910802746
  80000526     0.140838275959746     0.649040691774825     0.769681282536197
  80000527     0.173072162445202     1.121687040682726    -0.069811063251215
  80000528     0.589802286657005     0.717286458728474     0.967423358799997
  80000529     0.482334846982140     0.074228249700576     1.228644080823474
  80000530     0.768771676086670    -0.031003760897410     0.953190723238594
  80000531     0.509423855064476     0.605623887789551     0.643897700032688
  80000532     0.423702656825116    -0.088085593994627     0.204265122840889
  80000533     0.100533478745813     0.632358531140882     0.390129796093690
  80000534     0.813741893946070     0.796770458620974     0.705732850643721
  80000535     0.178187637610698     0.659418879102725     0.804512955277660
  80000536     0.082309650064661     0.090640523851150    -0.021913387957571
  80000537     0.392527043631719     0.160648610420455    -0.038954562598531
  80000538     0.644275535894345     0.617761907403860     0.443457565793252
  80000539     0.892004405386081     0.438410194757593     1.067769373630449
  80000540     0.839198003648135    -0.073300769228643     0.040217410383567
  80000541     0.596549930137974     0.547541418076712     0.507921674701392
  80000542     0.417393556369653     0.065474279179361     0.016985883427196
  80000543     0.181543359526701     0.888340635238222    -0.275342450618677
  80000544     0.957018724440655     0.193721204870438    -0.272916717256559
  80000545     0.564342432778831     0.058494305678715     0.034217576898244
  80000546     0.462990149900027     1.151962475092749     0.551026309970332
  80000547     0.895856390672373     0.536257489061976     0.992068660708960
  80000548     0.466594023275375    -0.012578452896184     0.720343241568116
  80000549     0.525720667660591     0.625336182559835     0.498294345288457
  80000550     0.043575208080405     0.974274341587047     0.835689980391997
  80000551     0.146860789327541     0.661769392992645     0.787665319133317
  80000552     0.301987175221316     0.027131416334284     0.818979080176191
  80000553     0.523828509366948     0.703018393471397     0.935748681198549
  80000554     0.784764024200151     1.153913106951156     0.156542344598411
  80000555     0.497822868533428    -0.156046249629465     0.943460976455467
  80000556     0.427453260504878     0.197984579736245     0.080864285941615
  80000557     0.404119299269680     0.108257103576823     1.031020722594712
  80000558     0.577527450907027     0.694513977382240     0.943308499961725
  80000559     0.495078490124692     0.246841658701449     1.043047066993843
  80000560     0.945779602151289     0.915510263807442     0.607095469436829
  80000561     0.010545492168019     0.652348726600177     0.630307428681949
  80000562     0.828817232780985     0.563895034720849     0.870766248565413
  80000563    -0.085306196535646     0.193651768445427     0.059726427823446
  80000564     0.738107735189999     0.481822046238820     0.978929019645529
  80000565     0.914994383088722     1.175116986138364     0.268847592741904
  80000566     0.629503312331519     1.083280401565963     0.203930575220907
  80000567     0.139729235347707     0.007452876040099     0.701632031112684
  80000568     0.505417418431107     0.091368964232825     0.575801068402083
  80000569     0.739881158245811     0.190811815492895     0.716543220553948
  80000570     1.025537351138677     1.035280778474173     1.042691610768327
  80000571     0.404339112239285    -0.017103543947618     0.867965227082433
  80000572     1.061021030253236     1.044591684859439     0.025828510674968
  80000573     0.572833010677594     0.680293921306141     0.941792735878041
  80000574     0.413267098918082     0.073875193823537     0.446585717090591
  80000575     0.134442570462373     0.658478685124498     0.775771016614726
  80000576     0.179947626766161     0.141852209410666     1.079751276867840
  80000577     0.396585193850162     0.492209437580469     0.498800653242195
  80000578     0.872142660331720     0.321902219527790    -0.187903018746731
  80000579     0.651064372845263     0.607427716536378     0.406104861927298
  80000580     0.141363531198792     0.665956484039633     0.772946505552648
  80000581     0.105668305970886     0.682943412234793     0.825328092864596
  80000582     1.007000801964768     0.982007498453736     0.593256566637304
  80000583     1.091143187532033     0.944032753485563     0.420091610736533
  80000584     0.983744952812897     0.672883999913560     0.752566511081182
  80000585     0.940051651931972     0.565398628553753     0.913170416245907
  80000586     0.001981641670373    -0.030295229219690     0.802329708931966
  80000587     0.601241156289182     1.113372320599797    -0.088140655223964
  80000588     1.076316472162943     1.182430703052047     0.205662185792649
  80000589     0.925233038551918     0.607099379508829     1.214454141593944
  80000590     0.589531273692190     0.871474614804031     0.566397880914812
  80000591     0.856544258657511     1.012461543562039     0.213297190310493
  80000592     1.015977252998481     0.927447711149677    -0.036861646339637
  80000593     0.343989070258282    -0.085615781192748     0.636115920775753
  80000594     0.940227397128883     0.810792559635111     0.623084136703082
  80000595     0.698964720929171     0.435280390817680     0.479316880309524
  80000596     0.502890938313995     0.309986652790435     0.349892853342301
  80000597     1.008631111696391     0.577903868017109     1.003530603390685
  80000598     0.379641669510316     0.172380971721193     1.155120700549858
  80000599     0.219622403528713     0.950061082557423    -0.088029552528367
  80000600     1.026361927210970     0.541475738398786     1.045132212210489
  80000601     1.063013613547542     1.079855391017686     1.162317399582836
  80000602     0.631757920689427     0.566780822288432     0.532009001109362
  80000603    -0.007658197131362     0.982523641125735     1.266924373574751
  80000604     0.593381668356961     0.470083848577550     1.029319949516783
  80000605     0.462927603163528     0.236916123383841     0.483848855533966
  80000606     0.790080077361968     0.079805330229721     0.642078432657130
  80000607     0.287670813816621    -0.107710911111534     0.502176332868870
  80000608     0.324223783369876     0.503568998492066    -0.005479237366189
  80000609     0.050140151187217     0.838941304533391     0.366047173596997
  80000610     0.383254791698590     0.029846379369183     0.503836198549630
  80000611     0.789434525102279     0.196816115991978     0.986696594888901
  80000612     0.481545292256900     0.180203822463176    -0.006220391179235
  80000613     1.007415367928375     0.857524325011092    -0.095841061383345
  80000614     0.625344865810753     0.692722710698110     0.973394138436141
  80000615     0.602482609225151     0.974648772266780     0.912777287411864
  80000616     0.797627274710424     0.356913862814387     0.458813194697086
  80000617     0.559575335395886     0.247043330768592     0.573046922229504
  80000618     0.735121606238486     1.066912124453382    -0.122972869248581
  80000619     0.905604340091832     1.050919645356154    -0.025435331834417
  80000620     0.791384650275141     0.516419962365495     0.430642149066573
  80000621     0.801870179794963    -0.086164484400673     0.742706217445381
  80000622     0.332146968669251     0.891181172131003     1.294952824526202
  80000623     0.837085558279259     1.086072643693544     0.286019803628302
  80000624     0.513862235276365     0.322988918809133     1.050456246214163
  80000625     0.272660671943680     0.266333764314636     0.543940161182027
  80000626     0.060701509624989     0.377354707786423    -0.294718713662989
  80000627     0.250186416762610     0.065268898623938     0.828289098858743
  80000628     0.461855492565446    -0.098745657601365     1.226570056668590
  80000629     0.769747226868162     0.244126101374351    -0.265104231653359
  80000630     0.245407323223016     0.438581864561437     0.066862034937875
  80000631     1.017764713452354    -0.039716423159156    -0.290978634518742
  80000632     0.598984407943507     0.311208173108649     0.376394455880021
  80000633     0.584973184050410     0.687981879838944     0.970969705227276
  80000634     0.981209019118062     0.747474874628818     0.823715696523101
  80000635    -0.008274909360100     1.015526510717800     0.108412108608978
  80000636     1.060830888375665     1.011271934902293    -0.190199456407748
  80000637     1.081942811822572     0.913899356863521     0.834154035410305
  80000638     0.764901597961227     0.502799592454159     0.963753475727860
  80000639     1.034461605214459     0.325961728267516     0.404126986704279
  80000640     0.968847017312491    -0.131948522358445     0.679346379488970
  80000641     0.179223247049760     0.676617629860823     0.804723591063182
  80000642     0.998983109827247     0.581402466312205     0.447342793326397
  80000643     0.475259296160917     0.251358144742797     1.028080109547611
  80000644    -0.034240096918441     0.787327699039670     0.711088570626438
  80000645     0.794784657245460     0.581446758570073    -0.039801979910181
  80000646     0.944288086682672    -0.078150126909820     1.252161615770899
  80000647     0.498571731224063     0.330201598542389     0.584403467873172
  80000648     0.526189093486005     0.814701738953731     0.307869888200565
  80000649     0.761427431331981     0.436957001443400     1.149630994635483
  80000650     0.514850347759007     0.988446549692305     0.460022842766735
  80000651     0.430237817520546     0.582678916306146     0.492101332459227
  80000652     0.227592960876287     0.159763262570632     0.005420943950091
  80000653     1.083136895462739     0.923151817834434     0.425024110025753
  80000654     0.308776532393487     0.130269727822947     0.954438994152852
  80000655     0.612177502163325     0.002895368712909     0.944273203044621
  80000656     0.934399940526622     0.539038823971330     1.092437671821644
  80000657     0.039379958638725    -0.035325181897976     1.072085966020349
  80000658     0.732108013103389     0.833368266926290     0.400394355378492
  80000659     0.697560097102832     0.507694524109414     0.717096269642541
  80000660     0.163312639910672    -0.031418171418688     0.126273176394754
  80000661     0.132511229534612     0.652372686495115     1.042723476284768
  80000662     0.505926124431939     0.116157869585606     0.736472689840820
  80000663     0.745332661526977     0.313789058213040     0.513950494014599
  80000664     0.445422504023513     0.041591407190355     1.066623773588648
  80000665     0.533605906592297     0.966477389147666     0.947824189678866
  80000666     0.454727091004373     0.245537985373681     1.032723238499789
  80000667     0.293430858740514     0.132524841192528     1.109165726470319
  80000668     0.958593259580995     0.448956923709427     1.016310565202812
  80000669     0.063344472554787    -0.069273269034025     0.232811810464053
  80000670     0.361969070698263     0.976361328018921     0.450139445817327
  80000671     1.046267233602176     0.261907780418698     0.432819915804563
  80000672     0.484398640760633     0.878364164959112     0.554187466658661
  80000673     0.264996739151716     0.042565254400751     0.781323367703049
  80000674     1.041540287938995    -0.189956407093714     0.395664518397114
  80000675     0.868043043792859     0.674181709349196     0.596112897093298
  80000676     0.092323375213187    -0.134243310042775     0.271977763180843
  80000677     0.749370213625441     0.287821028038205     0.472119096705450
  80000678     0.334449176555053     0.883966387877323     0.460284468641250
  80000679     0.950396250544894     0.579418982913995     0.975724428069102
  80000680     0.607861157389693     0.721297934918094     0.253446441118051
  80000681     0.117629111324060     0.618334626642109     0.761984367837370
  80000682     1.012417641926670    -0.191897316668746     0.514953584726413
  80000683     0.452825319796063     0.151740457260215     1.213223208790823
  80000684     1.004277242141849    -0.073683364988586     0.474024935169280
  80000685     0.881757589358081     0.010827953339344    -0.074767433211830
  80000686    -0.009991166582962     0.899420695134713    -0.202710752566069
  80000687     0.878365423508410     1.087257839071491     1.118007360819015
  80000688     0.687054805662905     0.637284416554817     0.134886434043486
  80000689     0.951930538987290     0.492059095116820     0.524882114973009
  80000690     0.514270738154490     0.396700185499851     0.896654293135521
  80000691     0.087432804370131     0.653443754229237     0.810421365501272
  80000692     0.812561315592853     0.184657842670596     0.921276438688559
  80000693     0.719865834758689     0.966928601490196     0.304678623325437
  80000694     0.511604070427593     0.344982561727318     1.037346943184856
  80000695     0.189599189428420     0.953606279220576     0.426399481523597
  80000696     0.062826936315415    -0.094166630377782     0.248665497011062
  80000697    -0.032278219427477     0.891522068060209     0.887227730249767
  80000698     0.920014439352937    -0.165727280267533     1.111118263749974
  80000699     0.260977223788634     0.250130679535257     0.961897174956772
  80000700     0.966245058994134     0.511091639645663     1.052971529389506
  80000701     0.952516255429488     0.642249716790609     0.485174437183445
  80000702     0.247489392473799     0.008323304209487    -0.097887076802054
  80000703     0.344312849470618     0.509929524107922    -0.254507142859029
  80000704     0.677934338643751     1.077708812107659     0.664937842657903
  80000705     0.844471510378508     1.141443278636030     0.212113694704897
  80000706     0.816951315081208    -0.048453403377254    -0.275110490071701
  80000707     1.032194127583151     0.420704511162331     0.369546947993300
  80000708     0.933555505377925     0.476545560092299     1.010100978030355
  80000709     0.457317078863523     0.144299598382751     1.033892435205073
  80000710     0.389353052836551     0.272719003487196     0.991208295846074
  80000711     0.092826036872684    -0.094500431985495     0.243721611317493
  80000712     0.478528798530398     0.695529829138701     0.420263200068070
  80000713     0.845727853828061     0.256389599140863     0.599682635332222
  80000714     0.104917020633018     0.044097952405527     0.715936479025044
  80000715     0.396212060620282     0.308135128185624     0.698665084893286
  80000716     0.383985773611697     0.117163523373380     1.028736403701223
  80000717     0.511417617929074     0.686754597658612     0.527896701063763
  80000718     0.471168530154534    -0.094875568990314     0.674027065496998
  80000719     0.158897094932769     0.095813579229773     0.593728012352360
  80000720     0.303032103469514     0.562606076087293    -0.114772541378096
  80000721     0.612630878371229     0.714079162043677     0.958633497436596
  80000722     0.627567353382753     0.652415410144658     0.078785134178588
  80000723     0.194026826150464     1.098378582885715     0.544072216118343
  80000724     0.259126776538445     1.179740065847888     0.465577876140497
  80000725     0.610378933963668     0.687727846206527     0.455845926107494
  80000726     0.697895380118547     0.561343504926158     0.904533751281715
  80000727     0.893491151570557    -0.017482321421377     0.867753952954130
  80000728     0.419976502585079     1.188267690504134     0.820610457560474
  80000729     0.197085319209168     0.401758394480777     0.736261364113846
  80000730     0.969883702999709     0.551604630537213     1.024687000974179
  80000731     0.659060849239636     0.675242328851778    -0.134344366331527
  80000732     0.411452766709029     0.275749164437641     0.749540964685156
  80000733     0.609167184384657     0.596485791184888     0.378703067289571
  80000734     0.766882684927702     1.113701284402216     0.170765008788343
  80000735     0.565073323990238     0.691305149809432     0.941436799275750
  80000736     0.119004791019453     0.637597836269501     0.768753190465239
  80000737     0.600565819508777     0.655138391617896     0.964096742627372
  80000738     0.309435989784962     0.257466651750424     1.042327966776031
  80000739     0.245728745751961     0.698107609114487    -0.068123745618786
  80000740     0.976566215296641     1.014256969357266     0.063943063918914
  80000741     0.256792799955398     0.690456711950255     0.407105578562185
  80000742     0.972797307344656     0.057252768401963     0.243390243880232
  80000743     0.068991747452484    -0.010220312119803     0.874977747808676
  80000744     0.872675727946607     0.788404707084899    -0.204616990541774
  80000745     0.919005491539741     0.512369336299149     1.006582747795020
  80000746     0.035865483922125     1.073886859987301     0.632401021316358
  80000747     0.584405225433510     0.686169671484059     0.987846584517088
  80000748     0.550697297884454     0.342704986094474     0.324211799353695
  80000749     0.164179529459534     0.643400394967732     0.804050222693037
  80000750     0.313303343373795     0.893556761991339     0.461850397781209
  80000751     0.118486211198054     0.665371785136877     0.777662516791190
  80000752     0.975740374089072     1.005432672977128     0.320215434787383
  80000753     0.067718282962496    -0.104802461258328     0.244787979037661
  80000754     0.405494022687302     0.047738776309946     1.038187031821902
  80000755    -0.076374182985825     0.785625579675841     0.211115632026413
  80000756     0.246474358463695     0.749177272356963     0.721746899428090
  80000757     1.063292536506087     0.721116583572302     0.000050717145718
  80000758     0.582444836573958     0.323312621669156     0.848376381754985
  80000759     0.806826921790030     0.661308474797246     1.124760545783160
  80000760     0.589901703460253     0.839007885566526     0.003114551737750
  80000761     0.581129617487868     0.642692441018168     0.596528352985918
  80000762     0.681006463885360     0.582918806661127     0.754097294690362
  80000763     0.763333564911644    -0.119194455216105     0.716203205943537
  80000764     0.460840939165299     0.059179395195693     1.046562134326400
  80000765     1.022289563352696     0.115620002885500     0.568092646425426
  80000766     0.296329521104107     0.158698801948055     0.539772411061859
  80000767     0.493820281936865     0.069873665830278     1.022897054956535
  80000768     0.288918727656030    -0.153301311794622     0.981954196011402
  80000769     0.062813861059768    -0.111275784293151     0.249651788751573
  80000770     0.827462023757931     0.279530015830446     0.294877956117923
  80000771     0.300114655937167     0.577587153177979     0.585532173397310
  80000772     0.339592427535430     0.092690368847017     0.836900577596887
  80000773     0.931596182292439     0.213768048482445     0.827995772011599
  80000774     0.465124585132980     0.757379642716512     1.190309826585320
  80000775     0.615181343475205     0.712321808545147     0.927260995173158
  80000776     0.242546640533969     0.102516656602305     1.084779163812651
  80000777     0.616584625846982    -0.182492676591529     0.083699937929613
  80000778     0.256730980401485     0.222467910501668     0.936280592758574
  80000779     0.759769317264504     0.158138781423382     0.528603724491300
  80000780     0.257355366419543    -0.098218591127222     0.789061687469003
  80000781    -0.023072254074485     1.116702771763343     0.788533141319926
  80000782     0.393236059461232    -0.014170770810779     1.037954360786701
  80000783     0.511870815172263     0.321924981434179     0.064127520808015
  80000784     0.606721692213846     0.100780142334384     0.504760238356326
  80000785     0.748280748513248     0.210750730178129     0.884742327032302
  80000786     0.073259955874978    -0.096114191664205     0.243217518780105
  80000787     0.501209599061598     0.527209857294537    -0.248139847256341
  80000788     0.084870253123392     1.179256948527085    -0.153054620836201
  80000789     0.077017405957584    -0.104002634705524     0.241611688396431
  80000790     0.183120231651298     0.233196895593218     0.717822401629874
  80000791     0.616095080950796     0.703986978749480     0.938258028253828
  80000792     0.660472471162347     0.266361113042421     0.420651042415817
  80000793     0.944733654767411     0.543980989801784     0.691275606024555
  80000794     0.568740522903240     0.699624502647989     0.981131246081414
  80000795     0.871001756232425     0.631530516846583     0.893784576126754
  80000796     0.913587484293024     0.540212130468953     1.015440310540910
  80000797     0.540599519684257     0.342782209132182     0.516991417627049
  80000798     0.893203968901607     1.032210226193319     0.146559359944993
  80000799     0.735351480966723     0.884840848746183     0.131068648765305
  80000800     0.926124120015145     0.527834143020558     1.065535119793233
  80000801     0.128166954934717    -0.124909443836104     0.984862328484916
  80000802     0.213824002019839     0.113103431128274     0.596177446557009
  80000803     0.751313905626809     0.281465069522907    -0.021579514234257
  80000804     0.071334029523726     1.037994678773958     0.758049399378183
  80000805     0.534424196761607     0.675693311443176     0.945997640849384
  80000806     0.366845078715054     0.197186031459946     1.075476695074700
  80000807     0.407616075749786     0.842013159639029    -0.231274480137315
  80000808     0.774629869042177     0.269652212204544     0.394399564992873
  80000809     0.429845234149136     0.044796223418526     0.029339149081835
  80000810     0.716846381178222     0.497538177867126     0.808622302086531
  80000811     0.595960728195730     0.740889768038207     0.951940874911985
  80000812     0.417458449863733     0.919870576300026    -0.056562632536795
  80000813     0.191255163637184     0.068758989285426     0.769041025507032
  80000814     0.759954143002387     0.250777849055669     0.567635327860620
  80000815     0.919020520842449     0.557423762831479     1.026588849034529
  80000816     0.930088076830210     0.950822226835971     0.917407963802560
  80000817     0.274676735446953     0.062539847549937     0.493402678211884
  80000818     0.058117128463993    -0.092788012193916     0.277738787890401
  80000819     0.987944433221458     1.173694142383674     0.495692721083134
  80000820     0.496993526667598     0.886047684806776     1.297261427705169
  80000821     0.410738178552472     0.672505972017534     0.740296970270953
  80000822     0.058402388711442    -0.072562767267124     0.227537354401985
  80000823     0.989033732920619     0.538667221242178     1.016497714392238
  80000824     0.570962811018224     1.049394506649677     0.243036794412463
  80000825     0.723454734407461     0.826874456048803     0.814425217063593
  80000826     0.040528923634295    -0.093555309169086     0.256225225200169
  80000827     0.089235227032086     0.070634369321226    -0.247140587538291
  80000828     0.255507673044223     0.173770085205884     1.049965059799615
  80000829     0.031479114050483     0.840401392399806     0.666141842804371
  80000830     0.307093739582989     0.578469901452930     0.725984067487575
  80000831     0.237038537663019     0.191511965932253     1.142250874917166
  80000832     0.073268941798724     0.276748328662735     0.744034011751265
  80000833     0.439268742101575     0.469809361712747     0.700813726441588
  80000834     0.361858145347768     1.136280369027244     0.742824550685809
  80000835     0.619131652716319     0.697083323501436     0.939875440634454
  80000836     0.132091150496540     0.639031603573265     0.761461608181957
  80000837     0.593493328194200     0.018394235918668     0.547718071716161
  80000838     0.119555892911705     0.654338357493507     0.792154449513851
  80000839     0.584366197014659     1.095209259614710    -0.120538010695234
  80000840     0.130445961082905     0.479107679786822     0.880838181859070
  80000841     0.126692602183383     0.260152159870039    -0.088723526527360
  80000842     0.573943509652258     0.680481542134603     0.633724180652680
  80000843     0.979874280674220     0.547339157106687     1.019954303010520
  80000844     0.266331671318748     0.501712818775101    -0.087224826263444
  80000845     0.557485639866378     0.690217291306956     0.997275475813441
  80000846     0.882051620669434     0.566725770604984     0.126027495956661
  80000847     0.667295758299959     0.235452227398685     0.934240055706587
  80000848    -0.039583660675241     0.324964432362678     0.671029295613620
  80000849     0.720778159019970     0.262955205495878     0.392287434836950
  80000850     0.784839291312889     0.325736928999398     0.838648455479767
  80000851     0.340222726632786     0.719890086744464     0.250063269901737
  80000852     0.275609570767951     0.272979503522897     0.359525857776343
  80000853     0.042937868487530    -0.065291697266223     0.250336489545376
  80000854     0.995403500456793     0.540282794550619     1.014577569608999
  80000855     0.103956639225324     0.194825162122131     1.098363212812213
  80000856     0.896470657136698     1.181688792634109     0.378233568291284
  80000857     0.557943371609973     0.683943764309185     0.964018019700361
  80000858     0.432460396225540     0.136064730829903     0.874029992869674
  80000859     0.360643252944034     1.015908988333523     0.456779448954881
  80000860     0.794999162571772     0.484045077160099     0.378823557711928
  80000861     0.875704975988052     0.569404759083965     0.463814042897336
  80000862     0.093084592561852    -0.094604486288716     0.238926729213399
  80000863    -0.007434384047522     0.789081798278974     0.406654122003538
  80000864     0.555954235432305     0.664484419479103     0.958782001454580
  80000865     0.340143063683452     0.156918636974603     1.125853981100944
  80000866     0.062411677907829    -0.106501212780928     0.247733474161327
  80000867     0.670087364313186     0.473044481857096     0.410705593238165
  80000868     0.566944933210213     0.726809956242821     0.969325390597680
  80000869     0.313226594955708    -0.026314559970480    -0.125268237015378
  80000870     0.344409464425407     0.614924965586765     1.125415961266104
  80000871     0.985871533945078     0.312132035158834     0.286517882483385
  80000872     0.169864021612040    -0.141317930972836     0.230463682329189
  80000873     0.925620227631511     0.757299403367501     0.264129237810710
  80000874     0.709832019237579     0.444521180757657     0.387067660116600
  80000875     0.592756150182634    -0.136560304807173     0.443153297615744
  80000876     0.394804276518008    -0.011279765865287     0.891165540943070
  80000877     0.660812900417000     0.469099722314495     0.287292908864996
  80000878     0.515794976596062    -0.020285790162558     0.582840844850880
  80000879     0.178197033078728     0.652566722014070     0.782138567719291
  80000880     0.579414712033471     0.793162236511291     0.627711670976811
  80000881     1.013394325401009    -0.118725862951334     1.212057565696657
  80000882     0.667500625572668     0.379746054583978     0.347659811411020
  80000883     0.002715761136567     0.110341396893530    -0.294224031957616
  80000884     0.120412773573070     0.323218815163269     0.768056835195879
  80000885     0.228227193356484    -0.174481874724862     0.827933607356054
  80000886     0.329066140302487     0.006320117605225     0.476050551999733
  80000887     0.496688361822320     0.754958113290424     0.741255027432550
  80000888     0.576412797519903     0.698289580767662     0.911091286127181
  80000889     0.761555913551191     0.360273299766269     1.107186218389231
  80000890     0.554441326429674     0.689908397998030     0.970770893246727
  80000891     0.174957028319012     0.652105688915154     0.785251281890817
  80000892     0.956890820484452     0.508666100334894     1.004512487551223
  80000893     0.347592322366998     0.231749319272272     0.048982136712309
  80000894     0.517519503549668    -0.164888075204872     0.482689007474571
  80000895     0.053632975586509     0.750238027886393     1.121591759347487
  80000896     1.069257269690216     0.327032287471913     0.622657258761581
  80000897     0.930932119669298     0.537713377303929     1.065122854591987
  80000898     0.449318073800623    -0.188726798246482     0.736478947249053
  80000899     0.007635906688279    -0.089966769589033    -0.249669169580038
  80000900     1.036083849722899     0.341274659163595     0.506768255322189
  80000901     0.270767500056729     0.015360388094209     1.044213644947435
  80000902     0.178388047614257     0.264348884523712     0.031795578552610
  80000903     0.733090100992192     0.919857060250772     0.655818327819572
  80000904     0.804772822879714     0.480725893026504     0.441992843563125
  80000905     0.895678302688661     0.553979527316923     0.948380451564679
  80000906     0.525213604644996     0.960685617301472     0.394231310016418
  80000907     0.080686168002030    -0.080642424469300     0.246712594795546
  80000908     0.766269918084209     0.387904707291665     0.897147234501361
  80000909     0.679479389438412     0.204328529038064     0.395561000231127
  80000910     0.230190136116048     0.284681918964289     0.284709091520945
  80000911     0.516674020753576     0.279054606586613     0.436657607963874
  80000912     1.030703398256995     0.885288681082191     0.783422426328899
  80000913     0.087686900975262     0.527554840954811     0.463854885124373
  80000914     0.630083996775639     0.944379013424152     1.157472000733121
  80000915    -0.085450160657129     0.608085910554827     0.170613412023949
  80000916     0.031038234465105     1.155774630135435     0.411413138650659
  80000917     0.976851380217068     0.494691443295325     0.991671517223735
  80000918     0.726619563660805     0.928636703979467     0.524917409670899
  80000919     0.603984179781803     0.723627078165454     0.954267295637937
  80000920     1.076177594275142     1.058412752932903    -0.046241379514996
  80000921     0.290861863208746     0.102375945656186     0.642500935360302
  80000922     0.375006322297291    -0.037301318723674     0.829884015487118
  80000923     0.536919021561334     0.268856466617649     0.977822787926318
  80000924     0.693086066517066     0.279989796435138     1.007250511073829
  80000925     0.057298845382109    -0.096071230486575     0.218022469718222
  80000926     0.708194848716626     0.521279259100172     1.046247783296088
  80000927     0.574449156012783     0.735360890396174     0.908678722375479
  80000928     0.800663768115163     0.586787219026782     1.012560259910836
  80000929     0.003965342444178     0.825977549469686     1.228257535745186
  80000930     0.629405893125435     0.508828479598541     0.172643097915195
  80000931     0.859803522140719    -0.052937830816856     0.725569661126419
  80000932     0.568511489218486     1.117363442317002     0.280134675266449
  80000933     0.785311776628678     0.729486760691874     1.010746295325761
  80000934     0.187082075280529     0.044409908746013     1.283516289004274
  80000935     0.869574104672722     0.851591300796078     0.200187542642933
  80000936     0.595195641529125     0.255226791338846     1.222046437952796
  80000937     0.488729451385362    -0.105005740042450     0.501756462284943
  80000938     0.808713460979136     1.008463911161211     0.223552998641593
  80000939     0.329526271430564     0.957010469390443     0.601879605399166
  80000940     1.079030368466351     0.587643671434458     0.041280350450649
  80000941     0.291971797420514     0.113217924223646    -0.000501920576702
  80000942     0.709753304935246     0.880732855864603     1.138913263533229
  80000943     0.324917997826977    -0.039438451774854     0.633052155055327
  80000944     0.947914647948539     0.546319993038900     1.042105222825411
  80000945    -0.006478560207640     0.378023519092257     0.696785359272932
  80000946     0.967131394594339    -0.192712225047793     0.015880205450937
  80000947     0.132577723993346     0.662957252118160     0.801372720374583
  80000948     0.291920868064151     1.120125646187373     0.937442284634431
  80000949     0.584787184958301     0.571060044506719     0.558434320877315
  80000950     0.695252062447116     0.920307747952113     0.344068690692832
  80000951     0.580604871690622    -0.020706749286423     0.654612975582444
  80000952    -0.046666805870395     0.780145638319699    -0.123551494821442
  80000953     0.419859890991767     0.577589385834428    -0.105740286099047
  80000954     0.053404720443247    -0.086988871650484     0.234126424516885
  80000955     0.559818624829442     0.920153179354279     0.645420784901972
  80000956    -0.043520710138131    -0.158825019023848     0.051814527734463
  80000957     1.021946305671672     1.125981122238267     0.191501064594937
  80000958     0.414615159830978     0.433756952942924     0.421078700627981
  80000959     0.817782593374089     0.465906006009021     0.056882369616501
  80000960     0.207449372263556     0.113734664757997     0.673714458551632
  80000961     0.734775594826477     0.200465922535111     1.022106270884210
  80000962     1.040486128279962     1.159030214351809     0.767932995417950
  80000963     0.634715244148848     0.340220659156631     0.998087468573948
  80000964     0.124234761553745     0.761162329079476     0.847629809121960
  80000965     0.053627084860445    -0.071696692117322     0.222601989130840
  80000966     0.596170937066572     0.677356981810568     0.973706578166929
  80000967     1.014773828983868     1.177857070833736     0.272217851678021
  80000968     0.455980066295441     0.108865214385398     0.691190223859784
  80000969     0.561904600702949     0.699959049654463     0.924380416716824
  80000970     0.977546505309997    -0.112841390063229     0.697938351673290
  80000971     0.065435655671725    -0.102381122823377     0.229407552838344
  80000972    -0.080878882813854     0.364356378595410     0.272432761111544
  80000973    -0.023555486299357     0.608374504737425     1.261266153244195
  80000974     0.972818251574997     1.091618577035786     0.513970944744698
  80000975     0.811947411422210     0.493041988046747     1.046909682274927
  80000976     0.676457137949434    -0.098128506256132     0.176914388119852
  80000977     0.198421757165955     0.051824273059516     0.912271170175743
  80000978     0.153585542542890     0.137497435927653     0.727763155195112
  80000979     0.398973166035035     0.929129121979533     1.239623836092406
  80000980     0.353481984699183     0.060013157300818     0.678842148026054
  80000981     0.904367051951016     0.689057280708363     0.610761244770096
  80000982     0.160147199347943     0.168385632452043     0.026490231811037
  80000983     0.231179128768055     0.636572596119148     0.263780137531578
  80000984     0.147170129783998     0.646953698445273     0.782415067743316
  80000985     0.962241140326220     1.083739617146050    -0.089676971515775
  80000986     0.625323357836576     0.732948646268362     0.679603931094188
  80000987     0.395807211156970     0.053916105010024     0.304579134895227
  80000988     0.255845435250974     0.071798515700018     0.718060550028529
  80000989     0.626335451659731     0.146264424916776     0.618794446642526
  80000990     0.075361944544180     0.207131387291730     0.897003688215355
  80000991     0.573601385100073     0.749586632625909     0.924016501484503
  80000992     0.063160808953225    -0.006037009622449     0.676601379697258
  80000993     0.274253390556126    -0.010451893554633     0.637944275857504
  80000994     0.650407616127902     0.341758766119441     0.884307288290425
  80000995     0.316802286471441     0.124227632209834    -0.070766426705941
  80000996     0.579171913528616     0.739561281434719     0.966866189661023
  80000997     0.899624059342362     0.440070740536191     1.113010706846415
  80000998     0.564953110841400     0.430415427191479     0.761442994543190
  80000999     0.435265229367427     0.198505964227031     0.770349399145233
  80001000     0.451229725450116     0.113241870334618     0.773425585966458
