 280000001     0.742623198435058     0.218027923768740     1.123158725321752
 280000002     0.542032139168688     0.090754257961326     0.538869765747052
 280000003     0.511632359242758    -0.110413771818838     0.407704313145932
 280000004     0.924382714747826     1.023804309635814     0.615778158841346
 280000005     1.032500191226777     0.551731410716497     1.018784594258011
 280000006     0.600689365194718     1.067565721891621    -0.014359446294479
 280000007     0.196606898321299     0.633505029493662     1.012405020603386
 280000008     1.001875678314639     1.146715184463410    -0.142100009312999
 280000009     0.812151514046436     0.449445423591917     1.100580213749903
 280000010     0.282435171422642     0.079254712732784     0.755114354286754
 280000011     0.602400662929683     0.666948522044653     0.726407495027999
 280000012     0.198408263795694    -0.026278500160939     0.152768784812468
 280000013     0.036088672264793     0.841443348880452     1.269144524079309
 280000014     0.630672725954324     1.050619919905240     1.266058968268069
 280000015     0.683753502722467     0.395801791439098     0.263144994417012
 280000016    -0.001486152501519    -0.016288471521930     0.841200584519989
 280000017     0.243910041000559     0.640913302904546     1.295552435144688
 280000018    -0.087918559764859     0.176848677733637     1.167091748330483
 280000019     0.344865853918403     0.500005212940419    -0.102512341760539
 280000020     0.939898681979881    -0.095161315316627     0.857535363500129
 280000021     0.906819284233383     0.728519790233479     0.434905235304542
 280000022     0.985266869999010     0.404779090235585     0.759689844193818
 280000023     0.621576428954555     0.502634977322639     0.709332091355595
 280000024     0.957709365217864     0.342949557851535     0.567462095624757
 280000025     0.556910911892755     0.687870707357257     0.453544550492483
 280000026     0.156614099174604     0.005159218526125     0.914865782832252
 280000027     0.983977318869076     0.480523767546415     1.011813185128836
 280000028     1.009778966632472     0.878193451276720     0.424713361680450
 280000029     0.327423056103085     0.163279359194956     1.038031231713922
 280000030     0.307393214511245     0.091767873466617    -0.174351518284724
 280000031     0.692111969794214     0.428161631373761     0.378363095851257
 280000032     0.892550092564338    -0.069043708561282     0.318824258444072
 280000033     0.498356162554640    -0.118239777978958     0.444825393916786
 280000034     0.268802523084667     0.111742464939615     0.058438136820500
 280000035     0.217519530579571    -0.026846040812471     0.594698167401259
 280000036     0.484699497772142     0.237023233530232     0.640769961899412
 280000037     0.330994023763467     0.242284234842834     0.438294302838140
 280000038     0.743223968955194     0.469311896239870     0.307254120358461
 280000039     0.766512536436712     0.030553331221810     0.024087179984395
 280000040     0.551922617266977     0.706705529622560     0.980378825297834
 280000041     0.885231768111389     0.354421040612520     0.439352153910264
 280000042     0.561675603444072     0.684365471992816     0.961441131383239
 280000043     0.643798839509282     0.860339820149550     0.354672283054919
 280000044     0.080798538549022    -0.098425719426711     0.275863334481978
 280000045     0.110151761301165     0.157920766213705     1.037738039874566
 280000046     0.297240705218223     0.076572110530483     0.631452817059047
 280000047     0.041432168543299     0.718494711833106     0.197143806412622
 280000048     0.118788970827113     0.652355042301273     0.746209125640788
 280000049     0.833582087994350     0.761374669587358    -0.199062893491125
 280000050     0.220338232537705     0.713824238623616     0.729957565555706
 280000051     0.871631580212487     0.534892307671362     1.041846537739970
 280000052     0.983287963816024     0.565633420591992     1.002019137113559
 280000053     0.568266508492689     0.276512838242875     1.056945755887094
 280000054     0.237627711034491     0.840866717642628     0.360693146823129
 280000055     0.592068570244940     0.720062168000651     0.985116083173340
 280000056     0.893276379719869     0.426998201678573     0.825208443326333
 280000057     0.188242623081190     0.679767067356725     0.785784397701502
 280000058     0.946960146556981    -0.066979146689214    -0.255056592491227
 280000059     0.371400521140747     0.754608699969051     0.914059034044627
 280000060     0.179741445986580    -0.031665028534828     0.638579553492473
 280000061     0.896843269548748     0.249553655440015     0.420268878161073
 280000062     0.833727374774350     0.005664604776702     0.699938669320088
 280000063     0.451889301049893     0.857763770460998     0.604824759656209
 280000064     0.626717328540179     0.450797390620372     0.457817827755940
 280000065     0.395129840412418     0.084906789005236     0.993054269208967
 280000066     0.175027247846848     0.586357858719319     0.488637142403805
 280000067     0.141771874419153     0.688658805499632     0.643199670373116
 280000068     0.488488304965918     0.167888218220545     1.046160777785822
 280000069     0.410972335319220     0.369361201115284     0.009949105438669
 280000070     0.106833638858884     0.649191385390299     0.770720934643734
 280000071     0.720750338470956     0.617239082554912     1.055486585819683
 280000072     0.315786901247174    -0.171843923176766     0.778052340134773
 280000073     0.538663520543361     0.209500914582653     0.229283391154951
 280000074     0.691498023726000     0.192272152614666     0.116922208802618
 280000075     0.298861992732673     1.091599918325511     0.705132856972235
 280000076     0.691721062485114     0.467233011572169     0.696577910963945
 280000077     0.573309135679668     0.570845779411768     0.454948224460621
 280000078     0.619601821987209     0.918756199128966     0.221904622774825
 280000079     1.023857425191271     0.491892976073152     1.026613782373887
 280000080     0.621482686111093     1.084620680654938    -0.056849855119841
 280000081     0.234006912656670     0.421452232925639     1.228598873473145
 280000082     0.883565537036997     0.866831022179146     1.221616617644538
 280000083     0.147118185198924     0.637354782590231     0.803112297637259
 280000084     0.716375911362813     0.281500723200717     0.272884739240888
 280000085     0.060476481280860     0.254935926172488     0.116923111768355
 280000086     0.407450103917627     0.582714264576334     0.235742709800777
 280000087     0.539114326066845     0.125230927871867     1.073058430890175
 280000088    -0.015264171498643     0.532115399072791     0.692348859379767
 280000089    -0.035809865767591     0.571018393665099     0.564177241978415
 280000090     0.811539354346228     0.233170883994326     1.071384247478746
 280000091     0.594561457414269     0.435888608452288     0.800135826386422
 280000092     0.943429798044322     1.077792197820570     1.204310812614972
 280000093     1.003779387858625     0.552071898338777     1.030039864224236
 280000094     0.563947489461491     0.567535333831983     0.242221286803478
 280000095     0.051592317697156     0.236081192447015     1.265014693041180
 280000096    -0.034369527294582     0.349434580259758     0.999541263077250
 280000097     0.702762521429930     0.640569864972497     0.256517412948510
 280000098     0.902074721141854     0.030722243342592     0.445611801169083
 280000099     0.195401426257254     0.644066251221027     0.797236929278669
 280000100     0.384354722045390     0.276983978592982     0.582057323686430
 280000101     0.902430385771970     0.393320708046100     1.057948949788468
 280000102     0.871364193535713     0.464865239590930     0.693420628063017
 280000103     0.070060021620772    -0.080458243762736     0.253394921892853
 280000104     0.898561047768841     1.097831590978487     0.011328678555071
 280000105     0.255523838395476    -0.087884113162464     1.034726230245335
 280000106     0.689542086031154     0.588786472636291     0.889219225030290
 280000107     0.606647399130961     0.238015142827039     0.548857043410650
 280000108     1.057058298912573     0.716503312718305     0.198915723535822
 280000109     0.411337111843756     0.073304089734470     0.007254752470211
 280000110     0.950060438539724     0.497688822182285     1.011235282263499
 280000111     0.916249841149501    -0.146074544792250     0.540311143609170
 280000112     0.887584217812371     1.086915363830799     0.649599855722752
 280000113     0.408203855306128     0.875832288849952     0.521192205056602
 280000114     0.757501748109195     0.821324175358602     1.176690075323254
 280000115     0.496010876177365     0.626108338011142     0.643332169853711
 280000116     0.913497551353016     0.517030987585993     1.010895371584477
 280000117     0.969430508974161     0.509174397272069     0.994864757633424
 280000118    -0.032702998589821     0.474835799272222     0.404929198206488
 280000119     0.071836984141482     0.229443745746523     0.323595488701811
 280000120     0.979101875446023     0.554245901261254     1.069225678018413
 280000121     0.933290363869168    -0.168516820507498     0.030790503334129
 280000122     0.972819331823262     0.562136589766737    -0.233184784257424
 280000123     0.389140276471165     0.208209466240031     1.104502508449114
 280000124     0.359931956268832     1.175722512872767     0.261279458734787
 280000125     0.707850810019358     0.072067762487991     0.221929580381581
 280000126     0.344402680898253     0.238599518341580     0.842465410225729
 280000127     0.856669851578786     0.935012358600666    -0.025793062246577
 280000128     0.203600980354985     0.752436216269119     1.160921163801665
 280000129     0.112391269376434     0.423696049948199     0.471325920272815
 280000130     0.342974710368045     0.395259710402599     1.125377441046897
 280000131     0.916690743016854     0.109342409115603     0.164586527958787
 280000132     0.375721627745246    -0.189714826681419     0.688557100815726
 280000133     0.155581396539905     0.675412797534181     0.793817831530629
 280000134     0.601030671807271    -0.048845656597345     0.483247450645038
 280000135     0.227864849161963     0.054906386813156     0.631949225412730
 280000136     0.756894484590293     1.139106010794856     1.103894306000235
 280000137     1.092573545315190     0.934280389144781     0.276233912679160
 280000138     0.470437451994271     0.218612091852420     1.221389643921803
 280000139     0.863734329586899     0.305227618713636     0.990210090168183
 280000140    -0.023499585090957     0.255749353979730     0.163757832188495
 280000141     0.856745794529734     0.147444939004901    -0.242876741607192
 280000142     0.658618278434005     1.132603245014940     0.476267226941943
 280000143    -0.041035301044925     0.700062329679649     0.560553520406300
 280000144     0.166931579707932     0.841502870772837     0.906510223074315
 280000145     0.583983118216389    -0.071478440099286     0.730647477610118
 280000146     0.806801700533973     0.377171344167627     0.303102815682182
 280000147     0.636563884826302     1.064982783259582     0.938912048445551
 280000148     0.655237189967433     0.266215921737323     0.295550340894250
 280000149     0.074045719694450    -0.094273962731517     0.231401830555476
 280000150     0.533431207440975    -0.066228437959421     0.911850594888183
 280000151     0.122430301382026     0.446864790846013     0.699087987789807
 280000152     0.142644113749647     0.622456500499457     0.809386708146353
 280000153     0.090783816512568     0.736409156203826    -0.035100260377969
 280000154     0.384647810915823     0.060997279157322     0.800218358262830
 280000155     0.866715027861226     0.120667256320920     0.446314655019706
 280000156     0.980251865558123     0.853503648512234    -0.016922881281241
 280000157     0.969431196767612     0.104544245903677     0.196693938863559
 280000158     0.688961347028064     0.361932573279795     0.781587941354963
 280000159     0.352184658572197     0.021106183370151     0.712440680154236
 280000160     0.127965741392168     0.707140932441073     0.799469760558107
 280000161     0.974458429358985     1.097925646297393     0.597827190366733
 280000162     0.955377765547313     0.739846061246028    -0.157354685657439
 280000163     0.290375441699364     0.103132377600713     0.730621459160395
 280000164     0.754863277635537     0.456237623840634     1.066443459157486
 280000165     0.475296707893492     0.043867079449368     1.051992706115774
 280000166     0.730399057489630     0.751352917513801     0.180954297089506
 280000167     0.615458519908260     0.058110423506444     0.712627768323609
 280000168     1.004427078484394     0.921225997225560     0.110214629888387
 280000169     0.425619794891346     0.013802322700546     1.027520446524552
 280000170     0.027624148054106     0.941600261009593     0.252962855302571
 280000171     0.399223772087011     0.121056366389543     1.045115695064241
 280000172     0.344326826814337    -0.091675850306744     0.903050712761134
 280000173     0.144498343213130     0.687325701080488     0.812415269254439
 280000174     0.581022358752717     0.154299758905811     0.998019547687128
 280000175     0.367078994292678     0.023832745282187     0.561546139190369
 280000176     0.667400865073365     0.121122671933154     0.368674006992381
 280000177     0.420884308832683    -0.011942810959709     0.412744362466506
 280000178     1.003196868145620     0.381505293430433    -0.232462284919030
 280000179     0.720039878698573     0.457128325144409     0.373394225034343
 280000180     1.055359141672842     0.541478187321413     0.235776626921086
 280000181     0.083791091600252    -0.108508962467027     0.233802768709427
 280000182    -0.086311121868637     0.289046048430872     0.392857444729496
 280000183     0.331266000098974     0.307390355276217     0.278806689339758
 280000184     0.571958337402648     0.307330948043655     0.554730379939805
 280000185     0.482523858596021     0.413272800630848     0.846487985135615
 280000186     0.929249755772215     0.727783725629092     0.996206918686598
 280000187     0.360364042440092     0.247996979057498    -0.119263798225651
 280000188     0.575619171649179     0.219251136684957     0.894679256660103
 280000189     0.479276788830344     0.318202148337100     0.951147986041972
 280000190     0.617293967778185     0.686585716094303     1.012322729090344
 280000191     0.542948286168446     0.701964104971155     0.945324724979781
 280000192     0.332672352092901     0.201219336277612     0.653329835395970
 280000193     0.737411425530102     0.260774513791904     0.969986003683276
 280000194     0.117154852152588     0.671416515108242     0.780632822234632
 280000195     0.304474803654104     0.084727423498599    -0.048316711297641
 280000196     0.941885448550846     0.315520728308696     0.418042905375585
 280000197     0.939559375763173     0.474698495207287     0.719623534677803
 280000198     0.535668314802776     0.250059468867572     0.661162610522047
 280000199     0.991021351840034     0.875248682970266     0.358965779071072
 280000200     0.350153190901278     0.137927270432256     0.076684352843150
 280000201     0.805332993201088     0.454155173102841     0.012025346560535
 280000202     0.055520737208414    -0.123512769583709     0.276626645355642
 280000203     0.516259680993825     0.772745433640442    -0.132342598357508
 280000204     0.365998077526234     1.077584093661331    -0.298662503010496
 280000205     0.156004235949734     0.342234832337597     0.118223119608533
 280000206     0.146927448565173    -0.115795346755620     0.605717517004790
 280000207     0.468710129552946     0.548464992392030     0.596654492169528
 280000208     0.636906609755059     0.862241080681685    -0.016787836400461
 280000209     0.641557195783392     0.414834143514266     1.141480566510824
 280000210     0.301298763918871     0.473913693311989     1.176430104746608
 280000211     1.061530032231531     0.529895660858522     1.266458104942565
 280000212     0.674524638952578     0.094776337207483     0.976889448020555
 280000213     0.574135489269341     0.236613899421400     0.166981343837177
 280000214     0.766474003935841     0.316300551471556     0.593935581614845
 280000215     0.615026326092908     0.960594446810298    -0.291653803077084
 280000216     0.058733874365372    -0.099455104822920     0.246220679665550
 280000217     0.355029642668305     0.207413348771875    -0.052682522298904
 280000218     1.041246983974076     1.084183557981647     0.383276558875310
 280000219     0.228489781818047     0.260225037004601     1.034337827116324
 280000220     0.113232325609783     0.219099376951070     0.908701177792474
 280000221     0.308352532378986     0.178517690919250    -0.029385950103742
 280000222     0.289074902061675    -0.028488631552638     0.915751214407384
 280000223     0.544373594333452     0.723541261412813     0.946428476652088
 280000224     0.742942401788677     0.967626963462515     1.133372817203817
 280000225     0.916720965753881     0.199950149684905     0.300684521417041
 280000226     0.681987436676341     0.268384247267889     0.793222431056446
 280000227     0.203825487018432     1.147581442508557     0.158040777052321
 280000228     0.585306358677660     0.698711161054547     0.981006231963241
 280000229     0.284661384237151     0.103636225466263    -0.042415416937772
 280000230     0.033630659866563    -0.086546263807942     0.242238219463160
 280000231     1.038657518328171     1.109012881673485     0.135701675004773
 280000232     0.316819306812793     0.525673697719369     0.542599298871527
 280000233     0.494230992105153     0.053065261835931     0.615467420956788
 280000234     0.739043606615933     0.367474783370792     1.193716486754388
 280000235     0.452696175015316     0.586978268804874     0.385791935358444
 280000236     0.505502088418855     0.799752889784352    -0.039413084490353
 280000237     0.578293415095648    -0.133880548798526     0.671364240872736
 280000238     0.976839559151401     0.817033069880184    -0.160168109528961
 280000239     0.619053257745303     0.141969097235623     1.023598147483364
 280000240     0.996460961703377     0.546957571888202     1.044775850912321
 280000241     0.123329100825056     0.637256207246498     0.810004737883690
 280000242     0.402261808974441     0.491287884833289     1.148321512024858
 280000243     0.928434580190619     0.913753825893280     0.051703629039082
 280000244     0.305559355574552     0.714266439154258    -0.060648858697536
 280000245     0.618262360612451     0.735733228171069     0.954509600361203
 280000246     0.087280394951055    -0.071257220308969     0.267330499922889
 280000247     0.110055655024186    -0.001957690072288     0.865926012470591
 280000248     0.474170611725027     0.028752022197731     1.293051087151643
 280000249     0.505795864983462     0.773234037469807     1.092604908991168
 280000250     0.661774231444694     0.344769177786826     1.037232715794264
 280000251     0.156305969837508     0.212770229417239     0.372964036986778
 280000252     0.363720762792887     0.114872826593678    -0.090883985330383
 280000253     0.918703796199622     0.791288050813516     0.853302859257886
 280000254     0.346216785605595     0.646986193696588     1.171068653612102
 280000255     0.745195148006677     0.281605887881112     0.497523255280247
 280000256     0.189255545868581     0.485809911271392     0.040327282405187
 280000257     0.301830013242361    -0.191585326433893     0.550523994464547
 280000258     0.120455048350686     0.282071964523144     0.260337419125501
 280000259     1.003014231068897     0.565218094452432     1.055115316896980
 280000260     0.294626593625483    -0.105014056736500     0.659110958041298
 280000261     0.569033126810492    -0.030443415287292     0.080376993704750
 280000262     0.532466954155811     0.451957598118405     1.113748130403452
 280000263     0.063625218076095    -0.102279182656663     0.251651334037086
 280000264     0.065719315996873    -0.087983827303982     0.229217920323014
 280000265     0.249618770811196     0.239295886688134     0.210892098381962
 280000266     0.156404085316505     0.020248516298661     0.592859218985997
 280000267     0.123397683868159     0.644860353296274     0.764754894747706
 280000268     0.206692827639570     0.194750422510078     0.716258776595521
 280000269     0.860435918211628     0.771020318195575     0.176584506743781
 280000270     0.223381395045708     1.016003935130479     0.976904454565384
 280000271     0.037335268554310     1.043379553059754     1.237244852709951
 280000272     0.794250527359846     0.564604095011141     0.997729437783819
 280000273     0.695337066562256     0.078908223117398     0.558739839322719
 280000274     0.604999218373345     0.231368077746881     0.998510376515919
 280000275     0.571396657227740     0.832120107741727     0.428565173934981
 280000276     0.294507579746531     0.735332975053065     0.304933570239305
 280000277     0.443261341664784     0.062733417794095     0.683660822306532
 280000278     0.775418486286755     0.897426367360111     0.756115723296530
 280000279     0.172633338126993     0.664807624314678     0.780131821581756
 280000280     0.106358278764288     0.719896908145186     0.293527620083033
 280000281     0.316163181466386     0.174006200317121    -0.030650874685868
 280000282     0.173788926829416     0.678630065160154     0.812757980860171
 280000283     0.146555952449330     0.648771114498167     0.792382604343889
 280000284     0.592771046615242     0.663570509393011     0.971867534852170
 280000285     0.751905599968156     0.740644560605813    -0.059717663964651
 280000286     0.963468117869499     0.984698992370102     0.132888990946557
 280000287     0.396373765557246     1.144326273911624    -0.084541377546755
 280000288     0.462029193073802     0.307499481327001     0.947397613390606
 280000289     0.951815872723660     0.584721322939471     0.993766192559527
 280000290     0.990196313240079     0.578248010757942     1.105194696811558
 280000291     0.602890983022483    -0.094810489062692     0.492992688255075
 280000292     0.780174843252106    -0.096011187466613     1.152478744074953
 280000293     0.688756491831979     0.759391303365342     1.016313425961544
 280000294     0.981124526096519    -0.121346832035198     0.965349035691320
 280000295     0.616440026544414     0.674993129783252     0.956459695396607
 280000296     0.648459512570546    -0.091273007807036     1.167058402044401
 280000297     0.350864986682513     0.097573055364705     0.856666450208080
 280000298     0.924649043530582     0.941943493380379     0.684415416017995
 280000299     1.089042593766108     0.381050783928761     0.573788473922994
 280000300     0.267624537653915     0.573594122089212    -0.117671685849268
 280000301     0.930024541010171     0.489397057871456     1.001761198953620
 280000302     0.394876340740921     0.113922605851210     0.969907077297660
 280000303     1.031011389663587     0.247639249602234     0.481773376740316
 280000304     0.300322454635812     0.168433245730660    -0.183592158275015
 280000305     0.374494247403453     0.013857389685929     0.728981626013081
 280000306     0.874270570789776     0.297821296798239     0.325282031501268
 280000307     0.616770108013651     0.723776226132036     0.436179129513452
 280000308    -0.085795819652513     1.125570661454038     0.835603294902474
 280000309     0.786048153922024    -0.157169679633082    -0.229648724831757
 280000310     0.537683349162083     0.397971121554833     1.117172919747241
 280000311     0.432831044084615     0.641964094037254     0.579859508863854
 280000312     0.581235308753484     0.678418255667118     0.987210136295374
 280000313     0.210053788594308    -0.172586988062639     0.353389179446639
 280000314    -0.004614968469656    -0.077083679208845    -0.203777926033964
 280000315     0.870586282737692     0.281845366610071     0.389206508377600
 280000316     0.262994689317539     0.971943026124075     0.198113505564770
 280000317     0.988784542396389     0.955536037016357     0.143789952272313
 280000318     0.470723055593816     0.756339687871967     0.443826575808387
 280000319     0.616563308845693     0.277804616818705     0.304470583520047
 280000320     0.612961433501902     0.693447221761312     0.442775037264801
 280000321     0.240171868855346     0.010008399956353     0.564224752183651
 280000322     0.500633928127280     0.570556719295004     0.477316277575771
 280000323     0.898670119109897     1.151232116250235     0.092876775685697
 280000324     0.819233101365189     0.692689221853843     0.270092059099513
 280000325     0.605981264480884     0.512631934349208     0.989705589871118
 280000326     0.732985827570187     0.705829095842871     0.825415604539166
 280000327     0.749205747774112     0.881341905368183     1.237102081991655
 280000328     0.643129664555834     0.560427813560966     0.951465932777952
 280000329     0.251146450356423     0.324199362001833     0.926383719285282
 280000330     0.066978022865724    -0.105333691579968     0.244468377027909
 280000331     1.052267127906034     0.806676530599020     0.988215540749830
 280000332     0.702083867878840     0.320884054101665     0.447015915101597
 280000333     1.066834754712900     1.023821403764624     0.541408302485685
 280000334     0.908630791652267     0.582686712371398     1.094925086598256
 280000335     0.158147153049870     0.641619215094458     0.753290827288354
 280000336     0.404741836446009     0.110885011615850     1.180747320592008
 280000337     0.584915221924992     0.504412324056572     0.136167713310458
 280000338     0.989232221217000     0.566944398841209     1.119964480581574
 280000339     1.091555997348452     0.205415778108907     0.863782448518405
 280000340     0.148776065265720     0.148262339347300     0.521786750641519
 280000341     0.158874214978664     0.637934135148927     0.778603778930609
 280000342     0.714149418184263     0.280225711490961     1.146409985760129
 280000343     0.227738368993939     0.808959421096371     0.472748238000958
 280000344     0.062741596186200    -0.071621228345965     0.222112889130394
 280000345     0.742156735647879     0.567765485671054     0.819572945070728
 280000346     0.845903278739763     0.984052919203611     1.199951498875841
 280000347     0.103344822345445     0.826363146446802     0.054963297274610
 280000348     1.052434364126573     1.144217268724384     0.377050550198721
 280000349     0.134352407930431     0.619533310125757     1.199700825461345
 280000350     0.505345788586587     0.032388111638859     0.416545197652746
 280000351     1.097580439134995     0.252156887068819     0.835740695683787
 280000352     0.713978013861133     0.532150299697403     0.370875115373596
 280000353     0.053034625056040    -0.086119202813055     0.262761324071157
 280000354     0.841710283554678     1.088912231635915     0.637699631247273
 280000355     0.728855095934358     0.679775722174269     0.785702905047843
 280000356     0.801440343628278     0.929837095485731     0.504881748879328
 280000357     0.023778181606264     0.831577087074494    -0.018429992694154
 280000358    -0.090461134425721     0.784413107289470     0.541130459668696
 280000359     0.398083137203669     1.114925213403535     0.132051588088642
 280000360     1.091318936518310     0.763307986532905    -0.122341018683355
 280000361     0.951141675749188     0.291706818816910     0.492775459889881
 280000362     0.702789711399936    -0.141338952500080     0.890534449023659
 280000363     0.725942497468584     0.274800334413316     0.561439057010810
 280000364     0.684356113355096     0.389321499553976     1.165803298063411
 280000365     0.758163645257897     1.028874940255156     0.015309036895109
 280000366     0.907663454974907     0.542016567279285     0.991696239802699
 280000367     0.668071339909239     1.174774102377905    -0.069250364540684
 280000368     0.927679503914592     0.903533919021668     0.744653109628696
 280000369     0.375422302964302     0.387337436622015     0.045452054025811
 280000370     0.028405487837270     0.919138939325490     0.880669813204912
 280000371    -0.010011288337713     1.128962967344430     0.689030734673196
 280000372     0.386917538445616     0.074961405389136     0.827123972333595
 280000373     0.925393020589922     0.564984632883588     1.028305928677008
 280000374     0.674567632208407     0.252453346389181     1.186712485686228
 280000375     0.575791282566892     0.683747558293106     0.931465302247590
 280000376     0.576478224240490     0.752452285201459     0.358125651820576
 280000377     0.527184842997793     0.459660735139945     0.394065586905092
 280000378     1.007980349115170     0.475219137228815     0.789443136224398
 280000379     0.802843662776689     0.762394337312493     0.252973835366827
 280000380     0.885530700949467     0.816672685774119     0.000251017636402
 280000381     1.094867903008179     0.995911386073761     0.626046849452262
 280000382     0.533627865670915     0.580207159285872     0.560877781359337
 280000383     0.059097019194235     0.448407785628333     0.617928404126033
 280000384    -0.049305562790898     1.035046989473100     0.116642813223853
 280000385     0.139979772777216     0.637766094604640     0.805126071136872
 280000386     0.493761947539845     0.470447475294696     0.691035239144574
 280000387     0.743314938807490     0.613483863045487     1.104880592990879
 280000388     0.363157515192234     0.917438161171505     1.199449393065696
 280000389     0.523708875094913     1.060809430974034     0.704478504187915
 280000390     0.203884822059650     0.012003757736141     1.197657572684728
 280000391     0.962128594209436     0.614682222045819     1.040400130743379
 280000392     0.572313983841760     0.687288390255747     0.942687161077489
 280000393     0.434004952645566    -0.091063047158852     0.686206157036933
 280000394     0.735060384640154     0.954455830144631     0.232168280209036
 280000395     0.739075624181319     0.350178504645282     0.823049841806855
 280000396     0.033413200312191     0.052891868694836     0.453021049967411
 280000397     0.525877577546479     0.434676818759619    -0.039947962517146
 280000398    -0.061463499250169     0.434064878456313     0.816195048470241
 280000399     0.414641106547204     0.250233916702782     0.847129716949398
 280000400     0.148647502979648     0.655543822777182     0.767921621569654
 280000401     0.508217089441080     0.240794058133313     1.065890765576304
 280000402     0.596328060085534     0.726666035104679     0.942767869699496
 280000403     0.786955648018389     1.017625319347623     1.145386663663529
 280000404     0.299227947724048    -0.027436672920433     0.734565166268990
 280000405     0.305036756186215    -0.005272724596618     1.019546193281403
 280000406     0.650024826049792     0.155665708583906     0.774113678550174
 280000407     0.411396344481471     0.713435665601691    -0.216348415903433
 280000408     0.729631653195115    -0.182297928777646     0.480873893654347
 280000409     0.552711348087901     0.737611085395314     0.971385277644393
 280000410     0.936844785903372     0.550871270000430     1.088917487366595
 280000411     0.408662740507697     0.119007477718641     1.251405721702487
 280000412     0.578921207293344     0.726800314265756    -0.114000457137903
 280000413    -0.069649941341158     1.041459635283829     0.033741826701570
 280000414     0.330600225538485     1.013136838038929     0.629489224572159
 280000415     0.418201544420818     0.088182861109122     1.127236538641304
 280000416     0.295987994110773     0.224204405411873     0.458972140060863
 280000417     0.500589598406973     0.425785623784950    -0.218392539460901
 280000418     0.267100034346169     0.671078500330409     0.568013959471365
 280000419     0.297182187659808     0.293217790955462     0.368176980753259
 280000420     0.281493677717140    -0.186378867942205    -0.053830983218622
 280000421     0.415087657002516     0.014409578973795     0.583693335142084
 280000422     0.492624027845737     0.030075229783061     0.969728586562122
 280000423     0.410926672321349    -0.029589791020775     0.001484208975709
 280000424     0.669101899564285     0.133529090780631     0.506841126489770
 280000425     1.069467784508852     0.629810853277964     0.915075136551345
 280000426     0.720233640373601     0.256630538128815     0.982194940642979
 280000427     0.368440808698394     0.155275492379486     0.552047973737603
 280000428     0.363091087746939     1.104971118962745    -0.063855795517141
 280000429     0.747104673866942     0.284098449155251     0.389165645803878
 280000430     0.240956414361293     1.194317010109235    -0.193452938695675
 280000431     0.807370489452698     0.015842151860970    -0.294874106280267
 280000432     0.252680961389946     0.339895300679461     0.141763750519884
 280000433     0.874068584701105     0.917962199464621     0.165493749035788
 280000434     0.958404448817875     0.527049739352499     1.058678700998175
 280000435     0.183312150017904     0.706194044698262     0.560155751940608
 280000436     1.037776250756588     0.758242254020036    -0.140228942320158
 280000437     0.063404458862681     0.206593490767515     0.329929608524359
 280000438     0.466909670571828     0.420630027885282     0.795175565392846
 280000439     0.739309737732256     0.759718068205217     0.587833876820263
 280000440     0.982914508379675     0.465836356567059     1.004226678231601
 280000441     0.138301390183361     0.669647394753745     0.787071493318865
 280000442     0.185289616306529     0.052273018484506     0.645922930206393
 280000443     0.346046393231439    -0.102210925885750     0.783704638139187
 280000444     0.557702549743046     0.020742561963619     0.716482251405278
 280000445     0.372936753183034     0.005037123468969     1.181224982652797
 280000446     0.817345742699170    -0.128353742939113    -0.115802164513846
 280000447     0.819675509897164    -0.120611508274968     0.393670887870641
 280000448     1.031748018804632     0.290464903598081     1.083250792515160
 280000449     1.025315433996320     0.345311824057911     1.036212635355863
 280000450     0.412625027664862     0.003802950090308     0.800853661966047
 280000451     0.110883290702864     0.650373153989810     0.776378229144421
 280000452     0.335641730850027     0.148546215041705     1.066469294556259
 280000453     0.529440528886987     0.321306088053460     1.029537301153916
 280000454     0.414232004153364     0.544563015919130     1.251924415089375
 280000455     0.309965035681220    -0.038355201971842     0.515742129793774
 280000456     0.951186930622270     0.613411985285645     0.463515243666895
 280000457     0.894517671675812     1.059084084670679    -0.047464006737581
 280000458     0.148657351371134     0.652384009318283     0.808242225457000
 280000459     0.811191972867109     0.915992609192050     0.778801713713209
 280000460     0.939082197561170     0.691186291442313     0.962621097738544
 280000461     0.341362872884204     0.031781662720631     0.568345278079271
 280000462     0.195398497345418    -0.078567184765028     0.511836798215812
 280000463    -0.098356486418962     1.013845323137122     0.469533524664080
 280000464     0.232431034964227     0.105936754636315     0.551776986837299
 280000465     0.005553670833353    -0.194615903216290     0.752981156957956
 280000466     1.024981244848979     1.088699293016322     0.856098392742955
 280000467     0.338342911118938     0.616291309846738     0.097639656743793
 280000468     0.876816501275334     1.197141015752052    -0.084258632848982
 280000469     0.396542351180369     0.058411051706552     0.751413352041555
 280000470     0.510242189378815     0.104714751358924     1.035014413325476
 280000471     0.651810142630096     0.495167851484622     1.203937009410695
 280000472     0.254861504939287     0.633487588530481     0.475227202397838
 280000473     1.002140553510324     0.617508777444737     1.080398620136996
 280000474     0.576697148381634     0.005688125643519     0.684952751846861
 280000475     0.511089816981875     0.128282468146355     1.141422920725187
 280000476     0.970877475217553     0.766841319244678     0.711512373430257
 280000477     0.576260043769607     0.960353962330178     1.235891251951461
 280000478     0.563494055950023     0.902367075196043     0.107632660479958
 280000479     0.416713333107791     0.012229608216504     0.614183623342789
 280000480     0.611003226330203     0.361513440860244     0.442240247938534
 280000481     0.094115537953685     0.645588749368388     0.770118275649268
 280000482     0.567302655573223     0.701487707584374     0.929594053215307
 280000483     0.678239854191325     0.439255515351714     0.829995619338506
 280000484     0.381778172890604    -0.020228813115104     0.980092877344970
 280000485     0.552778048150841     0.006402832683672     0.260516050480082
 280000486     0.694905886644598    -0.146410445913885     1.117452841968670
 280000487     0.603722026789184     0.027318274615173     0.567464158892909
 280000488     0.348557901692964     1.119073674028130    -0.240037431265099
 280000489     0.796876992204723     0.745327052174502     0.063000711264113
 280000490     0.469475910473043     0.121716222036302     0.827597868876864
 280000491     1.005186540722784     0.448363089846706     0.168920162398077
 280000492     0.441007565508954     0.884541485897366     0.972024638161051
 280000493     0.130059224511781     1.111943714210835     0.859011215390316
 280000494     0.162500112723713     0.073427921649743     0.371978993909259
 280000495     0.159187829744468     0.646777200594629     0.770947593407786
 280000496     0.671072339743617     0.475093670262115    -0.149385500372093
 280000497     0.197312116154584     0.663076744763743     0.750927182587525
 280000498     0.829702988768222     0.370115293030321     0.389741148542254
 280000499     0.836358609552117     0.256518855072355     0.430537594305551
 280000500     0.083008886856620     0.985377900088851     1.275203561506873
 280000501    -0.035069701280342     0.042391787439930     1.296346064261922
 280000502     0.576537488791314    -0.078923907866524     0.700987087783624
 280000503     0.056067474840524    -0.069833928055065     0.259209017818649
 280000504     0.571016497272425     0.710840102604947     0.931789539154495
 280000505     0.526014354591360     0.643688429389014     0.537358410342678
 280000506     0.402527059871811     0.750357942969633     0.200822063073471
 280000507     0.000757460653173     1.157133426413800     0.164568017619075
 280000508     0.395384052487057     0.949141774639145     1.109336491481030
 280000509     0.785585041941107     0.498304344964794     0.453479418455741
 280000510     0.357337646499392    -0.022055928763594     0.944636047266124
 280000511     1.096952124664261     0.477747364920351     0.514935589859086
 280000512     1.048028477007196    -0.022310857695000     0.887974707654945
 280000513     0.709167071237041     0.022829142750442     0.585687307959646
 280000514     0.280149006198087     0.162998803926540    -0.015368440122379
 280000515     0.650321311737881     0.308295095508673     1.074324750266939
 280000516     0.618687932050626     1.060954926046979     0.432412590146345
 280000517     1.033835306716882    -0.091280014096424     0.406069843694855
 280000518     0.056963227466398     0.474838156380033     0.827841048445583
 280000519     1.040328522158239     1.137492572174966     0.742233517846383
 280000520     0.951784560429397     0.883527104953425     0.188010068999916
 280000521     1.005826187542273     0.937344349024162     0.662904058310387
 280000522     0.469863042809094     0.717979626356262     0.547961913294316
 280000523     0.489678787804788    -0.078282043728699     1.005848923018615
 280000524     0.494893352313387    -0.094058577101991     1.242700240290177
 280000525     1.096506801817278     0.865203132109026     0.824243754562864
 280000526     0.559024048077765     0.730946788592270     0.981487142578013
 280000527     0.953992546699279     0.080472638439543     0.444346022241100
 280000528     0.482499757048216     1.183169701211451     0.664266666328340
 280000529     0.598384983691186     0.714020676769449     0.971503324593205
 280000530     0.839825084596257     0.934289055797611     0.075503212519314
 280000531     0.810267338885785     0.194769900493432     0.519278868379054
 280000532     0.672623776032555     0.111740504470187     1.044359528934752
 280000533     0.706943662587449     0.444711500455223     0.707111945694592
 280000534     0.504401995309181     0.127380434666111     0.719148001344390
 280000535     0.770700502098780     0.152887192159098     0.064206516925370
 280000536     1.039063909826635     0.860972959226933    -0.071780623312006
 280000537     0.323403882513405     0.254831237123192    -0.096446887296146
 280000538     0.659628788154677     0.289316809279669     0.707782367829047
 280000539     0.106754912823568     0.450470417951595     0.947925511379726
 280000540     0.567366715831127     0.718118026184048     0.949983943744121
 280000541     0.430945239626664     0.779145872492695     0.544062230966759
 280000542     0.797121015927799    -0.049043728314501     0.545497252220876
 280000543     0.323590758897153     0.548760975918399     0.108333092826508
 280000544     0.803613742461229     1.038794737435253     0.629644373144362
 280000545     0.370624672513248     1.075694254707885     0.385453798207165
 280000546     0.953192772694580     0.751802535115076     0.230669369397395
 280000547     0.375615343143700     0.123077831890593     0.006154394689981
 280000548     0.553091985000542     0.321771895950220     0.415815056193105
 280000549     0.045150081717618     1.147652772528734    -0.037295852998358
 280000550     0.869282621483168     0.407615132040168     0.714917156341326
 280000551     0.782789646720533     0.372415096262776     0.387697953051024
 280000552     0.355054709137443     0.124659370760232     0.854594477382145
 280000553     0.499236973664558     0.673231183414260     0.237992497905120
 280000554     0.680826584607205     0.288087451218084     0.905518133970203
 280000555     0.659677769619600     0.623619142736160     0.666310787770317
 280000556    -0.094810376683455     0.888113331404825     1.037300558980067
 280000557     0.208233447092647    -0.046226046613001     0.948497791076187
 280000558     0.678615843863702     0.036677808434906     0.442510608457801
 280000559     0.133218783432130     0.637847742992419     0.772201655801460
 280000560     0.316608295131714    -0.114301423618203     0.610986324776467
 280000561     0.748663496080372     0.603581555769103     0.376085478893142
 280000562     0.609247444394075     0.660958693227652     0.401828791606387
 280000563     0.909883643576975     1.023047839750122     0.095818254682369
 280000564     0.106382920425256     0.287386941621459     0.285864324222490
 280000565     0.714159412573380     0.541684296590233     0.651553883678170
 280000566     0.064959263226902    -0.105452797175790     0.251479415336333
 280000567     0.320897237085773    -0.023814469756560     0.731338886053562
 280000568     0.390373335514034    -0.051079660739566     0.744287364859212
 280000569     0.961532127187848     0.544732325552669     0.980523439637404
 280000570     0.421425928146439    -0.047717949786036     0.459882457618990
 280000571     0.050059600237809    -0.109367229228792     0.230152807117492
 280000572     0.508845677605935     1.011960279217278     1.081268151512386
 280000573     1.001730396302446     0.984031639340865     0.562042630507587
 280000574     0.797697574047973     0.230723316046742     0.972068586908877
 280000575     0.487760528409923     1.180057012613327    -0.068086107359964
 280000576     0.253227599706225     0.233877338668416    -0.097321646530279
 280000577     0.758880052841528     0.579173936309513     1.059198084678716
 280000578     0.389598605883607     0.570973713614884     0.591996451052192
 280000579     0.026238339096966     0.895015462135266     0.701673467446547
 280000580     0.683190865996959     0.803286079118642     0.919524864900129
 280000581     0.193007282448616     0.091539387021687     0.765514554863628
 280000582     0.812896725842296     0.220114145028002     1.229543521163441
 280000583     0.336345651423056     0.675951327981388     0.443739267880861
 280000584     0.895320552155195     0.566721555227644     1.299063222275156
 280000585     0.142243009490086     0.664407090964886     0.795685875741921
 280000586     0.476822309700755     0.691887591314370     0.106330686708469
 280000587     1.080627587462897     0.792406500220690     0.477591022733859
 280000588     0.657828773608152     0.917068865919258     0.297278971282176
 280000589     1.076812376506241     0.206829653696802     1.015842399947617
 280000590     0.830671870318352     0.061648535975743     1.160239456546611
 280000591     0.212916802094870     0.077925294441558     0.559254930966548
 280000592     0.464248549316650    -0.096824714610254     0.709339179630030
 280000593     1.004983665217255     0.019984593820272     0.814454167009105
 280000594     0.356607390779344     0.150771457053890     0.928229212117258
 280000595     0.471520121088284     0.432057368793334     0.502146074251109
 280000596     0.712948170213909     1.086146569577242     0.055311396892871
 280000597     0.690020642680553     0.916088582707993     1.055980001999851
 280000598     0.694056924378550     0.249053431998339     1.068484592257690
 280000599     0.362191021220070     0.013131817387311     0.562647789064676
 280000600     0.562481751957515     0.709380857502650     0.929850786334595
 280000601     0.516822678413321     0.270833900403162     0.540630444764209
 280000602     0.432853909968395     0.559256173840728     0.420006051500620
 280000603     0.177997140921699    -0.014933220164142     0.362132795300240
 280000604    -0.035501536945115     0.238278747565801     0.456748254231034
 280000605     0.101812568719983     0.958736292885494    -0.116921705948653
 280000606     0.501209739294207    -0.159584241242549     0.513408200500325
 280000607     0.269374953347778    -0.004048245588406     0.715443519004075
 280000608     0.499827107883267     0.011543876580063     0.597665035053796
 280000609     0.655615540348111     0.475767135348165     1.262398847518657
 280000610     0.371611548730335     0.147114226614777     0.690209483192264
 280000611     0.391861790903037     0.219043519802802    -0.065098943481787
 280000612     0.450332563544636     0.953326391531978     0.178302372496463
 280000613     0.916202569059417     0.555881402245358     1.048111451756146
 280000614     0.117418321524613     0.874808001596536    -0.147256613689275
 280000615     1.024809864333139     1.019836675895662     0.171652075547218
 280000616     0.670577541395778    -0.072678039828262     0.756501450122783
 280000617     0.975950210620965     1.190096558500710     0.965718381031028
 280000618     0.127834605075420     0.675356006975109     0.775365854614200
 280000619     0.050004781992997    -0.074177244191259     0.247905626196457
 280000620     0.287752510903317     0.131195917672547     0.742664661984355
 280000621     0.834962814654552     0.449666636765394     0.291258985226151
 280000622     0.972365993083724     0.521047122348080     1.045768210010050
 280000623     0.135179603931379     0.658531217687994     0.748437681538415
 280000624     0.268125418992320     0.252877262552068    -0.034680548674660
 280000625     0.512308187053433     0.983544267341351     0.419861751334877
 280000626     0.555199203550216     0.644957359298493     0.199206700215679
 280000627     0.822219008511197     0.223311856679052     0.356173592280349
 280000628     0.708630430635270     0.224577427903102     0.409029708671626
 280000629     0.597415981770948     0.736378381961566     0.384718702078585
 280000630     0.038892916209030     0.652671614065144     0.425029392326338
 280000631     0.481024199254761    -0.062914211496033     0.069985591833813
 280000632     0.696622944856680     0.064062976151741     0.465169620786374
 280000633     0.712075025915936     0.970149383616709    -0.200897146406873
 280000634     0.801860019111934     0.598301324685847     0.558498532471711
 280000635     0.873440855515858     0.291889673226219     1.079074680985002
 280000636     0.444428978940722     0.370726594085344     0.828164686680065
 280000637     0.393441980075969     0.576580423638419     0.898580688401448
 280000638     0.944336267716344     1.090696722530368    -0.186748169739159
 280000639     0.182691931805349     0.651366578502490     0.824630061709187
 280000640     0.457171039737918     0.020810558484937     0.491135474528408
 280000641     0.360386478978988     0.331630540000782     0.928269993975301
 280000642     0.582956726561740     0.645754063436850     0.018949638913239
 280000643     0.606419566137729     0.750201599241156     0.921874158811476
 280000644     0.220329882653517     0.695948840189784    -0.150937275327653
 280000645     0.095733063191758    -0.098985891386925     0.254430349206123
 280000646     0.373295628358962     0.162109466797146     0.826603687518019
 280000647     0.558990792379119     1.142850979027733    -0.235185786827167
 280000648     0.981876374126407     0.836223564961408     0.674646297805528
 280000649     0.530744723681229     0.677164843638067     0.967535480012517
 280000650     0.996869554557754     1.172888869962763     0.835765578310699
 280000651     0.080336845448546    -0.057215129611696     0.743958204787293
 280000652     0.065870961559761     0.230836647857745    -0.044761144640331
 280000653     0.441141593197734     0.772431941896127    -0.139536426265185
 280000654     0.314601626537749     1.140949078396559    -0.201529053810019
 280000655     0.597272039204345     1.074371283493005     0.287444332986257
 280000656     0.233756119788120     0.164660875550688    -0.107446372015906
 280000657     0.946463924101242     0.524166547157805     1.012298982395910
 280000658     0.603230912538912    -0.179367233199043     0.732359637961228
 280000659     0.099660503260537     0.123002548470398     0.032856149904979
 280000660     0.886825595628605     0.000586434243110     0.454193423189409
 280000661     0.315338558646964    -0.197197814737676     0.768566612605875
 280000662     0.292059320118940     1.078476209817723     1.022767499942354
 280000663     0.521003936315142     0.428684249871291    -0.290880182007703
 280000664     0.112148111150704     0.661035857017341     0.809664317521393
 280000665     0.034436803268416     0.441499422196383     0.176133918546205
 280000666     0.420925106197773     0.209408555026735     1.026435191162732
 280000667     0.926653824225214    -0.106305669729515     0.157572744547498
 280000668     0.152430264518750     0.652508433789957     0.824730202547588
 280000669     0.688782035830103     0.556691094783840     1.004948591579214
 280000670     0.841083558621792     0.308946925881423     1.116642311788018
 280000671     0.767341161332223     0.066105258386836     0.838585279562709
 280000672     0.026437903611498     0.409394640644990     0.181703755939858
 280000673     0.220346147806445     0.306856245019155     0.110649283714283
 280000674     0.731142411969874     0.173611073959301     0.361688003224755
 280000675     0.586469743856139     0.904394650379870    -0.020486429016758
 280000676     0.824418158732118     0.224523635553493     0.958283439703341
 280000677     0.231431553409058     1.009510942275750     1.016181714701026
 280000678     0.588883668162205     0.682246206774795     0.960900958167444
 280000679     0.562940624779396     0.536364335727420     0.437884103400269
 280000680     0.339482779311048     0.928378837333701     0.778351119773906
 280000681     0.156572938830591     0.656141265521408     0.816374194103471
 280000682     0.425850230941327     0.136216331944057     0.034393526112633
 280000683     0.408009515390795     0.683449766435633     1.163782563835279
 280000684     1.005953208719661     0.806736315219523     1.073568750085384
 280000685     0.274774900218115     0.205243490511583     1.039784827624914
 280000686     0.121518210937223     0.573962943995076     0.221033947529914
 280000687     0.061577879436646    -0.080492199432634     0.246327574933330
 280000688     0.379313106542064     0.182908261963279     0.889986028394621
 280000689     0.238768785387808    -0.037832961790781     0.625438230918987
 280000690     0.584011625715147     1.138819441955174     0.186841448188587
 280000691     0.300642444918921     0.111920450502813    -0.050296806582613
 280000692    -0.090837480405493     0.213449124868116     0.751155671861638
 280000693     0.194895632510502     0.913185004807893     1.026097378359834
 280000694     0.567342259529713     1.187395315151603     0.736217432661075
 280000695     0.510749093441736    -0.179869819470891     0.916411297462239
 280000696     0.873913613207391     0.247710642822889     1.029403035465830
 280000697     0.296821816493916     0.113554526479916     0.927224230142236
 280000698     0.244994014858883     0.208228278927263     0.853044272764034
 280000699     0.590410633366608     0.544966420567824     0.962278684376639
 280000700     0.408512048090576    -0.009859795840439     1.095140216573251
 280000701     0.731233777883235     0.602875649373771     1.227096442933269
 280000702     0.743589021533342     1.040408847920098     0.867627825115892
 280000703     0.614373834204586    -0.154573238737961     0.635818827333794
 280000704     0.677592399270167     0.709075653664083     0.536101478114430
 280000705     0.138664794614553     0.636602460825942     0.793048017768584
 280000706     0.509641862062347     0.284541999426210     1.134800518836278
 280000707    -0.013667092750098     1.166670353446365     0.088709054108295
 280000708     1.069685009769058    -0.090564114969574     0.535855723667187
 280000709     0.094181839429006     0.253238054893809     0.475895900141712
 280000710     0.144867070674026     0.168563418166469     1.268279547096933
 280000711     0.554976562320131     0.644845430626220     0.630340618102680
 280000712     0.326518835433175     0.367948373495503     0.828936430264901
 280000713     0.060029963991423    -0.109486343971987     0.254751196516716
 280000714     0.029540674324516     0.147732956632172     0.333448150658048
 280000715     0.636547243842780     0.409931825221971     1.179117498479863
 280000716     0.817466740147199     0.469328683554315    -0.169350804330649
 280000717     0.473620485012379     0.741280788179484     0.485369946751698
 280000718     0.614961483312371     0.949215960985749     0.992514116891311
 280000719     0.988588149413602     0.502971099777227     1.024396011629629
 280000720     0.901445402086254     0.959280582132437     0.042201503416019
 280000721     0.609551658861323     0.686994771035581     0.933368766362639
 280000722     0.489475011065312     0.214091271385087    -0.090399197544894
 280000723     0.266418527609685     1.125955248568892     0.792386164072352
 280000724     0.227935324756862     0.642509692384811     0.952219690772743
 280000725     0.969151930009657     0.662805789375179     0.698182746869285
 280000726     0.781940995148600     0.495016276867496     0.562691219251921
 280000727     0.265989144622993     1.182914021835025     0.687440136684514
 280000728     0.879502532883618     1.124332675080224     0.031532978430729
 280000729     0.837025627186804     0.488572068103879     0.967176437701124
 280000730     0.835726338701521     0.440428671640024     0.950375974681541
 280000731     1.049784656920000     1.044548859528915     0.023143939211575
 280000732     0.515596094458227    -0.008165394183063     0.731862000392841
 280000733     0.370613682904559     1.129891838778100     0.970530256143618
 280000734     0.718492761883303     0.482690756566983     0.936579740779140
 280000735     0.160794061906318     0.652475109376387     0.790744864111408
 280000736    -0.038839069945412     0.042232149961241     1.115031262534267
 280000737     0.216624782168910     0.177661312633177     0.633446957305612
 280000738     0.144732737914975     0.629406495720267     1.168599518031717
 280000739     0.934208346548198     0.537411760449155     1.024839600945499
 280000740     0.322660982875876     0.124794784571413     1.043301570515295
 280000741     0.602474820513182     0.563429230881420     0.473626254186248
 280000742     0.377614923913897     0.058450515003085     0.629171701527247
 280000743     0.410471598192753    -0.010245187853054     0.911632355529957
 280000744     0.624658551957720     0.338426752052288     0.040106749652580
 280000745    -0.083942202587608     0.219386706264820     0.969214287992491
 280000746     0.490988889471488     0.665020374449709     0.610764630672579
 280000747     0.545319861282584     0.648147511204151     0.361565079568084
 280000748     1.091327059337388     0.042005009021433     0.994406768565193
 280000749     0.970309946045674     0.477704391522295     1.062877516840816
 280000750     0.182824894123474     0.945083908607274     0.353333096685401
 280000751     0.446238106392746     0.304285475231411     1.004243699304935
 280000752     0.710077998744908     0.574317513140741     0.293323413029666
 280000753     0.790001367527294     0.503651620910256     0.397524895082678
 280000754     0.662515919094503     0.109295226257632     1.184882889868033
 280000755     0.056143633227926     0.747057028430696     0.051160235880981
 280000756     0.078142305011045     0.192233713637727    -0.223747343444385
 280000757     0.555326168557680     0.066547818007674     0.950309142748763
 280000758     0.135044249239551     0.140851526407365     1.010442522063152
 280000759     0.560602110824175     0.370379364300465     1.137438139199551
 280000760     1.036029506970795     0.977198749577885     0.456221143967487
 280000761     0.811870552016505     0.791662398687969     0.428184018641193
 280000762     0.840627914709125     0.532053167456354     0.442270812449645
 280000763     0.069645128760106    -0.093954879121805     0.251984264135949
 280000764     1.096391978555230     1.153746432351044     0.047859168895839
 280000765     0.905349564469579     1.186668293079629     0.084415996059915
 280000766     0.528643700625885     0.673996724162379     0.967454135895031
 280000767     0.060323064330533    -0.093982998026211     0.268714479479048
 280000768     0.043565538699868    -0.088377355462299     0.242004892294768
 280000769     0.255340478030567     0.476170370454578     0.746284719275392
 280000770     0.562173960608308     0.715690812202300     0.948958930755753
 280000771     1.019937328008718     0.754331590539355     0.506684609675392
 280000772     0.038791126957770     0.912522588449875     1.076874036207684
 280000773     0.423945033675836     0.413414589821800     0.632080048146501
 280000774     0.117049024274999     0.129519926248316     0.591355843361745
 280000775     0.914496939334222     0.684448972436273     0.557523240983615
 280000776     0.620321198266519     0.713999159559220     0.533427737392433
 280000777     1.092277153073131    -0.155811554653110     0.949922492727745
 280000778     0.079255274120455     0.966603972050385     0.587175345850071
 280000779     0.456646354924816    -0.198091035579843     0.489184168455567
 280000780     0.860898185463838    -0.180479828253656     1.016940356631315
 280000781     0.778467928685472     0.865245965799060    -0.077157219554768
 280000782     0.935281355516375    -0.154350886097975     1.003131622203860
 280000783     0.482549670215819    -0.081009470719228    -0.006850331615866
 280000784     0.599214054060295     0.721797683467700     0.972990741310075
 280000785     0.893068959416933     0.630478564145606     0.227669839218366
 280000786     0.508773586789471     0.732384803346441     0.812720286612636
 280000787     0.160011607759912     0.677516993619885     0.830407512417802
 280000788     0.331835830615922     0.142860161973828    -0.126844214310925
 280000789     0.259896094500067    -0.052262488675938     0.992437374545988
 280000790     0.210286585560672     0.121751135026724     0.536756986317822
 280000791     0.500340812653196    -0.000972860749098     1.281398960259297
 280000792     0.296055088813664     0.110325122843273     1.053738535292510
 280000793     0.275641930868956     0.600704455475742     0.805889155209168
 280000794     0.731924281538556    -0.153727900300461     0.050736427912419
 280000795     1.046658725166063     0.243383688022117     1.158257883594673
 280000796     0.986132494267640     1.107554933378131     0.659460298117536
 280000797     0.729976101544365     0.749828835722147     0.547521878983639
 280000798     0.981571080964009     0.546997708002420     1.051634164294385
 280000799     0.656566028040263    -0.040179270689224     0.552556185479098
 280000800     1.084159380662475     0.847195577720572     1.052715490601068
 280000801     0.682852562978784     0.759990080444357     0.483474601922585
 280000802     0.152285873609288     0.603695302872402     0.771607310128032
 280000803     0.892231625294597    -0.136067326524072     0.657499965572376
 280000804     0.807684450963844     0.289857059331726     0.385538639869200
 280000805     0.136111782509002    -0.058995027756041     0.722591812033465
 280000806     0.766014225874966     0.018462316543187     1.103804688084787
 280000807     0.817752417827435     0.451915932246220     0.407157713557055
 280000808     0.276294335204998     0.133434021184500     0.860285123211555
 280000809     0.639765599465063     0.996549814877141    -0.262674785079878
 280000810     0.333901502810973     0.174836998036640    -0.015641011239436
 280000811     0.741468439258686     0.904414589795816     1.061642645068749
 280000812     0.365955628311940     0.635350680776244     0.092174315897079
 280000813     1.093816623928445    -0.096008823446742     0.349515466139853
 280000814     0.639876379420943     0.067969372794615     0.231669675377446
 280000815     0.631436324551339     0.388345366766865    -0.000913823530362
 280000816     0.704914359749899     0.211710688099643     1.082465307857596
 280000817     0.645318395040275     0.854336718270013     0.402790606030922
 280000818     0.616710752791421     0.692640801897850     1.002075434594487
 280000819     0.730303940581594     0.373795065180033     0.264978690573412
 280000820     0.825490893158476     0.405754180329908     0.374242482833776
 280000821     0.892992920540560     0.975844104497783     0.307465197306575
 280000822     0.963551596119576     0.555524654786002     1.036434801761523
 280000823     0.575752989331717     0.489310199054380     1.017709689041974
 280000824     0.826487184786984     0.584500582428980     0.524203178486961
 280000825     0.282541124763390     0.210736168111797    -0.225267336967429
 280000826     0.859570284731256     1.064769560938627     0.490365983138202
 280000827     0.885877716408496     0.527591040657924     0.341227194850125
 280000828     0.450913376345189     0.141150267439321     0.965122070706949
 280000829     0.958084436067374     0.201235176035045     0.892818777243195
 280000830     0.984920751154836     0.607044057048495     0.035442401815771
 280000831     0.132888901098172     0.679436071454903     0.810627827077513
 280000832     0.132682437530357     0.689649488536790     0.795172575983697
 280000833     0.021599422400076     0.443146996478042    -0.022924269886432
 280000834     0.506785442315131     0.109428284897741     0.535176078443231
 280000835     0.610916465418519     0.244382802202290     1.157289248274578
 280000836     0.572251246362036     0.706596498996666     0.957432195813667
 280000837     0.777011709301440     0.944997847200909     0.014381232797254
 280000838     0.128409235975182     0.627850853132393     0.790403834309587
 280000839     0.611664111519799     0.743820236256734     0.992707787123830
 280000840     0.321777287516622     0.134136514617007     0.562048304794597
 280000841     0.651188349204115     0.041611404477200     0.707929617146650
 280000842     0.690705869709244     0.720817107994625     0.779535839713272
 280000843     0.390803192957701    -0.031938757382047     0.464838650479553
 280000844     0.959846047616157     0.861393465835927     0.236039232223412
 280000845     0.644176016003676     0.315206291014670     0.704952370462183
 280000846     0.525709094914782     0.695220236313425     0.303379136818710
 280000847     0.629500868001383     0.041736572216148    -0.156113744478436
 280000848     0.594023459412557    -0.091081357971668     0.479470096052822
 280000849     0.605636356999873     0.709095204800901     0.928164043920525
 280000850     0.039549087917678    -0.036155443983237    -0.143069429083583
 280000851     0.693805075639619     0.567739702525427     1.152500567551779
 280000852    -0.002819727564585     0.961142760576493    -0.269257575989513
 280000853     0.777630881057847    -0.023940308036194     1.091622648507704
 280000854    -0.081970443700146     0.669418439074476     0.844718273067216
 280000855     0.345970159405187    -0.106831512716664    -0.173030153097505
 280000856     0.575711158913711     0.812361420878943     0.554773436653565
 280000857     0.046177415851222     0.195710878053813     1.226043209579764
 280000858     0.427051321975182     0.197101840236128     1.041267967096763
 280000859     0.148527233065838     0.673235170107414     0.762940363539159
 280000860     0.122935596595043     0.680507665903468     0.784000093602171
 280000861     0.508551359206730     0.545274527322642     1.001572869787612
 280000862     1.094425603094961    -0.178767626634978     0.246915249230056
 280000863     0.381529198759119     0.056065590347285     1.101488079278409
 280000864     0.306002337431113    -0.023858838923545     0.602293949655236
 280000865     0.412555089735113     0.223594988898350     0.703461447320461
 280000866     0.866760468725021     0.488954632490949     0.887078865632179
 280000867     0.305314729736233     0.242156021455899     0.955999882442274
 280000868     0.889609378528628     0.025702180569649     0.158463623382103
 280000869     0.075822606201146    -0.093072196584498     0.238910212152326
 280000870     0.244918952294650     0.032287602464201     1.018972778745421
 280000871     0.137050821811063     0.675710904211051     0.753194711881683
 280000872     0.573022566747091     0.612562464997720     1.000924154100487
 280000873     0.947946620199101     0.967008682344028     0.056242045386017
 280000874     0.849066381079511     0.642768288640379    -0.276121946104700
 280000875     0.854280561456040     0.452398559759984     0.519241869971639
 280000876     0.126774345612654     0.680793291047395     0.765585785232093
 280000877     0.274395376140044     0.190875192183671     0.965474650663975
 280000878     0.787294192185534     0.316455382129508     1.061129075544936
 280000879     0.187929322500162     0.862589645259876     0.609240152075069
 280000880     1.094918405819366     0.175711633661103     0.044562087242923
 280000881     0.219213464099939     0.759827927663910     1.151024774629242
 280000882     0.126330542532782     0.664994133171784     0.768077965619799
 280000883     0.894870319577709     0.340929549004721     1.105054117927401
 280000884     0.987555085403559     0.227223068159759     0.841730377039557
 280000885     0.431931864374523     0.825481993083596     0.569034531759094
 280000886     0.102880504919438    -0.094004162934230     0.262788863913986
 280000887    -0.006449760543442     0.874447983527890     0.598919986250675
 280000888    -0.013088299974583     0.151151450143310     0.465306744006617
 280000889     0.296166598050505     0.839374197495087     0.979538891057067
 280000890     0.571870210992614     0.012953777465258     0.701375750249787
 280000891     0.710646454562381     0.337241607196034     1.050416874511126
 280000892     0.134249666864430     0.648605416948306     0.804013011673141
 280000893     0.407698276465362     0.641853050588863     0.720396861789204
 280000894     0.592012756498284     0.726265101309663     0.968327455492111
 280000895     0.112653011997833     0.420814628047565     0.676000716785415
 280000896     0.136738289202656     1.067462897739196     0.182060353339132
 280000897     0.598598549045317     0.781153021476792    -0.056445724024085
 280000898     0.245069597761248     1.151615072151569    -0.165107835408360
 280000899     0.630646484257379    -0.131956494618602     0.914119963264019
 280000900     0.393907861196854    -0.046813624448641     0.524062485708049
 280000901     0.128934224184548     0.645306911000190     0.762162452248354
 280000902     0.934842006929343     0.540427862166167     1.049783116591121
 280000903     0.157955172492464     0.634331830884043     0.763636744449524
 280000904     0.485447025130764     1.151668068331828     0.881531767321130
 280000905     0.418537609823629     0.248473139297814     1.052981142213044
 280000906     0.464486841287163     0.832641336096511     0.703237203734001
 280000907     0.464006314202619     0.999256143054095     0.203455325686084
 280000908     1.094025518117257     0.474515323832010     1.174324350361627
 280000909     0.697380449366492     1.026383945850808     1.141879363800114
 280000910     0.531099261324417     0.723909017332610     0.532530463795402
 280000911     0.398285734985312    -0.000039145946686     0.988898212500530
 280000912     0.009763192043017     0.955291485051686     0.044737245596097
 280000913     1.077376110262833     0.926174384657342     0.045632596309886
 280000914     0.587485463722739    -0.149478065146149     0.061622682455255
 280000915     0.803392999509500     0.420900896889936     1.024018929292043
 280000916     0.709803628806054     0.296359960804323     0.472819513757115
 280000917     0.320238498432206     0.127984932494671    -0.038120513826424
 280000918     0.560441802811690     0.701428359915899     0.995993008904917
 280000919     1.038273752751839     0.486181249147041     0.136747237219047
 280000920     0.604538158484582     0.074646225912997     0.980651254313389
 280000921     0.595724864707129     0.833638931863955     0.275514037034114
 280000922     0.027250793573803     0.192941760573925     1.150990695421254
 280000923     0.642056174073058     0.530855533673473     0.082312016056765
 280000924     0.811590190342785     0.364987445438555    -0.283842298417584
 280000925     0.335471144178463     0.607148422794764    -0.185606003041194
 280000926     0.585791270371363     0.702450754634276     0.966927028684990
 280000927     0.456665094306903    -0.043634240246904     0.590977305457041
 280000928     0.902510159463391     1.031840963183777     0.052306224289889
 280000929     0.942121561627985     1.089528433923513    -0.013776458841892
 280000930     0.725214084129393     0.301957833615129     0.352450479694571
 280000931     0.174029259288441     0.643570196414723     0.767892344105046
 280000932     0.314630299527430    -0.026511645546859     0.429408922879176
 280000933     0.899406798576403     0.757195470928308    -0.015127834008732
 280000934     0.979015370211981     1.060854110054067     0.115303060699031
 280000935     1.098146293998331     0.617640582297744     0.088773750746777
 280000936     0.586725121737760     0.278577798489694     1.135598488724814
 280000937     0.328229762751626     0.681785986988477     0.531879963291117
 280000938     1.066900043876617     0.964593322582664     1.155791583283746
 280000939     0.423065089577373     0.896314249445143     0.917101676204197
 280000940     0.413256151964994     0.978940077427769     1.183821025733939
 280000941     0.647324040728143     1.049289685971363     0.341901794026030
 280000942     0.589036755942191     0.713336767570006     0.917454571406793
 280000943     0.980126629137658     0.477203061752762     1.056663188886106
 280000944     0.298219972597262     0.211867040429849    -0.077794242398805
 280000945     1.004411466482879     0.700927269246550     0.742862253303502
 280000946     0.805812156000966     0.384832642580317     0.590417652956406
 280000947     1.092506858074372    -0.105660663242741     0.948487042963345
 280000948     0.297559790444661     0.724872468905621     1.149920945748529
 280000949     0.130198077016839     1.119135883615039     0.608962387428997
 280000950     0.488198501182257     0.252564922524947     0.161567456713322
 280000951     0.937323451549156     1.061708196688723     0.045858320991947
 280000952     0.844947066836070     0.830734323432070     0.450000969597109
 280000953    -0.024892367276312     0.096589939420009     0.518741852711910
 280000954     0.623646317654723    -0.021256219694614     0.732300697828991
 280000955     0.937562173793795     1.064580364148106     0.821054805538712
 280000956     0.627507190775023     0.128637676016421    -0.205898733256180
 280000957     0.342268772457640     0.193293578037810    -0.095894229548785
 280000958     0.052879519265311    -0.121895653284850     0.245057507903347
 280000959     0.352432152620565    -0.155933483958725    -0.019079570480346
 280000960     1.037237368440096    -0.185259644053756     1.213353352284902
 280000961     0.307905865985491     0.792149276579974    -0.100851494042272
 280000962    -0.097294970870789     0.893178011272806     1.194721653176152
 280000963     0.075291357706336    -0.077569317927217     0.257850714024699
 280000964     0.382307540852844     0.027225080735854     0.757513018816099
 280000965     0.972476550974968     0.155422758347969     0.470846368599641
 280000966     0.773702736040144     0.784989537247911     0.313906374916727
 280000967     0.090149407369093     0.754471831128340     0.057581008036924
 280000968     0.257198471941246     0.473829038357610     0.169846388990967
 280000969     0.219361913990925     0.021012042348346     0.793645467858165
 280000970     0.302695712180209     0.075935114620008     1.195447475601163
 280000971     0.157131813944979     0.676029623344627     0.803485267995386
 280000972     0.147527205130887     1.018195072961499     0.564764511491642
 280000973     0.507882919807375    -0.119687598237605     0.995325884472629
 280000974     0.497485949443895    -0.183972928197599     0.877215289210138
 280000975     0.944180184518408     0.545191356024073     1.049206143044652
 280000976     0.209653185748918     0.940980614728212    -0.079193280773504
 280000977     0.332202466925500     0.427511694912864     0.561656252649487
 280000978     0.017830303754536     0.317389425610839     0.479855215960914
 280000979     0.464016617988776     0.273122910286276     0.268468554731779
 280000980     0.084319663076368    -0.102066637161612     0.229642656620665
 280000981     0.412741156081235     0.078806884699275     0.248400292753099
 280000982     0.591029904276212     0.502029629815119     0.299417600514213
 280000983     0.482346119953274    -0.148147485376592     0.620101107375612
 280000984     0.877508211797504     1.140504422749373    -0.154637463293556
 280000985     0.599504212694646     0.801968915554311     0.638259793338134
 280000986     0.102495427760038    -0.082579880529486     0.246736973112698
 280000987    -0.036610442157694     0.859006342123001     0.855213347616967
 280000988     0.594070498992119     0.475984217611982     0.359488086879817
 280000989     0.581512888919052     0.737651857610694     0.927425680935912
 280000990     0.153426987608826     0.826097429911646     0.861069269825103
 280000991     0.786237029864300     0.473846820153277     0.602540835802639
 280000992     0.150791674578226     0.688860658394678     0.802022031714541
 280000993     0.378787809667791     0.159943630373504    -0.057084311844985
 280000994     0.322056489813392     0.504276112555233     1.093618789778509
 280000995     0.355281140936438     0.499567817841624     0.137054503526521
 280000996     0.697783430252358     0.607093254898739     0.305705583307140
 280000997     1.042398064480844     1.033590884466222    -0.155258508198836
 280000998     0.878916903233793     0.880954376939846     0.218288766598108
 280000999     0.943585959455035     0.162585133909286     0.599187857851060
 280001000     0.380506199999529     0.087585506025618     1.019889652126898
